  2.500 355.598562316 864.000000000 59.482786398 66.000000000  4.056509200 16.000000000 20.419387007  8.000000000  0.000000000  0.000000000  0.000000000  0.000000000
  7.500 -1307.736476092 16096.000000000 299.799493457 1234.000000000 38.258849146 246.000000000 51.804109971 98.000000000 31.701181928 48.000000000  0.015631746  4.000000000
 12.500 -4991.238389084 52426.000000000 419.084979343 4384.000000000 59.940649125 910.000000000 37.310658494 382.000000000 50.476886506 208.000000000  6.803870613 16.000000000
 17.500 -5341.896066706 110002.000000000 398.913963031 9522.000000000 80.102935708 1994.000000000 -37.607089049 866.000000000 93.417536579 468.000000000 -0.781026444 46.000000000
 22.500 -4016.079228646 179942.000000000 427.604891720 16098.000000000 76.500072302 3668.000000000 -119.178198960 1532.000000000 54.942094734 642.000000000 -0.637521713 64.000000000
 27.500 -1279.212783724 263290.000000000 421.245316917 24878.000000000 68.311638503 5752.000000000 -40.752701296 2266.000000000 66.702777751 1060.000000000 -1.283062734 88.000000000
 32.500 612.424280800 357698.000000000 413.845836067 35936.000000000 43.161063204 8312.000000000 -55.602145397 3234.000000000 53.193935228 1640.000000000  0.465728365 130.000000000
 37.500 549.769839244 455764.000000000 465.002670550 48630.000000000 44.108588198 11636.000000000 64.817909060 4246.000000000 77.338155868 2050.000000000  0.528820303 208.000000000
 42.500 658.874399578 557354.000000000 348.288952650 64566.000000000 48.366775806 15280.000000000 79.207298191 5454.000000000 59.694499275 2572.000000000 12.295420020 262.000000000
 47.500 303.736248519 665322.000000000 321.259550117 82554.000000000 116.432481332 20028.000000000  1.783420643 6910.000000000 41.835158453 3460.000000000  8.994211977 338.000000000
 52.500 1446.308094619 770454.000000000 286.450906422 103230.000000000 154.607837160 25228.000000000 95.278595365 8434.000000000 40.499523614 4034.000000000  1.133233935 392.000000000
 57.500 188.113540768 876598.000000000 286.510523946 125838.000000000 33.624579215 31908.000000000 190.166595226 10078.000000000 74.604455706 4886.000000000  3.344359110 416.000000000
 62.500 1375.910006779 982054.000000000 408.497613537 151350.000000000 49.626743405 38764.000000000 147.326249167 11826.000000000 70.783989595 5716.000000000 -1.802980995 486.000000000
 67.500 891.398386038 1084762.000000000 227.332457418 177784.000000000 71.895435405 46934.000000000 68.272546540 13646.000000000 48.385019894 6600.000000000  9.069666795 674.000000000
 72.500 -142.822056971 1183696.000000000 161.717416760 208842.000000000 124.439875348 55886.000000000  0.631339993 15338.000000000 28.917581284 7370.000000000 -5.332556621 664.000000000
 77.500 115.976510820 1287436.000000000 360.198414459 241642.000000000 99.667142026 65676.000000000 -144.625267236 17428.000000000 41.953202097 8496.000000000  6.075532487 792.000000000
 82.500 2539.178649763 1376704.000000000 353.060888775 276780.000000000  0.998843864 77142.000000000 18.747120596 19544.000000000 42.016830358 9460.000000000 -3.507960219 828.000000000
 87.500 1060.942700956 1470430.000000000 459.811553891 316994.000000000  8.368314650 88764.000000000 129.446885923 21386.000000000 61.527107486 10526.000000000  5.429795896 960.000000000
 92.500 839.553665969 1557818.000000000 91.267114676 355384.000000000 114.252264650 100810.000000000 57.966659591 23742.000000000 36.319159479 11542.000000000 10.600609805 1238.000000000
 97.500 -538.850664060 1641944.000000000 259.951727346 394834.000000000 52.060242150 112566.000000000 117.108100970 25422.000000000 -22.527586615 12844.000000000 13.145735356 1196.000000000
102.500 485.840275212 1725402.000000000 522.489521521 433564.000000000 -75.006043089 128106.000000000 106.289063381 28190.000000000  3.448464034 13918.000000000 -42.457055368 1282.000000000
107.500 -169.157820812 1802532.000000000 258.685744038 476384.000000000 171.478179698 141410.000000000 -116.118261303 30590.000000000 35.465616829 15154.000000000  3.356259685 1488.000000000
112.500 -1111.176227096 1886580.000000000 308.421421089 513240.000000000 36.593027576 154128.000000000 -11.051899927 32704.000000000 59.302918777 16590.000000000  5.005069817 1656.000000000
117.500 1480.809377828 1961710.000000000 337.212579675 554888.000000000 -201.186377478 168584.000000000 171.741049324 35134.000000000 47.937109569 17532.000000000 -8.975915621 1742.000000000
122.500 228.384000853 2032046.000000000 -47.443129657 593956.000000000 42.011428233 180994.000000000 96.001636069 37550.000000000 -34.582608919 18824.000000000 -10.850477324 1874.000000000
127.500 1074.292994406 2108026.000000000 131.063659010 630720.000000000 -184.488292754 193510.000000000 -50.915350173 40436.000000000 10.137106258 20304.000000000 21.347798236 2134.000000000
132.500 177.908225888 2182376.000000000 87.018555306 669328.000000000 -102.148654317 206680.000000000 -114.090323904 42664.000000000 33.272228756 21530.000000000 12.433820474 2284.000000000
137.500 684.957216691 2254154.000000000 126.038814272 705358.000000000 13.313596159 220336.000000000 -90.606549010 45586.000000000 17.655339698 23176.000000000 -52.164057338 2270.000000000
142.500 389.102494462 2320270.000000000 177.645004990 743916.000000000 169.592600823 232434.000000000 198.245115496 47584.000000000 -35.699787450 24278.000000000 -21.172209122 2370.000000000
147.500 1565.048344695 2393356.000000000 -163.157745857 777224.000000000 111.934423245 244732.000000000 53.296336415 50658.000000000 33.150886263 25530.000000000 -13.157690512 2562.000000000
152.500 293.084980066 2459484.000000000 -127.874212078 813966.000000000 -16.482332915 255702.000000000 -211.524406556 52944.000000000 -3.641568575 26964.000000000 11.403964519 2594.000000000
157.500 -1221.719931926 2533152.000000000 -447.843853646 848722.000000000 -50.798916709 267488.000000000 58.977196240 55348.000000000 -8.026746097 28630.000000000  1.274525347 2820.000000000
162.500 -257.701860240 2602740.000000000 39.673143979 883560.000000000 233.419673881 279932.000000000 -156.978215801 58244.000000000 -14.062691702 29904.000000000 -2.240851008 3064.000000000
167.500 -1018.056505364 2672794.000000000 -68.000079846 915688.000000000 285.206512496 289800.000000000 -291.196152828 61020.000000000 51.853956289 31394.000000000 -6.501887087 3098.000000000
172.500 -216.843869270 2740036.000000000 -303.330126270 948012.000000000 -115.592524924 300588.000000000 -20.015043187 62600.000000000 -1.573439888 32676.000000000  5.619752988 3452.000000000
177.500 1179.501008293 2811982.000000000 -131.461810152 981218.000000000 96.471419935 311252.000000000 -43.229777312 65564.000000000 47.307484021 34422.000000000 -3.352511561 3530.000000000
182.500 -712.074968674 2884676.000000000 102.363456991 1014500.000000000 -178.356982466 321754.000000000 -265.548010923 68278.000000000 94.876600634 35526.000000000 10.692514638 3644.000000000
187.500 -611.712848354 2956296.000000000 -311.466674865 1045310.000000000 -78.004867133 330780.000000000 101.952248947 71558.000000000 53.969954854 36784.000000000 10.596827259 3760.000000000
192.500 1166.986819276 3038158.000000000 -624.521873261 1076700.000000000 88.660890350 340826.000000000 459.310575622 73920.000000000 66.793805527 38752.000000000 -25.030073196 3880.000000000
197.500 1967.871848436 3116808.000000000 -14.308892201 1111926.000000000 126.412348997 349848.000000000 20.797561183 76300.000000000 89.128537537 39170.000000000  7.527365791 4240.000000000
202.500 35.300687538 3205052.000000000 257.803160098 1141430.000000000 163.143953631 359876.000000000 172.391691820 79996.000000000 21.040534174 41176.000000000 44.473849036 4416.000000000
207.500 -1284.050467565 3304488.000000000 -600.318618777 1175834.000000000 -213.298089718 367464.000000000 104.102266833 81584.000000000 106.530886771 41846.000000000 13.795823455 4604.000000000
212.500 417.905521220 3404064.000000000 -532.596558442 1215380.000000000 -85.115087061 377686.000000000 119.601781463 85358.000000000 -3.689200672 43978.000000000 -8.025551020 4566.000000000
217.500 165.717132774 3513370.000000000 -76.243431628 1249024.000000000 -11.672245378 385884.000000000 138.583329228 87056.000000000 -95.801232938 45248.000000000  3.394265157 4764.000000000
222.500 -590.174031403 3609560.000000000 -10.369433083 1282920.000000000 -65.948375199 395032.000000000 -75.847049879 90210.000000000 -18.642923455 46504.000000000 23.310744875 4820.000000000
227.500 -781.889100321 3708468.000000000 -628.255181476 1320018.000000000 -275.502814467 403262.000000000 -106.423995668 93098.000000000 89.026250180 47854.000000000 -7.708559620 5106.000000000
232.500 -1040.485994580 3800726.000000000 -161.469933518 1352390.000000000 -134.495879218 411296.000000000 -12.619313471 96078.000000000  8.260868839 49092.000000000 -10.930056992 5356.000000000
237.500 687.133183573 3886168.000000000 -111.686781697 1387912.000000000 162.129972982 421446.000000000 15.236536768 99130.000000000 25.690423952 51050.000000000 -12.406316520 5494.000000000
242.500 664.279397537 3967900.000000000 -95.796847437 1416652.000000000 -117.355317805 430910.000000000 207.104988279 101732.000000000 -30.146158323 52234.000000000 -0.755604963 5554.000000000
247.500 1379.291117330 4043038.000000000 -326.468006156 1451990.000000000 191.216070117 440036.000000000 -63.940797439 103674.000000000 -6.873310968 53532.000000000 21.877500253 5652.000000000
252.500 1731.852028142 4113192.000000000 -685.420629234 1481816.000000000 -48.506501357 449336.000000000 -88.249311895 107456.000000000 -101.818586331 55476.000000000 11.800949058 5970.000000000
257.500 -1230.008551653 4171976.000000000 -677.631130741 1507060.000000000 112.596818827 460458.000000000 65.664347411 109090.000000000 -72.287423596 56746.000000000 -14.455584839 6292.000000000
262.500 1509.679273776 4241466.000000000 142.581036378 1533704.000000000 -252.246158204 469288.000000000 43.793910097 112274.000000000 -51.284990885 58072.000000000  3.377484485 6414.000000000
267.500 -97.635896764 4292228.000000000 -1179.308362799 1557286.000000000 -117.199937163 479944.000000000 -51.484679795 115258.000000000 69.823063000 58704.000000000  3.820663987 6522.000000000
272.500 -525.217433785 4327512.000000000 487.961714507 1582980.000000000 -6.215529549 488498.000000000 66.637108832 118146.000000000 63.233426163 60100.000000000 -26.767372606 6640.000000000
277.500 505.678984442 4374038.000000000 -718.339170840 1603428.000000000 230.295806674 496810.000000000 -207.415946844 120268.000000000 75.144542042 61942.000000000  4.521812583 6774.000000000
282.500 587.127362167 4407380.000000000 -187.607794363 1629148.000000000 42.030581312 507888.000000000 -100.887274985 122354.000000000 19.817013159 63486.000000000 14.454575456 7160.000000000
287.500 772.274416029 4437102.000000000 -399.418986369 1646298.000000000 174.106379777 516238.000000000 -76.959889804 125620.000000000 -40.661857756 65024.000000000 -15.746941299 7030.000000000
292.500 -391.663366744 4459306.000000000 -355.990650028 1666470.000000000 54.476094295 523786.000000000 -133.700489153 127972.000000000 -93.471435083 66336.000000000 -1.675802312 7354.000000000
297.500 1412.759134788 4480426.000000000 -265.623304785 1679170.000000000 11.465350790 533926.000000000 -1.678603752 129758.000000000 23.931208890 67342.000000000 15.043500993 7294.000000000
302.500 1404.348997036 4487886.000000000 344.458349111 1695002.000000000 -193.061423387 539262.000000000 -227.881382678 132156.000000000 66.352514950 69976.000000000 -4.939962193 7456.000000000
307.500 -31.913811874 4499414.000000000 -595.461578858 1709596.000000000 -29.918089492 546650.000000000 -149.631831282 135088.000000000 -16.068023416 71294.000000000 -11.470656789 7766.000000000
312.500 -293.638917586 4502972.000000000 409.867049791 1722268.000000000 147.496324592 554886.000000000 -32.011172830 136488.000000000 -66.469340414 72334.000000000  4.257173364 8114.000000000
317.500 -356.023819397 4505076.000000000 106.706106304 1733246.000000000 -150.262253759 561532.000000000 103.077215863 139622.000000000 25.296714913 73184.000000000 -6.315049417 8102.000000000
322.500 -108.587498057 4499300.000000000 -426.672150671 1749072.000000000 245.330964655 567328.000000000 17.460822076 141218.000000000 -16.124421976 75224.000000000 -31.323851281 8242.000000000
327.500 -462.585669158 4492342.000000000 -466.592324904 1753990.000000000 85.022935049 572534.000000000 212.685432691 143146.000000000 90.098649178 76688.000000000 -4.713482019 8544.000000000
332.500 756.443161135 4478396.000000000 -277.988794616 1762970.000000000 -52.062430562 581238.000000000 -159.610868466 145084.000000000 -186.379956096 77756.000000000 -84.265279012 8786.000000000
337.500 150.663362181 4463318.000000000 -93.520129473 1764338.000000000 -136.488532039 585822.000000000 104.266537202 146696.000000000 50.458874716 79934.000000000 -47.911965897 8978.000000000
342.500 607.934144136 4447264.000000000 -171.218556957 1771250.000000000 80.756169638 590360.000000000 30.136266762 148980.000000000 -74.639544142 80768.000000000 -49.099103318 8904.000000000
347.500 -711.790678113 4423132.000000000 -258.684124356 1777582.000000000 161.184760332 594784.000000000 39.175075494 149440.000000000 -115.331060706 82692.000000000  9.888961427 9214.000000000
352.500 965.161706104 4401356.000000000 -182.007840035 1779626.000000000 88.671995453 598388.000000000 -386.507934211 152118.000000000 60.164681431 83336.000000000 -19.210530996 9374.000000000
357.500 937.213510000 4377602.000000000 207.711574622 1780958.000000000 149.477987195 601656.000000000 -141.635401269 154116.000000000 -75.589980241 84856.000000000 -23.017262840 9400.000000000
362.500 729.074150178 4347972.000000000 -54.783731772 1785818.000000000 -231.827765461 604916.000000000 235.892944708 155490.000000000 -38.867056975 86300.000000000 -40.973449803 9596.000000000
367.500 1242.018067111 4327424.000000000 -9.062303903 1785132.000000000 45.478857561 608880.000000000  1.832191769 157256.000000000 35.446025939 87686.000000000 -7.986155652 9768.000000000
372.500 10.821551834 4287920.000000000 -12.452910863 1784468.000000000 23.160324233 613444.000000000 -135.727172248 158830.000000000 54.597338637 88438.000000000  1.865637428 9786.000000000
377.500 522.627078827 4254936.000000000 -304.366428701 1780222.000000000 10.216721048 614792.000000000 139.043267057 159318.000000000 -180.298738385 90048.000000000  1.889850742 10004.000000000
382.500 -194.071775672 4224748.000000000 -98.322348076 1777262.000000000 -117.037761188 616900.000000000 43.643111583 161298.000000000 -50.519463907 90952.000000000  9.522517590 10348.000000000
387.500 -469.705910440 4185458.000000000 -287.381774938 1770804.000000000 -48.919322233 619220.000000000 -65.065895016 161704.000000000 -58.155671461 92756.000000000 -26.313728857 10456.000000000
392.500 -1616.872108802 4150090.000000000 355.613313135 1769906.000000000 226.712667568 622274.000000000 -134.102817363 161224.000000000 -88.307918747 93876.000000000 -25.596008190 10542.000000000
397.500 -958.239421011 4112318.000000000 -299.067035170 1759672.000000000 -135.378248394 622298.000000000 47.285065788 164360.000000000 80.112381644 96196.000000000 10.545675664 10950.000000000
402.500 -1250.373255232 4075200.000000000 -79.481652470 1758176.000000000 -122.496177596 621078.000000000 -191.670200007 164618.000000000 -27.889296054 96098.000000000 55.647782516 11160.000000000
407.500 161.814444886 4030896.000000000 -106.653854885 1749390.000000000 43.650541054 623702.000000000 224.610434679 166006.000000000 -81.686686860 97378.000000000 -8.404511947 11352.000000000
412.500 -1779.377223078 3993710.000000000 384.501882232 1743270.000000000 -3.281637624 623368.000000000 116.019839637 165664.000000000 -142.646567265 98430.000000000 50.911752276 11236.000000000
417.500 -36.601634902 3948110.000000000 -458.766639771 1735592.000000000 -297.919966860 624028.000000000 -261.194144630 167488.000000000  3.763704042 99446.000000000 -10.866818455 11432.000000000
422.500 -90.309169835 3915374.000000000 95.291405763 1727286.000000000 -145.081088756 622630.000000000 -46.139812703 167256.000000000 104.834096800 100488.000000000 38.811441655 11916.000000000
427.500 -686.049651364 3870434.000000000 39.960883723 1718548.000000000 -254.367423550 624210.000000000 54.609458812 168426.000000000 -92.119994257 101434.000000000 -8.725350815 11790.000000000
432.500 499.849056587 3830698.000000000 470.417962886 1709390.000000000 -284.934262509 624294.000000000 -235.464572447 167668.000000000 56.744762806 102644.000000000 23.769038450 12156.000000000
437.500 732.835893910 3788114.000000000 333.386755135 1702832.000000000 150.897112707 621424.000000000 21.973026493 169730.000000000 -156.659763879 104024.000000000 -52.488018750 12168.000000000
442.500 142.460465990 3741760.000000000 610.909297514 1691992.000000000 52.933927665 622344.000000000 -159.032229662 170368.000000000 52.958335809 105334.000000000 -7.291615819 12434.000000000
447.500 -311.835133635 3695376.000000000 135.601077266 1679522.000000000 102.726082375 621982.000000000 78.096329292 170090.000000000 -73.145191702 105348.000000000  9.513925762 12430.000000000
452.500 29.167366047 3655362.000000000 323.649716851 1669794.000000000 -160.042721544 619330.000000000 -25.231614573 168912.000000000 -132.381913792 105674.000000000 40.065090913 12936.000000000
457.500 -1845.541044821 3613166.000000000 -210.157790499 1661696.000000000 -77.494416005 617776.000000000 27.441757233 169654.000000000 29.730699256 107574.000000000 -39.799641052 13482.000000000
462.500 67.445606766 3579256.000000000 49.924395468 1649966.000000000 363.754658073 616870.000000000 77.454892255 171068.000000000 -46.755314269 107680.000000000  1.644745013 13034.000000000
467.500 -167.699221736 3533346.000000000 97.803615942 1637462.000000000 116.914985676 615372.000000000 78.256792347 170310.000000000 -91.318503392 110016.000000000 -16.067821506 12998.000000000
472.500 1148.104157774 3489190.000000000 -272.515551348 1623246.000000000 133.121629329 613114.000000000 195.364463526 170602.000000000 -85.725861524 109294.000000000 16.715281652 13482.000000000
477.500 -306.352908902 3444354.000000000 -233.172239670 1612120.000000000 -189.053956922 612832.000000000 53.035593288 170906.000000000 -104.702124632 110168.000000000 55.346512332 13594.000000000
482.500 -11.514160950 3410390.000000000 412.997666179 1600912.000000000 105.776251287 609748.000000000 -229.288131510 170768.000000000 -155.296341217 111444.000000000 -42.443858795 13740.000000000
487.500 -63.343586148 3368530.000000000 -162.876001502 1588760.000000000 -145.941895089 605636.000000000 -117.489572222 170412.000000000 21.087552687 111924.000000000 19.223119238 13810.000000000
492.500 116.756926546 3330762.000000000 -563.090277082 1571850.000000000 134.594624478 603928.000000000 -25.001267889 169986.000000000 34.099580117 113208.000000000 -23.285681491 14206.000000000
497.500 924.686548130 3289764.000000000 -222.783597063 1560970.000000000 -98.104324179 602898.000000000 153.317251516 169106.000000000 15.939912879 112980.000000000 22.852784800 14140.000000000
502.500 612.269202784 3250500.000000000 155.209264622 1551406.000000000 235.736769829 598272.000000000 -60.195601212 170136.000000000 -45.048963126 113726.000000000 19.531241458 14500.000000000
507.500 -243.806405151 3207414.000000000 61.129696124 1537854.000000000 200.410190541 595496.000000000 -106.524449746 169132.000000000 42.619940635 113994.000000000 37.922530283 14870.000000000
512.500 -464.630131383 3176342.000000000 -289.792362701 1523886.000000000 215.327717163 593908.000000000 41.119457892 169536.000000000 37.060803265 114568.000000000  6.250819124 15120.000000000
517.500 291.138571825 3137988.000000000 26.302362035 1511574.000000000 -98.830354553 590036.000000000 -155.000589675 168664.000000000 61.348886771 114206.000000000 -11.656837859 15188.000000000
522.500 89.673259006 3098942.000000000 20.204911411 1499822.000000000 -8.886525336 585812.000000000 59.728317179 169110.000000000 66.992769939 115414.000000000 -29.722023966 15210.000000000
527.500 -322.972688170 3063636.000000000 -104.692946068 1483788.000000000 -56.160350272 583704.000000000 75.600522363 167240.000000000 21.700926583 116306.000000000 -28.339147545 15544.000000000
532.500 174.967530966 3027184.000000000 321.969868691 1471658.000000000 17.548425545 582630.000000000 -31.313662502 166688.000000000 -12.745325475 117282.000000000 -19.709519662 15554.000000000
537.500 621.334114317 2989414.000000000 193.810413753 1460940.000000000 -51.332781694 577338.000000000  1.035778035 166928.000000000 -46.748038640 116822.000000000 -12.200896891 15542.000000000
542.500 167.287323523 2956466.000000000 -61.288712756 1445822.000000000 259.176745705 572382.000000000 -174.760902662 166310.000000000 -93.237797032 116678.000000000 -0.051683282 15676.000000000
547.500 1326.489611551 2920002.000000000 -98.106601829 1430250.000000000 119.840756274 569820.000000000 -119.104846679 165742.000000000 65.809104459 117320.000000000  2.468760919 15882.000000000
552.500 -37.196355640 2889564.000000000 -117.619253612 1420046.000000000 -52.606593986 567346.000000000 233.292094002 165368.000000000 -154.996793486 116244.000000000  3.347020335 16184.000000000
557.500 26.111487215 2855640.000000000 -239.016033422 1406316.000000000 -59.656467421 563150.000000000 110.085065880 164984.000000000 -24.850332893 118182.000000000 -17.316354017 16468.000000000
562.500 53.248711898 2823200.000000000 -45.327357764 1393210.000000000  2.375080099 557446.000000000 -162.619346937 164588.000000000 11.981573023 117586.000000000 -20.635157189 16734.000000000
567.500 -3.879451119 2789560.000000000 -132.988420082 1381284.000000000 135.836583093 557380.000000000 113.582612169 163464.000000000 -69.427730673 117786.000000000 25.794586471 16778.000000000
572.500 67.490900841 2763500.000000000 -214.192997733 1366344.000000000 -60.123345856 550454.000000000  1.034963043 161692.000000000 -84.191521926 117256.000000000 -13.065384761 17076.000000000
577.500 -186.331131379 2728106.000000000 335.264549313 1356614.000000000 -29.758232339 549076.000000000 61.331906284 161438.000000000 -73.309353510 117568.000000000 -33.911264883 17016.000000000
582.500  2.672065970 2698738.000000000 -124.472981830 1341774.000000000 -202.902003577 545388.000000000 -91.826463454 160458.000000000 -70.252001724 117998.000000000 43.253673790 17136.000000000
587.500 -143.986288151 2665990.000000000 -30.537009958 1329682.000000000  4.549279353 540828.000000000 73.191589396 160604.000000000 26.373358556 118058.000000000 -24.317959787 17186.000000000
592.500 -544.928649223 2642520.000000000 -176.714307707 1313794.000000000 -5.369358352 539322.000000000  2.543073680 159130.000000000 -32.512676958 117776.000000000 -0.483668902 17230.000000000
597.500 650.324870715 2610950.000000000 127.918708536 1303434.000000000 55.067358077 534646.000000000  0.189155073 158212.000000000 72.030744895 117314.000000000 20.079374060 17630.000000000
602.500 829.899234875 2582058.000000000 -180.350795329 1291088.000000000 -94.712184436 531698.000000000 -252.505852891 157512.000000000 -45.509540142 118174.000000000 44.594906345 17898.000000000
607.500 -459.172480958 2560826.000000000 -6.678180574 1277672.000000000 182.951516287 526196.000000000 -205.542899836 156838.000000000 94.824442751 118588.000000000 18.421535793 17676.000000000
612.500 594.244947459 2526418.000000000 48.253192203 1267970.000000000 -158.413251479 521014.000000000 -57.664166123 155086.000000000 -138.418196547 118022.000000000 14.402951536 17882.000000000
617.500 -376.275553412 2504946.000000000 -188.566149045 1255354.000000000 156.349331018 519582.000000000 76.414557635 155572.000000000  9.915118831 117874.000000000 -14.361022978 18062.000000000
622.500 260.798172961 2478028.000000000 161.761418123 1246576.000000000 -147.447926475 514332.000000000 233.772183345 153342.000000000 11.728957534 118142.000000000 -36.295799242 18218.000000000
627.500 62.702404133 2449610.000000000 393.166389146 1233318.000000000 -182.627531711 511534.000000000 213.082209393 152724.000000000 -136.911169918 118296.000000000  2.126533065 18020.000000000
632.500 119.874423297 2425202.000000000 78.353506171 1219126.000000000 53.134929400 506382.000000000  5.045512997 152092.000000000 39.141653396 118050.000000000 -2.309287768 18218.000000000
637.500 -338.272324067 2401634.000000000 -80.710692773 1209876.000000000 -51.622903582 503320.000000000 14.246447465 151378.000000000 -52.193775003 116988.000000000 25.542560033 18292.000000000
642.500 -197.575838003 2383848.000000000 -43.117327765 1200512.000000000 16.504744410 501378.000000000 40.861554883 149902.000000000 -35.072004140 117396.000000000 38.555450025 18752.000000000
647.500 215.221650464 2359094.000000000 -52.988286190 1190248.000000000 75.151018624 496348.000000000 -172.389556631 149164.000000000 42.097194971 116224.000000000 -59.107151919 18890.000000000
652.500 550.739143008 2335550.000000000 -5.257974483 1176056.000000000 77.444723998 492444.000000000 124.662707972 148416.000000000 21.495466301 117084.000000000  3.384523460 18804.000000000
657.500 -859.695260352 2311508.000000000 68.733357909 1165244.000000000 95.079389901 490272.000000000 37.516050613 146136.000000000 30.681883040 115864.000000000 26.932487116 18864.000000000
662.500 -398.707017189 2290256.000000000 183.438377033 1155292.000000000 -59.632124293 484904.000000000 -187.177312491 145812.000000000 31.943642642 115724.000000000 37.753409739 18976.000000000
667.500 -328.292997353 2265644.000000000 -227.992210568 1143760.000000000 -45.399399726 480688.000000000  3.422336333 145276.000000000 -7.693120983 115982.000000000 -14.206824094 18804.000000000
672.500 345.271844560 2247720.000000000 88.894575601 1132326.000000000 -30.227658234 477006.000000000 -19.247354169 143900.000000000 -68.504883475 115548.000000000 -32.733358140 19496.000000000
677.500 254.909092830 2229938.000000000 -253.867292579 1124382.000000000 57.942187486 473844.000000000 119.952981292 143778.000000000 70.277909152 115222.000000000 -31.344642557 19396.000000000
682.500 554.296441280 2208690.000000000  4.353812254 1117606.000000000 -92.306386562 468976.000000000 31.391429062 141344.000000000 -107.058730411 115256.000000000 -78.920582590 19370.000000000
687.500 269.466967745 2184530.000000000 63.427749781 1102496.000000000 96.149732205 467044.000000000 -74.672571885 140890.000000000 -18.506476635 114200.000000000 -21.007591712 19468.000000000
692.500 33.436202040 2166898.000000000 54.715664687 1093390.000000000 -24.798264385 464458.000000000 -78.670928612 140408.000000000 -112.749919408 114656.000000000  7.054134161 19288.000000000
697.500 -548.213113379 2146484.000000000 -77.479097576 1083014.000000000 19.180409673 461262.000000000 123.791033616 139116.000000000 -51.676060803 113658.000000000 16.147442053 19676.000000000
702.500 -254.520192926 2132072.000000000 -137.267398956 1076206.000000000 -108.972366979 456444.000000000 -76.494043330 138340.000000000 65.480118502 113748.000000000 -2.294160481 19444.000000000
707.500 941.009846108 2111250.000000000 43.263448473 1065784.000000000 128.162892581 451888.000000000 -20.190758052 136042.000000000 -36.931010514 112866.000000000 12.326377631 19946.000000000
712.500 927.630001132 2092682.000000000 58.312884215 1057816.000000000 -138.621527000 449852.000000000 -26.032220336 137006.000000000 -46.870608547 112042.000000000 11.736402755 19728.000000000
717.500 407.378775056 2072884.000000000 47.705326851 1045410.000000000 29.645383375 446654.000000000 -8.401127111 135474.000000000 -37.348869676 111496.000000000  4.486643099 19998.000000000
722.500 244.417422519 2055326.000000000 28.158152709 1036468.000000000 137.402213113 443760.000000000 61.896686369 134102.000000000 49.311677302 112136.000000000 -19.926925954 19368.000000000
727.500 52.074011976 2036232.000000000 -139.445450985 1030936.000000000 147.131469043 438042.000000000 65.338346654 133004.000000000 18.217071692 111034.000000000 -37.477543355 19886.000000000
732.500 -90.664666542 2023078.000000000 142.072055877 1021180.000000000 41.733265583 434166.000000000 -12.052707100 132530.000000000 83.042647250 110006.000000000 -10.338156137 19850.000000000
737.500 11.515732918 2005288.000000000 235.996352737 1010314.000000000 -14.559058339 434106.000000000 49.042973304 131964.000000000 75.197757089 110152.000000000 34.778153820 19922.000000000
742.500 234.126078175 1993026.000000000 -47.764153950 1002258.000000000 49.304995455 429304.000000000 -104.370612818 129540.000000000  3.646533182 108776.000000000  4.298585074 19782.000000000
747.500 -457.871799988 1974264.000000000 189.464864083 994366.000000000 157.628135136 426204.000000000 -118.377232484 130164.000000000 -31.258216483 109406.000000000 -0.096802871 20000.000000000
752.500 317.940867064 1959328.000000000  9.196713201 987300.000000000 63.521749392 421604.000000000 43.284137338 128738.000000000 -115.093574486 109314.000000000 11.451809118 20302.000000000
757.500 -8.932195067 1945092.000000000 10.612068107 977906.000000000 -106.237644692 421428.000000000 38.605400237 126736.000000000 -45.042501428 107744.000000000  5.159773419 20080.000000000
762.500 515.735577791 1927670.000000000 52.929055934 972418.000000000 133.506499671 416848.000000000 78.054716462 125708.000000000 104.053026457 107880.000000000  8.997195978 20292.000000000
767.500 26.636340003 1913242.000000000 51.016963753 965396.000000000 122.692671115 414112.000000000 -65.880515784 126374.000000000 -55.021974380 106792.000000000 -20.719974721 20252.000000000
772.500 349.650566555 1894300.000000000 -172.788180793 956666.000000000 77.502802670 410760.000000000 60.585777279 125252.000000000 40.479659608 107106.000000000 27.127626948 20380.000000000
777.500 137.256695464 1888192.000000000 71.346975104 948470.000000000 116.551670944 406490.000000000 -47.230570019 124142.000000000 106.076958570 105476.000000000 10.423867027 19856.000000000
782.500 594.237226365 1870206.000000000 16.439745684 939766.000000000 89.680727364 403976.000000000 23.421672384 122324.000000000 16.936235085 106104.000000000  4.425359755 20220.000000000
787.500 -122.710171506 1858426.000000000 44.930919249 931402.000000000 252.738190636 401716.000000000 101.711906273 121434.000000000 -22.052670681 104214.000000000 -7.029803009 20222.000000000
792.500 -202.893180799 1839414.000000000  3.649787250 926052.000000000 -95.067968983 398230.000000000 73.069704117 121710.000000000 -14.223470714 105408.000000000  1.720199976 20666.000000000
797.500 -194.541018288 1827344.000000000 182.192750670 918904.000000000 -32.233060500 396086.000000000 -100.701879705 120760.000000000 -9.374827757 103558.000000000 -84.722194913 19936.000000000
802.500 -48.081034025 1816034.000000000 -11.707756911 910012.000000000 -188.161758451 393168.000000000 56.199686308 118950.000000000 -10.070083356 103820.000000000 29.110430262 20240.000000000
807.500 123.294878000 1803604.000000000 337.951226790 903564.000000000  3.005700259 388766.000000000 96.964091804 118860.000000000 19.356206838 102358.000000000 20.127312614 19922.000000000
812.500 -147.713787456 1792016.000000000 -207.314978739 897636.000000000 131.183582052 386702.000000000 -12.411828236 117628.000000000 -6.764623932 102524.000000000 -16.716762695 20112.000000000
817.500 -113.437197388 1779814.000000000 -48.453964243 889862.000000000 -38.443640229 385020.000000000 40.565973687 115984.000000000 -74.092813417 101976.000000000 34.688212344 20540.000000000
822.500 -74.815203875 1766988.000000000 -15.094769456 886260.000000000 -93.015915891 381968.000000000 -123.160741800 115770.000000000 -73.651259164 100532.000000000 -4.784918884 19980.000000000
827.500 -123.379953015 1752952.000000000 -9.938832525 875844.000000000  4.261892118 378858.000000000 67.561344875 114798.000000000 -5.693435631 100794.000000000 -13.490616393 20238.000000000
832.500 300.016415613 1737696.000000000 -52.398672632 869448.000000000 29.783092791 376180.000000000 -48.871862179 114650.000000000 -21.748892806 99772.000000000 55.798128227 20478.000000000
837.500 123.225487919 1726926.000000000 346.036989505 865932.000000000  5.203914695 373076.000000000 -1.183090561 112654.000000000 -40.147927629 99536.000000000 -24.981885634 20508.000000000
842.500 -99.910411548 1716940.000000000 -266.336740250 857576.000000000  6.720493339 371122.000000000 -13.216293053 113246.000000000 23.476901228 99420.000000000 18.208674547 20176.000000000
847.500 238.592268015 1704530.000000000 -66.055249161 854450.000000000 -97.779033841 368536.000000000 -32.553201533 111352.000000000 -60.031657878 98378.000000000 11.871435700 20242.000000000
852.500 -202.507397989 1692932.000000000  1.029720824 847712.000000000 35.694070122 366212.000000000 106.019276224 110556.000000000 -5.077402223 97920.000000000 -5.990326373 20156.000000000
857.500 -63.126416765 1683794.000000000 -103.258686739 842346.000000000 108.054427274 363552.000000000 38.939185207 109154.000000000  5.146588211 97194.000000000 -10.413376534 20682.000000000
862.500 -77.390458869 1672376.000000000 144.045566645 835526.000000000 -6.737630543 359732.000000000 11.047327211 109196.000000000 25.550148620 96580.000000000 -41.196640595 20196.000000000
867.500 22.713010387 1662572.000000000 -36.394076321 828754.000000000  3.003506880 359054.000000000 -134.302346500 108124.000000000 -15.808749758 95358.000000000  3.507084577 20142.000000000
872.500 189.636178485 1649834.000000000 91.765728619 825422.000000000 99.787901329 355756.000000000 25.350508746 107448.000000000 66.879370272 94734.000000000 32.982240339 19816.000000000
877.500 89.820580137 1636432.000000000 -109.142948258 818764.000000000 -94.417871080 352676.000000000 151.123230012 106678.000000000 -70.349444689 95078.000000000 -49.306220657 19916.000000000
882.500 -60.669393860 1626434.000000000 106.153083419 812878.000000000 68.634480793 352280.000000000 18.996015316 106060.000000000  0.530673368 94828.000000000 -13.262285879 20218.000000000
887.500 92.475040715 1618310.000000000 -43.889403546 808590.000000000 -31.745919476 347484.000000000 44.615306593 104706.000000000 -36.764860827 93908.000000000  5.344661573 20102.000000000
892.500 91.115700524 1607272.000000000 -19.687753212 805300.000000000 -5.371090492 346128.000000000 -78.711610784 104612.000000000 -84.265686386 93550.000000000 28.015983992 20056.000000000
897.500 -18.106944556 1595978.000000000 199.692041723 796928.000000000 29.759292171 345626.000000000 -32.658651112 103902.000000000 -106.932784368 92998.000000000 -23.433147921 20052.000000000
902.500 63.355279470 1591402.000000000 138.997708609 791744.000000000 -104.111764303 342824.000000000 -42.523414352 102922.000000000 -10.048208333 91640.000000000 -4.913783144 20074.000000000
907.500 247.114639459 1579704.000000000 68.585355666 788392.000000000 136.346046064 339794.000000000  3.428193154 102826.000000000 113.527939612 91026.000000000  1.060047867 19822.000000000
912.500 -8.339212612 1565200.000000000 -122.491019953 781596.000000000 22.615206199 336380.000000000 31.480926922 102208.000000000 39.454839689 91580.000000000 -1.287756028 19774.000000000
917.500 497.021224028 1563752.000000000 104.006502700 776452.000000000 -19.853976643 334166.000000000 59.669855098 101410.000000000 -75.092379201 90488.000000000  6.025757611 20076.000000000
922.500 -63.715879386 1550064.000000000 80.745217552 771498.000000000 69.898091671 333224.000000000 109.901027757 99878.000000000 73.755655336 90492.000000000 -38.041590388 19452.000000000
927.500 -131.871555332 1546736.000000000 -48.179879776 764428.000000000 -17.040288489 332186.000000000 146.103613892 99550.000000000 -32.898783687 89268.000000000 19.947127525 19858.000000000
932.500 -33.751515250 1531944.000000000 -15.663182941 761402.000000000 -22.378172660 327978.000000000 54.307657569 98896.000000000 34.387162281 88692.000000000  1.712444629 19584.000000000
937.500 222.518065775 1519414.000000000 223.604200699 757830.000000000 23.247284119 326378.000000000 -27.607333331 98602.000000000 -52.529024588 88410.000000000  4.466272127 19698.000000000
942.500 -127.206360140 1511802.000000000 -74.541835052 753114.000000000 -73.605012411 325294.000000000 81.431169974 97286.000000000 96.913435805 87810.000000000 18.630896014 19314.000000000
947.500 -157.996996531 1500574.000000000 43.437045734 748086.000000000 64.664304706 322826.000000000 36.567030058 98404.000000000 -83.142144027 87274.000000000 -17.892800190 19538.000000000
952.500 329.863471899 1495322.000000000 156.055843301 743440.000000000 38.642703074 319414.000000000 -95.719091632 96756.000000000 -46.416235232 87324.000000000 10.625092515 19112.000000000
957.500 -203.796617441 1487188.000000000 63.560874838 736338.000000000 14.425283242 319140.000000000  5.412385471 95428.000000000 24.674096800 85834.000000000 -27.883578400 19262.000000000
962.500 -0.142177279 1477432.000000000 183.090259232 735670.000000000  8.586452924 316018.000000000 -43.273775506 95062.000000000 23.808984689 85672.000000000 -12.391431103 19178.000000000
967.500 235.859704595 1466110.000000000 71.483488425 728732.000000000 44.090991233 313600.000000000 -121.208170901 94888.000000000 21.434122083 85354.000000000  0.210085574 19190.000000000
972.500 455.745401415 1460600.000000000 -43.809572118 724916.000000000 140.811852047 312848.000000000 -70.710529799 92514.000000000 -79.127257416 84462.000000000 -7.500116302 19070.000000000
977.500 -497.922874132 1448022.000000000 112.034446640 720784.000000000 -84.614584001 311204.000000000 -14.011542395 92972.000000000 45.090511819 84184.000000000 -3.132283313 19066.000000000
982.500 -22.686198742 1443474.000000000 -127.493261786 715776.000000000 -26.030004695 309662.000000000 17.788200846 92066.000000000 95.096219537 84046.000000000 -4.493715492 19094.000000000
987.500 64.705910166 1435782.000000000 -106.652530846 710876.000000000 -76.620810349 308520.000000000 27.981619643 91736.000000000  1.806351527 83468.000000000 28.097671062 18666.000000000
992.500 -198.877575676 1430046.000000000 64.670041606 708960.000000000 -6.831338326 305522.000000000  3.017305555 91742.000000000 65.914637845 82824.000000000 19.105929824 18872.000000000
997.500 216.884791557 1419292.000000000 -177.709388996 704062.000000000 -2.077953404 302620.000000000 42.149247322 90080.000000000 -63.518588554 82244.000000000 -0.031850466 18992.000000000
