#   q     Cout       Nout      Cside       Nside       Clong        Nlong
  1.250  0.305845119            4  1.650451416            3  0.852451978            4         -nan            0
  3.750  1.173427352            3  1.589049154            3  0.163542755            5  3.684944467            1
  6.250 -0.332792388            6  0.326364968            6  1.061307201            7         -nan            0
  8.750  0.345849670            5  0.200966502            5  0.391005865            4  0.055551805            3
 11.250  0.511612315            5 -0.320789043            5 -0.192616883            4  0.830785681            7
 13.750  1.453220224            4  0.353904043            5  0.132290335            3  0.407588379           10
 16.250  0.134031763            8  0.267052420            8  0.161865713            3  0.192317086           13
 18.750  0.453571830            5 -0.139585024            7  0.000000000            1  0.203661151           15
 21.250  0.232692791            5  0.007319159            5  0.180481220            4  0.140357048           25
 23.750  0.187043946            9  0.044621899            4  0.241989924            5  0.069950611           27
 26.250  0.273984754            5  0.025314187            6 -0.009899973            5  0.068130947           38
 28.750 -0.180074630            8 -0.121053075            6  0.011938629            6  0.061531534           48
 31.250  0.022508057            4 -0.057398227            7  0.105437424            3  0.010313591           50
 33.750  0.047078886           10  0.179605516            6  0.026398383            3  0.027436732           67
 36.250  0.242554340            5  0.024464363            5  0.023423988           10  0.057441330           62
 38.750  0.173288360            6  0.030567264            7  0.040852817            6  0.035346578           95
 41.250  0.071435858            4 -0.029127928            8  0.010156170            6  0.032299355           87
 43.750  0.190291449            8 -0.012524402            8  0.029564785           10  0.001087873          121
 46.250  0.066440407            9 -0.014773048            6  0.060927959            5 -0.010604806          116
 48.750  0.052875940            4  0.017460434            5  0.040370843            5  0.022489269          130
 51.250  0.001830401            6  0.054804113            5  0.025371072            3 -0.004937446          140
 53.750  0.015449830            6  0.015358029            5  0.089432548            4  0.009207451          139
 56.250  0.029023490           13  0.005169090            3  0.033029080            7  0.030119121          159
 58.750 -0.004224443            4 -0.036473426            7  0.021462213            3 -0.012819014          192
 61.250  0.076866977            3  0.026926938            5  0.000588522            4  0.023445276          181
 63.750  0.037576395            5 -0.008652690            3  0.017827127            6  0.010179858          190
 66.250 -0.011034110            5  0.000258361            3  0.002100598            5  0.018289968          209
 68.750  0.001176481            4  0.001835465            4 -0.019744272            5  0.006263653          237
 71.250  0.007454047            6  0.000403619            7  0.387926106            4  0.003476552          252
 73.750  0.030102932            5 -0.322767635            5 -0.032724169            5  0.058175090          283
 76.250 -0.041114912            8 -0.005793454            8  0.010295549            8 -0.009930674          290
 78.750  0.126316046            8 -0.014431118            9  0.001103681            3  0.008567699          291
 81.250 -0.069533740            7 -0.072424163            8  0.082601189            9  0.011322632          326
 83.750  0.006034302            2  0.363235048            4  0.004233084            6  0.012104278          368
 86.250  0.002182708            4  0.004226341            5  0.001589642            8  0.012230550          351
 88.750  0.012956483            8 -0.193592007            8  0.002784636            3 -0.010261157          396
 91.250 -0.001959539            4 -0.030883908            6  0.118134638            3  0.004825827          420
 93.750  0.107260460            5 -0.008320159           12  0.132653390            7 -0.006712302          393
 96.250  0.000000000            1 -0.013007613            6 -0.028219847            6 -0.008473006          434
 98.750  0.000000000            1  0.014110324            4  0.012544762            4 -0.017888755          523
101.250 -0.005988887            8 -0.001133700            9  0.015864083            3  0.012636774          489
103.750  0.000618263            6 -0.000838888            8 -0.002340294            6  0.008965703          512
106.250 -0.011649183            8  0.032817392            3 -0.084641968            5  0.023733406          522
108.750  0.036035336            3 -0.002104903            4 -0.005519953            4  0.000713199          522
111.250  0.017402603            4 -0.169747709            4  0.029706561            6  0.002236754          566
113.750 -0.057894243            5 -0.037151903            7  0.012098717            7  0.003469049          589
116.250  0.051494198            6 -0.083701806            5 -0.008131973            7  0.008086169          598
118.750  0.014655815            3 -0.003120096            5  0.003946910            5 -0.000265909          582
121.250  0.010733747            7  0.014907093            9 -0.009929909            3  0.005037313          641
123.750  0.002152399            3  0.011615940            6 -0.000161737            4  0.007465991          705
126.250 -0.020618581            4  0.006038744            7  0.037492949            7  0.004905937          693
128.750 -0.004258019            6 -0.004954740            5  0.006398234            7 -0.003527058          775
131.250 -0.133054754            2 -0.218194963            3  0.000478549            4  0.001091367          747
133.750 -0.143174389            4 -0.019317172            8  0.308522271            4  0.004686621          769
136.250 -0.058258349            8  0.004897880            1  0.010267711            4  0.008159681          830
138.750  0.037651746            4 -0.002445600            9 -0.000660331            5 -0.003922666          857
141.250 -0.005891177            4 -0.193518482            3  0.019359579            6 -0.008975665          851
143.750  0.008927688            6 -0.002171330            9  0.190031850            4  0.003463645          915
146.250  0.029149311            4  0.047096743            8  0.019461566            4  0.006101294          949
148.750  0.006558439            6 -0.001209551            7  0.004307534            6 -0.001145402         1001
151.250  0.001042570            3  0.000166940            6  0.000000000            3  0.009903097          986
153.750  0.011432052            3 -0.000186180            3 -0.087935407            7 -0.001477731         1010
156.250  0.041534934            1  0.003785439            8  0.004514807            2 -0.004334715         1029
158.750 -0.005599273            1  0.017933146            3 -0.009261018            3 -0.010418818         1078
161.250  0.014186453            4  0.001744744            4  0.007673680            5 -0.006912261         1072
163.750  0.050896675            4  0.003885343            6 -0.001973536            5 -0.004057211         1070
166.250 -0.183682333            1 -0.296401807            3 -0.001626308            4  0.001595833         1107
168.750  0.049362714            5  0.001232873            6  0.000395808            5  0.001986971         1109
171.250 -0.098914641            2 -0.003036138            3 -0.002511746            4 -0.005414379         1245
173.750  0.003613076            5  0.005095977            8  0.000505428            5  0.007369840         1235
176.250  0.080037958            3  0.069013101            7  0.012722418            5 -0.006065706         1231
178.750 -0.000570410            2 -0.000455165            3  0.000690724            4  0.002908503         1276
181.250  0.020516762            5  0.035400802           15 -0.001558262            5  0.005336289         1344
183.750  0.000415137            4 -0.009768832            5 -0.000496454            7  0.008166162         1330
186.250 -0.000913666            3 -0.001162945            9 -0.024353700            8  0.004322949         1405
188.750 -0.084555970            5  0.000001437            6 -0.000904257            2 -0.000911893         1365
191.250  0.024282944            3  0.008710405            3  0.041618265            5  0.003879554         1441
193.750 -0.023722534            4 -0.138322305            6         -nan            0  0.004238854         1475
196.250 -0.001875598            3 -0.000186418            4  0.074609721            5  0.003911925         1499
198.750 -0.012138526            7 -0.052441258            5  0.039061045            6 -0.003799103         1542
201.250  0.000000000            1  0.094873835            5  0.000633585            3  0.010174268         1487
203.750  0.007395150            6  0.002783963            8  0.002277702            2 -0.003273172         1586
206.250 -0.448295334            7 -0.078624191            5 -0.001755492            6 -0.002971029         1607
208.750 -0.000889720            2 -0.076576896            6  0.000607290            5 -0.002247392         1676
211.250  0.006006855            4  0.000315983            8  0.000306271            4  0.003299797         1633
213.750  0.003408855            5 -0.062174914            8 -0.000561743            6  0.002173039         1667
216.250  0.071514149            2 -0.001609931            8  0.000039718            5 -0.002798574         1728
218.750  0.002227273            3  0.004360870            5 -0.089723459            4 -0.000579792         1776
221.250  0.000918948            4 -0.003749065            7 -0.000120225            6  0.005538659         1733
223.750         -nan            0  0.000364621            2 -0.061947050            3 -0.003648518         1768
226.250  0.021520877            4  0.051453902            7  0.000165080            1  0.003309351         1797
228.750 -0.000571343            5  0.092826551            5  0.001563658            6  0.000330563         1907
231.250  0.000046153            4  0.000553697            7  0.001977202            2 -0.006335945         1932
233.750  0.008282636            2 -0.022121996            3 -0.000240401            4 -0.003358398         1882
236.250 -0.001252427            4 -0.000263640           10  0.011030844            2  0.000114289         1973
238.750 -0.000183881            4  0.000000000            1  0.006674870            3 -0.004655783         1994
241.250  0.000000000            1 -0.052908789            4 -0.003039698            3 -0.002092379         2012
243.750 -0.004754055            4  0.015101544            6 -0.026243914            4 -0.002792827         1973
246.250 -0.003939244            4 -0.000006412            8 -0.000269028            3 -0.001457937         2058
248.750  0.003435621            4  0.100491481            4  0.000243572            3 -0.005258993         2144
251.250  0.002953192            2 -0.000826370            6  0.000905250            3  0.006556434         2140
253.750  0.000529806            5  0.013971177            8  0.000605097            5  0.003596164         2142
256.250 -0.004708311            2  0.039816931            8  0.017131193            6  0.001204977         2235
258.750         -nan            0 -0.000206448            5 -0.001352174            2  0.003330373         2296
261.250  0.000157444            2  0.047595179           11 -0.000733810            6  0.003470033         2331
263.750  0.002797223            2  0.012361192            7  0.000329906            3  0.003155626         2355
266.250  0.000000000            2  0.000335156            7 -0.000325478            2 -0.001839284         2247
268.750 -0.001106998            2  0.000197142            4  0.000643206            2 -0.008623657         2324
271.250  0.001140018            2  0.000902324            4 -0.000103707            3  0.001669054         2393
273.750  0.000873728            2 -0.004161684           12  0.132741956            7  0.008265835         2300
276.250         -nan            0 -0.000246772            4  0.007237601            1 -0.001477136         2331
278.750         -nan            0  0.007021035            6  0.002529959            7  0.001420814         2437
281.250  0.003793998            2  0.011127963            4  0.000114752            4  0.000010732         2472
283.750 -0.045571527            2 -0.107945519            9  0.004455254            7 -0.001371534         2509
286.250         -nan            0 -0.000993603            4  0.000282222            3  0.001721168         2468
288.750 -0.000861655            6 -0.004802960            6 -1.258583413            2  0.000928205         2643
291.250 -0.000692573            3 -0.002211428            7  0.000081379            3  0.005657307         2487
293.750  0.001671836            3 -0.019642455            5  0.000290891            3 -0.001835418         2619
296.250  0.000061148            2 -0.000015976            9 -0.030453944            5  0.001061148         2574
298.750  0.000000000            4  0.009395520            7 -0.009621471            4 -0.000507395         2653
301.250 -0.004979720            1 -0.021089306            5  0.498289748            3  0.005689457         2745
303.750  0.001975486            2  0.000276655            5  0.000963925            3  0.001866495         2731
306.250  0.002606695            2 -0.001056576            6  0.000148946            4 -0.000892893         2768
308.750  0.009203829            1 -0.000184085            5 -0.000304171            4 -0.000644715         2758
311.250  0.011234829            3  0.039188538           10 -0.001919335            6 -0.000788313         2830
313.750 -0.325844517            1  0.001160544            2         -nan            0  0.010683520         2748
316.250  0.010732090            3 -0.057189566            5  0.000670208            4 -0.000160051         2824
318.750  0.017851561            1 -0.000086835            7 -0.313160385            3 -0.004077559         2800
321.250 -0.001273586            1  0.027530194            6  0.000394416            3  0.000965829         2886
323.750 -0.003475803            3  0.009480856            5  0.000000000            1  0.002039355         2888
326.250 -0.000768789            5  0.010063020            4  0.000170446            1  0.003758807         3047
328.750         -nan            0 -0.000074402            6  0.001271746            2  0.004375484         3010
331.250  0.128773220            3 -0.012434524           10  0.000602948            2  0.006251037         3019
333.750  0.002052499            2 -0.000625666            8  0.000000000            1 -0.000803002         3134
336.250         -nan            0  0.000542446            5  0.000569226            2 -0.007598581         3042
338.750  0.015231367            2  0.049317035            5  0.000342650            1 -0.004220413         3104
341.250  0.003895586            6 -0.000266871            6 -0.001258470            4  0.004873295         3171
343.750 -0.001190081            2  0.012176721            8  0.020590869            7 -0.001353426         3213
346.250 -0.001031695            1  0.000545773            5 -0.000032070            4  0.002420444         3168
348.750  0.001106181            1 -0.005624686            4 -0.000031840            4  0.001908897         3212
351.250  0.088884917            2 -0.004281645            9 -0.001214824            3  0.000409889         3186
353.750 -0.187621124            2  0.000092884            4  0.001162576            4  0.003101801         3195
356.250  0.000116406            1 -0.000224821            5 -0.000255498            3  0.004730026         3293
358.750 -0.000839591            2  0.028852162            6  0.000150562            2 -0.000065395         3209
361.250  0.000625541            2 -0.000019534            2  0.026135941            2  0.000924868         3253
363.750  0.002636545            4  0.000031803            5         -nan            0 -0.001116662         3359
366.250  0.000296703            3 -0.000212766            2  0.000050783            2  0.002463867         3333
368.750  0.008396310            4 -0.040985869           10  0.034220177            2  0.000273743         3327
371.250  0.000796665            1 -0.059148292           10 -0.000920594            3  0.002557391         3465
373.750         -nan            0  0.000325501            7  0.000000000            2  0.004534831         3443
376.250  0.000000000            1  0.174028641           13  0.000282898            3  0.005009209         3391
378.750 -0.009315856            1 -0.000087382            5  0.001478320            5  0.009234266         3551
381.250         -nan            0 -0.073978680            6 -0.186296569            5  0.001181897         3518
383.750 -0.000011483            2 -0.003252554            7 -0.008497185            1 -0.009824413         3445
386.250         -nan            0 -0.080652781            9  0.000000000            1 -0.001121750         3628
388.750  0.003594626            2  0.000117902            5 -0.374650792            3  0.000604742         3624
391.250         -nan            0 -0.001423699            7  0.010892948            8  0.000134808         3625
393.750 -0.001825685            1  0.000835630            4  0.000031162            4 -0.000869162         3611
396.250  0.000278157            3  0.000023315            7         -nan            0 -0.001891813         3554
398.750  0.114669629            5 -0.000565333            5 -0.000457200            1  0.000648137         3728
401.250 -0.001071964            1 -0.000428531            6  0.000144091            1  0.000234429         3512
403.750  0.000000000            1  0.000041124            3 -0.022704996            3 -0.002076492         3617
406.250  0.000705006            4 -0.000550892            2  0.000513203            2 -0.002686871         3722
408.750         -nan            0 -0.055999976            5  0.000043602            2  0.002362175         3674
411.250 -0.013596226            3  0.000350882            6         -nan            0  0.000360435         3758
413.750  0.001122905            4  0.000463175            5         -nan            0 -0.001074573         3847
416.250  0.001051897            3 -0.182189974            2  0.008375233            4  0.002718066         3783
418.750 -0.062255123            1 -0.033293018            4  0.000184180            2  0.003266119         3952
421.250 -0.003293561            1  0.062549551           10  0.000270098            1 -0.002272754         3942
423.750         -nan            0 -0.030495669            4 -0.002209636            3 -0.000494463         3870
426.250  0.366294030            1 -0.041271262           11  0.000317357            1 -0.002461835         3969
428.750  0.002949677            1 -0.000412825            6 -0.000512112            5  0.003723974         3997
431.250  0.140374457            2  0.017349670            7  0.000008523            2  0.004023308         3834
433.750 -0.000567922            1 -0.017766272            9 -0.000088247            1 -0.002650990         4004
436.250  0.000221629            1  0.033426184            7  0.000055646            1  0.006953121         3935
438.750         -nan            0 -0.002416880            8  0.000132368            2  0.000914177         4018
441.250  0.007136212            1 -0.012444732            3 -0.001105757            3 -0.001421707         4006
443.750  0.001058663            1  0.000477313            7  0.000820405            3  0.007815424         4086
446.250  0.000883219            1  0.009399680           11  0.000000000            1  0.001750110         4144
448.750  0.000000000            2 -0.022731529            6  0.000000000            1  0.005012324         4076
451.250  0.001820953            2  0.046001512            6 -0.018879391            4  0.001109276         4157
453.750 -0.054620969            1  0.000471438            4  0.000794653            1  0.000695295         4115
456.250         -nan            0  0.000235296            2 -0.002200848            2 -0.002240331         4186
458.750         -nan            0  0.022845855            6 -0.000788653            1 -0.001535769         4259
461.250  0.016332409            4 -0.005455405            1  0.000084128            3  0.004013930         4206
463.750         -nan            0  0.001109427            7         -nan            0  0.004965458         4322
466.250         -nan            0 -0.051112484            4  0.000353603            3 -0.000115006         4368
468.750         -nan            0 -0.000346615            2  0.000016298            2  0.000167720         4404
471.250  0.002274615            1 -0.000054620            4         -nan            0 -0.000502267         4296
473.750  0.002960527            1  0.000088908            4 -0.102440124            2  0.001237860         4198
476.250 -1.124282173            2  0.057813591            6  0.149975878            2  0.003657008         4360
478.750  0.000011966            2  0.000120993            2  0.000000000            1 -0.000129678         4331
481.250 -0.006091144            1  0.000022205            7  0.000100316            2  0.003631334         4405
483.750 -0.016436084            1  0.037743407            5  0.024817611            4  0.001808458         4353
486.250 -0.003221236            1 -0.054651726            5  0.004013765            2 -0.000055609         4396
488.750  0.000000000            1  0.000223456            6  0.000000000            1 -0.000612905         4404
491.250  0.042186099            2  0.117602342            4  0.125648654            4  0.002173950         4451
493.750  0.000518389            1 -0.001543664            9         -nan            0 -0.000356696         4408
496.250         -nan            0 -0.130020887            7 -0.000037890            3  0.000052268         4548
498.750  0.000302220            1 -0.009943779            8 -0.000064580            4  0.001967418         4413
