#   q     Cout       Nout      Cside       Nside       Clong        Nlong
  1.250 -0.018960323            6  0.149373634            8 -0.393012372            4         -nan            0
  3.750  0.311913052           10  0.760212894            4  0.939828358            8 -0.756218628            1
  6.250  0.103414695            3  0.413592956            7         -nan            0  1.567481918            2
  8.750  0.470323637            8  0.331251738            5  0.098565178            9  1.442993682            2
 11.250  0.046897838            4 -0.184173926            8  0.030994341            8 -0.029130039           10
 13.750  0.190906701            7  0.214713568            6  0.168946813            9  0.299325067           11
 16.250 -0.113524478            1 -0.218495338            5  0.004161087            3  0.096506972           17
 18.750 -0.028744267            8 -0.001005590            4  0.191435341            4 -0.330458724           11
 21.250 -0.622660570            3  0.094207186            6 -0.057563677            2  0.026350086           20
 23.750  0.239801913            3 -0.318961490            5 -0.271299785            6 -0.049014274           19
 26.250 -0.051059884            7  0.099277696            9 -0.176366940            2  0.011600264           38
 28.750  0.044832726            9  0.129027386            5  0.003587405            9  0.059789087           49
 31.250  0.246550451            3  0.496940720            4  0.024756759           10  0.037364541           55
 33.750 -0.247052307            3  0.035513585            6  0.000000000            1  0.004472141           63
 36.250 -0.008487866            5  0.136655815            5 -0.014281756            6  0.013827386           53
 38.750  0.047941248            6  0.060977309            5  0.109902880            5  0.039814453           84
 41.250 -0.022090541            3 -0.046020249            6  0.011404653            6  0.033621403          112
 43.750 -0.006886564            6  0.001166984            8 -0.012951789            2  0.040106715          118
 46.250  0.127867250            4 -0.096796052            6 -0.079041927            5  0.018210474          106
 48.750  0.068000616            4 -0.032075102            4  0.009938232            8 -0.006155106          131
 51.250 -0.022144745            5 -0.017410542            7  0.081443706            1  0.036723339          142
 53.750 -0.002038236            6  0.008325990            7  0.031828946            4 -0.004574258          157
 56.250  0.124663618            1 -0.004198556            6 -0.021522346            5  0.009754076          167
 58.750  0.049676844            4  0.055051003            6  0.047350072            5  0.021315106          195
 61.250 -0.000591828            2  0.005350097            9 -0.065442130            8  0.011887954          200
 63.750 -0.011402070            2  0.006929530            8 -0.001107616            3  0.005179418          218
 66.250  0.025050981            5 -0.006022598            5 -0.606118736            4  0.026566105          203
 68.750 -0.046403092            6  0.029606460           14  0.023750874            4  0.001658119          228
 71.250  0.152016800            3 -0.032734013            7  0.014146516            3  0.025837056          246
 73.750  0.002910790            6 -0.013818572            8  0.006576931            3  0.002907789          270
 76.250  0.231689372            5  0.054950304            7 -0.009369903            5 -0.001953179          302
 78.750  0.000000000            2  0.021981864            5 -0.004128884            7  0.013115347          297
 81.250  0.000490940           10  0.009564055            2 -0.024219027            5  0.005847690          318
 83.750  0.057076737            7 -0.097592577            7  0.076555130            4 -0.014114975          326
 86.250  0.024242359            7 -0.020353291            8 -0.003788609            5 -0.004057975          364
 88.750 -0.016909845            4  0.037135651            7 -0.030328269           10  0.029174174          361
 91.250  0.034487489            9 -0.014583819            3 -0.008917494            7  0.012520095          414
 93.750  0.033537570            6 -0.051439071            7  0.066787395            2  0.005187918          408
 96.250         -nan            0  0.009386147           11 -0.006687503            1  0.007266792          468
 98.750 -0.021616728            1  0.000525572            8  0.005399932            4  0.002895570          429
101.250  0.020518961            3 -0.003774291            5  0.010541865            4 -0.022827534          470
103.750  0.025313261            6  0.058964756            7 -0.011949580            5  0.005012065          516
106.250  0.000391296            8  0.076594089            6  0.020024782            2 -0.003196462          503
108.750  0.122996610            8  0.027973875           12 -0.000710058            5 -0.003273283          530
111.250  0.249873951            2 -0.021013137            7 -0.006970458            6  0.001462283          604
113.750  0.029610724            4  0.001994206            7 -0.004303878            4  0.002789653          621
116.250 -0.168016395            6 -0.071000034            3 -0.024670471            6  0.005920261          627
118.750 -0.008543090            6  0.007187007            6 -0.000595340            5 -0.011434750          620
121.250  0.017976581            3 -0.108164633            9  0.001680915            2  0.007056177          712
123.750  0.084110589            1  0.019216312            5  0.001413743            5 -0.005149610          677
126.250         -nan            0  0.008079009            8 -0.001979990            8  0.003743187          725
128.750  0.022527163            1 -0.004051568            7 -0.167675575            4 -0.001316465          806
131.250 -0.027008706            5  0.000815609            3 -0.002060308            5 -0.006526773          761
133.750 -0.016608916            2  0.189334263            3 -0.000102961            2  0.008100909          805
136.250  0.001169906            8 -0.008591235            5  0.082818770            5  0.000613113          795
138.750         -nan            0 -0.000094726            4 -0.001327247            5 -0.003461649          870
141.250 -0.030018203            2  0.106958547            3  0.007421598            4 -0.006984744          874
143.750  0.000742821            4 -0.052828358            3  0.001013864            2  0.010925793          949
146.250 -0.041772867            5 -0.002998251            6 -0.151428176            4 -0.009933857          984
148.750  0.181571713            5 -0.001288308            9  0.002358483            5  0.004525163          951
151.250 -0.003251848            6 -0.035568823            3 -0.006153898            9 -0.000705567          964
153.750  0.009001839            4  0.010830784            5  0.000032248            1 -0.003864183          994
156.250 -0.003678598            3  0.010949007            4 -0.103013751            4 -0.005082920          982
158.750 -0.005477065            4 -0.007484763           11  0.006338015            7  0.003804345         1081
161.250 -0.257007987            5  0.010399345            5 -0.300719624            3 -0.002179138         1083
163.750         -nan            0 -0.021028515            4  0.000466296            7  0.000428278         1119
166.250  0.083977264            3 -0.003928202            4  0.001116722            6 -0.008712431         1143
168.750  0.002553612            3 -0.005124088            4  0.000000000            2  0.002300261         1184
171.250  0.000579846            5  0.001539786            1 -0.000073800            2  0.007537137         1164
173.750 -0.000337597            3 -0.202101068            6  0.010582697            5 -0.003876803         1280
176.250 -0.007668619            2 -0.083000910            7 -0.007574032            5  0.004719723         1235
178.750 -0.000503120            3  0.001783367            4 -0.011297951            5  0.013857282         1257
181.250  0.014490152            7  0.005287925            8  0.001389060            3  0.000256914         1326
183.750 -0.027566697            4 -0.025664319            7 -0.006731605            6  0.001890026         1385
186.250 -0.000662641            5  0.002024387            7  0.032852689            3  0.005204752         1399
188.750         -nan            0 -0.021618249           12 -0.060735477            6  0.002419407         1380
191.250 -0.001417342            4  0.026450738            7  0.004466023            3  0.000674137         1471
193.750 -0.000801002            3 -0.036504382            7 -0.000505804            8 -0.011801491         1423
196.250  0.003017913            5  0.002748766            8 -0.009088604            3 -0.001739150         1482
198.750  0.006537502            4 -0.017912851            6  0.002729209            4 -0.002263802         1528
201.250  0.026808648            4  0.000464612            3 -0.045705898            5  0.004468325         1520
203.750  0.001010506            1  0.041752377            6  0.196801354            5  0.005440820         1621
206.250  0.002128647            3  0.001430785            2 -0.000437200            3 -0.001631647         1595
208.750  0.000440467            4 -0.000513797            6 -0.005944936            4  0.000780598         1603
211.250  0.009529678            5  0.002378540            5  0.062008843            4  0.003203362         1692
213.750  0.075835254            6  0.002089139            5  0.155445106            4  0.001301878         1657
216.250  0.001888477            2 -0.117748211            7  0.093750741            3  0.002357470         1769
218.750  0.000712490            3 -0.002050515            4  0.000112119            4 -0.001378284         1733
221.250  0.000038011            2 -0.000171564            6  0.004205066            4 -0.002602026         1785
223.750 -0.001975895            2  0.001078394            5 -0.016415023            5  0.000881427         1781
226.250 -0.012138381            3  0.004406340           11  0.000503320            6 -0.001174789         1826
228.750 -0.000786177            2  0.000246203            4  0.000000000            1  0.002458478         1872
231.250 -0.000260200            1  0.000000000            1  0.000049411            5 -0.003447619         1876
233.750  0.014639921            1 -0.015056228            4  0.008061696            4  0.002683607         1976
236.250 -0.064865044            4 -0.002529212            7         -nan            0 -0.000573200         1969
238.750  0.001763011            6  0.006168914            7  0.000000000            1  0.000181653         1982
241.250 -0.002745957            2  0.000853688            2  0.000232134            7  0.004124165         1953
243.750  0.000895587            2 -0.000468861            4  0.000520842            5  0.007961124         2029
246.250  0.000881307            4  0.018187580           10         -nan            0 -0.007318271         2017
248.750 -0.002521905            3 -0.115713112            7  0.001368468            5 -0.000600303         2119
251.250  0.065865222            3  0.001633719            6 -0.001819976            3  0.001424964         2173
253.750 -0.004463835            4 -0.000665800            8  0.005771069            2 -0.005418428         2217
256.250  0.012588934            2 -0.023801524            6  0.011588837            3 -0.001632326         2153
258.750  0.000482968            5  0.003704566            6 -0.003051464            2  0.003017110         2250
261.250  0.000945235            2  0.115109362            6  0.000039032            4 -0.000835813         2285
263.750  0.081985206            2  0.028582494            9 -0.001793388            4 -0.003085944         2258
266.250 -0.004894783            2 -0.012486805           10  0.082676212            5  0.001443108         2235
268.750  0.000320736            2  0.180298770            7  0.000523733            6 -0.001000578         2342
271.250  0.000899841            2 -0.001633240            5 -0.000150461            2 -0.003498945         2417
273.750  0.002842065            2 -0.039867253            7 -0.001355234            3 -0.005897860         2416
276.250 -0.009650360            2 -0.002097313            7  0.000326086            2  0.000693567         2442
278.750  0.008548882            4 -0.001006850            9  0.000766908            3  0.003265352         2456
281.250  0.001905987            2  0.000654446            3 -0.000733798            3  0.000898763         2505
283.750  0.010126000            4  0.105224967            8 -0.345063012            2  0.002022138         2578
286.250 -0.001446323            4  0.000130645            5 -0.001262999            4  0.005007343         2520
288.750  0.000813344            4 -0.002177624            7 -0.000778879            4 -0.003586978         2507
291.250 -0.007280504            3  0.107355213            7 -0.133745229            6  0.005941909         2592
293.750 -0.005911611            4 -0.038336122            8  0.000336765            3 -0.001647913         2729
296.250  0.001305647            2 -0.022465150            7 -0.000100127            2 -0.003168649         2645
298.750  0.000648114            4 -0.013008843            8         -nan            0 -0.004968660         2739
301.250 -0.000415346            2 -0.000550494            4  0.000325723            3 -0.001391875         2708
303.750 -0.061097845            4  0.000360336            9  0.000057922            6  0.005202149         2773
306.250  0.001106763            1  0.010535791            6  0.000146377            3  0.003400597         2759
308.750  0.001367598            5 -0.000258563            6 -0.080906449            5  0.004091362         2758
311.250  0.001229732            3 -0.000019763            9  0.000033406            4 -0.000373676         2881
313.750 -0.001119626            2 -0.012042534            5  0.238719966            3  0.002412108         2827
316.250 -0.000716024            1  0.001617555            8  0.271057392            2 -0.001552045         2868
318.750  0.001340482            2  0.008919004            6 -0.055202820            5  0.003064109         2899
321.250  0.001324788            2 -0.133811274            8 -0.066533658            4  0.000775178         2906
323.750  0.161242487            1 -0.000038467            8  0.057050942            5 -0.004776448         2881
326.250 -0.008573350            2 -0.076302457            9  0.000847567            1  0.000713974         2983
328.750 -0.000078743            4 -0.007290916            7  0.021774007            4 -0.000384428         3017
331.250  0.019121297            2  0.001114511            6 -0.062551344            3  0.002333231         3040
333.750 -0.000137884            3 -0.000200931            8  0.000112537            4 -0.003450121         3010
336.250 -0.201588567            3  0.000158960            7  0.020217252            3  0.001713396         3177
338.750 -0.000522541            4 -0.048147173            5 -0.001162063            1 -0.001221739         3040
341.250 -0.000711340            2  0.083531100            4 -0.143138602            1 -0.000505299         3059
343.750  0.003130613            3  0.000504379            8 -0.000916920            2 -0.003114168         3136
346.250  0.000364451            4  0.000102628            5 -0.000056259            3  0.002118522         3144
348.750 -0.000362579            1  0.001835634            5 -0.002338279            4  0.001056640         3139
351.250 -0.002170663            2 -0.000274309            9  0.030253975            4 -0.002812614         3157
353.750 -0.002548220            2 -0.002245996            5 -0.009533477            3  0.000514167         3205
356.250 -0.006391609            1 -0.000080535            4 -0.000747129            1 -0.005757204         3163
358.750 -0.002907520            4  0.000064107            5  0.000087827            2  0.001459130         3380
361.250  0.079375985            2 -0.013410827            3  0.000086751            1 -0.004208931         3220
363.750 -0.007067759            1 -0.119394539            2  0.000518548            2  0.004276038         3351
366.250  0.000000000            1  0.000090771            8 -0.003167067            4 -0.002566108         3350
368.750  0.022480462            1  0.015624903            3 -0.001498770            3 -0.002161475         3385
371.250  0.360589952            1  0.009177825            7  0.000197117            4  0.004952353         3293
373.750 -0.004094901            1  0.000175742            5 -0.000676063            5 -0.000221507         3434
376.250 -0.002688955            1  0.000357812            4  0.000258977            1  0.006594173         3445
378.750         -nan            0 -0.056599789            3 -0.187701489            3 -0.003683379         3451
381.250 -0.306489825            4  0.000562036            2  0.000728318            4  0.000500173         3561
383.750         -nan            0  0.000062450            8  0.000627775            3 -0.001045461         3480
386.250  0.000538006            1  0.177051872            5 -0.130450043            3  0.000677408         3584
388.750  0.002624764            2  0.000057628            6 -0.000007358            3  0.000615943         3620
391.250 -0.002645029            2 -0.000255884            7  0.000193850            3 -0.001273462         3679
393.750 -0.010721358            4 -0.097197228           10  0.011670999            2  0.001838404         3650
396.250 -0.000121913            2  0.132390813            9  0.002714666            2  0.004619354         3655
398.750 -0.000367773            2  0.002430023            5 -0.000158770            2 -0.000661318         3669
401.250 -0.004321476            1  0.052585760            9 -0.001041772            3 -0.004876174         3765
403.750 -0.002222689            1  0.031038291            7  0.000420208            1 -0.002718426         3804
406.250 -0.001771535            2 -0.000018250            6  0.001307059            2  0.001560423         3639
408.750  0.002700503            2  0.028439934            4  0.013619601            5 -0.002511702         3780
411.250         -nan            0  0.004673727            6 -0.000311493            3 -0.001607164         3846
413.750  0.000272323            1  0.148854665            6  0.000740119            2 -0.001382251         3808
416.250  0.113019527            4 -0.000056586            2  0.000374815            4 -0.001275934         3771
418.750  0.001232946            2 -0.057903933            7  0.317699781            3  0.001744490         3901
421.250 -0.003862480            3  0.000444048           10 -0.000266666            3  0.006116217         3920
423.750 -0.000865712            4  0.000000000            2  0.000105519            1 -0.001328745         3879
426.250 -0.008958674            1  0.060408922            7  0.095992363            5  0.001619578         3898
428.750 -0.001075565            2 -0.000059789            4         -nan            0 -0.000868931         3832
431.250  0.000685838            1  0.000022630            1  0.001178771            4  0.001616524         4047
433.750 -0.346501638            1  0.069512451            5  0.000116188            1 -0.001025651         3966
436.250 -0.004343834            1 -0.002810693            5 -0.153952829            1  0.001510244         4055
438.750         -nan            0 -0.001230297            7  0.000298660            1  0.003877666         4076
441.250  0.000267351            1 -0.000164624            6 -0.000070558            2  0.000669128         4047
443.750         -nan            0  0.000070863            5  0.004777747            2 -0.001145070         4194
446.250  0.001445610            3  0.000695237            3  0.000994387            2 -0.001131573         4175
448.750  0.119349778            1 -0.000169200            6 -0.000647639            7  0.003894683         4103
451.250 -0.000191668            2  0.000365930            4 -0.000114804            1  0.003052876         4276
453.750         -nan            0 -0.051882931           11         -nan            0  0.002069431         4191
456.250 -0.021556233            2 -0.044495112            4         -nan            0 -0.001328258         4153
458.750  0.001202529            3 -0.000403588            4         -nan            0 -0.003321716         4236
461.250  0.000101880            2 -0.000357748            7 -0.001133175            2  0.003917922         4183
463.750  0.001897685            2  0.074445964            5         -nan            0  0.000648124         4145
466.250         -nan            0  0.090824177            5         -nan            0  0.001264235         4247
468.750         -nan            0  0.000002077            6 -0.000903932            3 -0.000951128         4312
471.250         -nan            0 -0.015294349            8  0.000000000            1 -0.001232634         4232
473.750  0.000000000            1  0.023156247            5  0.000163863            3  0.004671018         4270
476.250 -0.000152303            1  0.067333552            5  0.001008657            2  0.002622062         4443
478.750  0.000662897            2  0.005722384            4  0.000000000            2 -0.003429378         4330
481.250 -0.001429167            3 -0.000012983            7 -0.000609786            1  0.000601997         4390
483.750  0.000000000            1 -0.000059310            5 -0.000514833            2 -0.002068870         4409
486.250  0.310019458            2  0.001466978            6  0.000004332            2 -0.004582570         4442
488.750  0.055365031            2  0.017446793            6         -nan            0 -0.000955136         4464
491.250 -0.002864525            2  0.072362562           14  0.000127132            4 -0.000807205         4450
493.750 -0.000364075            1  0.030826470            5         -nan            0  0.007394082         4530
496.250 -0.000129113            1  0.009187103            6  0.077467910            2 -0.003357948         4433
498.750  0.002650251            2  0.000023062            3 -0.000882509            4  0.001980471         4511
