#   q     Cout       Nout      Cside       Nside       Clong        Nlong
  1.250  0.442752854            6  0.342350064            4  0.317886272            4         -nan            0
  3.750  0.568430431            3  0.186508225            5  0.432443960            6         -nan            0
  6.250  0.091607489            5  0.148473493            5 -0.580710591            9 -1.275533401            1
  8.750 -0.578684784            8 -0.934567505            5  0.400112945            6  0.537951171            4
 11.250  0.155841606            3  0.287958527            7  0.330113456            2  0.370218047           10
 13.750  0.227729374            6  0.327417529            5  0.080887635            4 -0.205096084           12
 16.250  0.251670288           11  0.168791309            4  0.237687227            5  0.065990258           11
 18.750  0.229086639            7 -0.420010783            6  0.171732347            7  0.353134969           16
 21.250 -0.009574845            3  0.083062543            4  0.259406577            3 -0.042736985           19
 23.750  0.048842836            5 -0.083561023            4  0.026319173            8  0.101087253           29
 26.250  0.353051192            1  0.171378188            2 -0.220622511            4  0.074747485           32
 28.750  0.163613810            3 -0.003624734            7 -0.210651397            5  0.039610710           46
 31.250  0.136692913            7  0.035055085            8  0.044461869            7 -0.017903688           48
 33.750  0.036014293           10 -0.127767876            7  0.024788348            3  0.029707933           72
 36.250  0.015918760            6  0.053852666            4  0.018276075            6 -0.006133601           53
 38.750 -0.036260628            4 -0.095858689            2  0.002867379            8 -0.019768015           71
 41.250  0.009342260            5  0.469594314            2 -0.007873281            7  0.046794958           78
 43.750  0.316456222            6  0.089985959            4 -0.026823115            5  0.028134222          102
 46.250  0.124327026            5  0.002631875            4  0.008926549            8  0.016087642          112
 48.750  0.023759002            7 -0.000618397            7  0.036360134            6  0.019399731          145
 51.250 -0.090155886            7  0.053038076            4  0.006521351            6  0.020230093          132
 53.750 -0.087858576            7 -0.149974981            7  0.010137539            7  0.001630096          156
 56.250  0.077257335            7  0.007077605            6 -0.002671197            7  0.018864986          188
 58.750  0.026056844            4 -0.035280352            7  0.032120763            4 -0.020850302          168
 61.250  0.083300846            2  0.038910382            4 -1.833101103            6  0.019221375          174
 63.750  0.018109826            5  0.016234431            8 -0.030738970            6 -0.044654268          174
 66.250 -0.007144740            7 -0.031543726            7 -0.005281608            6  0.010508341          242
 68.750  0.058870357            5  0.067823891            5  0.010801004            4  0.024192918          257
 71.250  0.003432523           10 -0.008583109            7  0.010848593            7 -0.008619669          273
 73.750  0.037983994            7 -0.004701848            7 -0.009460434            4 -0.000360174          278
 76.250  0.037247717            3  0.279924003            2 -0.001248841            2 -0.002086452          309
 78.750 -0.025335059            4  0.032257406            8 -0.001104259            2  0.009537694          305
 81.250 -0.035972104            5  0.134316656            2  0.010850896            7  0.014540675          331
 83.750  0.048009465            5  0.032706233            5 -0.002956563            5  0.007780007          361
 86.250  0.047594876            6  0.098781406            7  0.000671004            1  0.008060470          339
 88.750  0.031747271            4  0.027932131            7 -0.008101703            6  0.002918203          379
 91.250 -0.003760322            3  0.006841112            5  0.004021008            6  0.006898598          403
 93.750  0.009471769           10 -0.368811981            2  0.076564899            9  0.005197260          426
 96.250  0.076870610            6  0.035972647            4 -0.018594412            3  0.018892791          424
 98.750  0.038099693            3  0.000952796            4  0.000732308            2 -0.005156551          468
101.250  0.003397786            5 -0.006713081            7  0.048306207            6 -0.004910253          532
103.750  0.419930349            6  0.010194489            3  0.002234764            8  0.009066853          517
106.250 -0.194820503            5 -0.001781772            6 -0.001746087            3  0.003772129          552
108.750  0.000000000            1  0.051440526            3 -0.015225312            1  0.003409166          500
111.250  0.104359846            4 -0.002497366            5  0.092711035            5  0.018236848          532
113.750 -0.018439591            4  0.003930655           10  0.001176262            2  0.001331159          626
116.250 -0.014030684            3  0.003974558            7  0.030739155            7 -0.004417105          629
118.750  0.099489552            5  0.020972019            4 -0.001477379            6  0.002254267          656
121.250  0.014369590            5  0.002790972            4  0.007667877            3 -0.002464968          683
123.750 -0.038237620            7 -0.039875205            7  0.003068565            6  0.002549950          674
126.250 -0.143594626           10  0.011882255           10 -0.008433388            6  0.004506002          726
128.750 -0.019103605            9 -0.001698156            7 -0.027922127            5  0.003689617          702
131.250 -0.000294100            3 -0.005047452            3 -0.004971263            3 -0.001462329          722
133.750  0.813701515            1 -0.103346194            9 -0.009461974            6 -0.006164341          805
136.250  0.094331128            1 -0.000696673            2  0.024968182            9  0.011047871          835
138.750  0.010073578            4 -0.003106202            6 -0.000678805            4  0.001600859          867
141.250 -0.006601913            2  0.018007607            9  0.261543813            3 -0.000400375          915
143.750  0.010338272            5 -0.315821645            5  0.001111984            4 -0.005266785          879
146.250 -0.008086101            3  0.003008550            7  0.003471796            3 -0.006090458          906
148.750 -0.000781387            2 -0.054084368            6 -0.033975478            4  0.009665734          928
151.250  0.041732433            3 -0.000816739            8 -0.026261174            9  0.006498051          978
153.750 -0.007113298            1  0.007061912            7 -0.186912799            4  0.000890946          979
156.250  0.000415920            4  0.000155465            5  0.000745649            3  0.006755370         1018
158.750         -nan            0 -0.001723100            4 -0.299327412            3  0.003095721         1026
161.250  0.029891424            4 -0.000927661            9  0.001532391            2  0.007292145         1107
163.750 -0.007684736            3  0.000348619            4  0.000468474            8  0.007801062         1092
166.250 -0.003935246            8 -0.096820598            6  0.002077237            3 -0.001839632         1129
168.750  0.015260146            4 -0.002417063           12  0.156416108           10 -0.005616154         1161
171.250  0.001442491            1  0.142586125            8 -0.106965513            5  0.002474375         1245
173.750  0.284304844            8  0.000676048            7  0.049351253            7  0.000530611         1208
176.250 -0.003607212            3  0.000000000            1 -0.008159238            2 -0.001925087         1322
178.750 -0.004670648            8 -0.071250026            6 -0.021824338            5 -0.004130090         1287
181.250  0.000000000            1 -0.021489834            9 -0.000955456            6  0.000798792         1336
183.750 -0.002542513            2  0.332676078            5  0.011310610            6 -0.003417520         1382
186.250 -0.004653020            1  0.000017879            5 -0.009956228            1 -0.008490754         1374
188.750 -0.013006095            7  0.000486259            6 -0.001194606            4 -0.002335667         1408
191.250  0.001981825            4 -0.001244011            6  0.060929371            3 -0.004362078         1405
193.750  0.016460940            3  0.000655405            2 -0.000940312            6  0.002642641         1464
196.250 -0.069088825            2  0.004818816            7  0.013744769            2  0.002347341         1474
198.750  0.008830835            3  0.331106758            3  0.253474398            3 -0.000899297         1553
201.250 -0.055168076            2  0.000643098            3  0.001333387            2 -0.005124179         1504
203.750 -0.001128691            4 -0.000223894            6  0.000277167            5 -0.004494867         1575
206.250  0.011499972            3 -0.000217338            3 -0.086689045            6  0.005974579         1580
208.750  0.000174450            2  0.008846343            9  0.011623497            5  0.005411271         1620
211.250 -0.470862781            1 -0.036488563            7  0.183210074            6  0.000798875         1689
213.750 -0.000232112            3  0.009718559            5  0.004045750            7  0.010900201         1723
216.250  0.002948376            2  0.008329702            5  0.000908379            7  0.000285667         1738
218.750  0.000850807            5  0.047583896            6  0.001315865            1  0.004071776         1758
221.250 -0.002839098            4 -0.005907128           10 -0.000563380            3 -0.002923522         1739
223.750 -0.003944441            3 -0.005587012            9  0.001996365            2  0.006980320         1796
226.250 -0.001160437            3  0.003786676            3  0.001013883            3 -0.005464912         1819
228.750  0.001229353            2  0.009252647            5  0.000395966            5 -0.003811656         1895
231.250  0.004347574            4  0.000195997            4  0.002041207            8 -0.001899767         1889
233.750 -0.100293457            4  0.000082284            6  0.001276598            6  0.003795126         1872
236.250  0.007511318            5  0.000811400            4  0.002660113            2 -0.004621113         1921
238.750 -0.005231081            2  0.000203183            8  0.031706352            5 -0.007324297         2045
241.250 -0.004090613            2 -0.003610869            6 -0.001939091            4  0.000891913         1969
243.750  0.001911003            3  0.000489679            6 -0.006176798            4  0.000993884         2050
246.250  0.009212759            2 -0.000768699            4  0.000873086            3 -0.004798009         2059
248.750  0.012243283            1  0.018209975            5         -nan            0  0.001521672         2131
251.250  0.000000000            1 -0.051080553            4  0.000043200            3 -0.000711255         2129
253.750 -0.000301162            1  0.000653432            3 -0.003285181            3 -0.000262787         2173
256.250 -0.464459728            4  0.299961063            8 -0.006675959            5 -0.006081738         2129
258.750  0.157434359            6 -0.000973471            7  0.000424467            7 -0.001509257         2301
261.250         -nan            0  0.001130201            3         -nan            0  0.006096195         2250
263.750  0.025398524            5 -0.045132992           10 -0.000016512            3  0.001847047         2222
266.250         -nan            0  0.076917365            6  0.003601782            3  0.001991773         2309
268.750 -0.000453556            2  0.017271196            7  0.000509325            3 -0.002479161         2343
271.250         -nan            0 -0.000343970            5         -nan            0  0.002022075         2347
273.750 -0.226365376            3  0.008904387            8  0.000532665            4  0.001395549         2457
276.250 -0.000302293            4  0.000133744            5  0.000000000            1  0.000428094         2409
278.750  0.001139155            3  0.001862043            4  0.002731765            5  0.003347777         2458
281.250 -0.121300012            7 -0.016305348            5  0.345007116            2 -0.001618328         2420
283.750 -0.002316844            1  0.000708524            4 -0.000391472            4  0.001481537         2464
286.250 -0.013978397            3  0.001457763            4  0.000127265            3  0.003066353         2552
288.750  0.043027994            9 -0.000311358            5  0.001027331            4 -0.004885954         2592
291.250 -0.002321614            2  0.000863748            4  0.027331314            3 -0.002641198         2454
293.750  0.021089584            4 -0.030632272           13 -0.001497286            2 -0.003763851         2591
296.250 -0.001840486            2  0.016119101            6  0.000037397            3  0.003257961         2605
298.750  0.005285946            1  0.000515203            7 -0.001968229            4  0.001600629         2648
301.250  0.000000000            1  0.000221514            4  0.003141381            3  0.000674102         2638
303.750 -0.019824893            4  0.160004185            5  0.000158796            3  0.001604246         2720
306.250         -nan            0 -0.061129536            4 -0.000809651            5  0.000388488         2830
308.750 -0.000329968            2  0.004427836            7  0.000581917            3 -0.002669308         2763
311.250 -0.001244368            2  0.000000000            2  0.005018925            3  0.000370194         2736
313.750 -0.134133990            1 -0.003016182            6 -0.000436395            1  0.002880310         2764
316.250  0.000290110            1 -0.022350978            7  0.018843146            3  0.000101142         2879
318.750  0.083315119            3 -0.000050727            5 -0.025636289            2  0.004487964         2786
321.250  0.006531494            5 -0.000079638            6  0.044197332            4 -0.002123276         2835
323.750  0.285486030            1 -0.000118023            4 -0.001026894            2 -0.003298799         2922
326.250  0.066024558            2  0.060222165            9  0.000026879            2  0.002195275         3039
328.750 -0.142418672            3  0.012639205           13  0.000042285            2 -0.003143643         3010
331.250 -0.004853872            2 -0.000413161            6  0.000655792            3 -0.001705939         3115
333.750         -nan            0  0.024235889            5  0.015092426            5  0.007790172         3031
336.250 -0.001668686            2  0.000624738            8 -0.279674128            2 -0.002292702         3051
338.750         -nan            0  0.000896526            6  0.000619457            5 -0.001132986         3017
341.250  0.005862439            3 -0.000025041            3  0.090012679            3 -0.003775052         3106
343.750 -0.002929678            3 -0.043378260            6 -0.008941055            4 -0.000353844         3138
346.250  0.000479287            2  0.000088086            4  0.018892965            2 -0.002752365         3186
348.750 -0.012481211            5  0.002085978            6 -0.082324215            2 -0.002983499         3193
351.250  0.021836019            3  0.112220678            8 -0.000395088            2  0.007334299         3201
353.750 -0.000832905            4  0.056707278           10 -0.012068633            2  0.009055312         3193
356.250 -0.030138916            6  0.000061961            2  0.018094483            4 -0.000618344         3283
358.750  0.000032562            5 -0.029916755            6 -0.003081286            3 -0.004388799         3174
361.250         -nan            0  0.002523265            9  0.002170715            5  0.003336469         3236
363.750 -0.000194300            2  0.056782017            4  0.000489967            4 -0.004876075         3370
366.250         -nan            0 -0.002671760           11         -nan            0 -0.000562089         3508
368.750  0.003127754            6  0.000246366            6 -0.000721613            2 -0.002294700         3383
371.250  0.000478001            1 -0.000442419            2  0.031381167            2  0.003425704         3461
373.750 -0.001158046            1 -0.016954630           10  0.071145644            3  0.005082599         3472
376.250  0.000848902            2 -0.000876843            5  0.173284892            3 -0.002771047         3464
378.750         -nan            0 -0.000467233            6 -0.002427781            3  0.002438095         3410
381.250 -0.000273105            1  0.000677920            7         -nan            0 -0.001044413         3374
383.750 -0.001932433            2 -0.000776162            5  0.000104654            2 -0.002670129         3496
386.250  0.013076544            3  0.012392682            7 -0.102245861            4  0.004600015         3528
388.750  0.120424694            4  0.008337237            9  0.000384769            2 -0.005837567         3587
391.250  0.000022213            2  0.008959128            5  0.000229942            1 -0.000122394         3595
393.750  0.001136154            5  0.051169711            9  0.000585484            4  0.004492642         3733
396.250  0.006886874            1  0.000333786            7  0.000071539            2  0.001683099         3645
398.750         -nan            0  0.000000000            3  0.000140883            5  0.004863955         3729
401.250 -0.000181029            1  0.037757653            3  0.004199262            4  0.001370924         3635
403.750  0.023227791            3  0.055951773            9 -0.000232969            2 -0.001491596         3628
406.250 -0.001634872            4 -0.000079461            5  0.000113340            2  0.001467158         3754
408.750 -0.000337309            2 -0.021264710            5  0.000172337            4 -0.005874950         3729
411.250 -0.000149682            2  0.000178672            4 -0.000374838            2 -0.004348510         3784
413.750 -0.073096153            1 -0.000108156           10  0.000000552            3 -0.001025046         3705
416.250 -0.000213938            1  0.000202501            7  0.000382952            4 -0.001134311         3793
418.750 -0.003625627            3 -0.067552846            3  0.000081248            3 -0.002847503         3935
421.250  0.008887619            2 -0.000007423            5  0.063161838            3  0.001612443         3817
423.750  0.000000000            1 -0.002922962           11  0.000228445            5  0.002061048         3879
426.250 -0.015262827            1 -0.071217381            5 -0.000008846            2  0.000125384         3890
428.750 -0.003578455            3  0.000016603            8         -nan            0 -0.004454432         4047
431.250  0.000710104            1 -0.017474791            3 -0.000077181            4 -0.002430464         3855
433.750  0.001294478            1 -0.000119149            5         -nan            0  0.001247513         4016
436.250 -0.000060015            2 -0.000711561            3  0.000731953            4 -0.001074438         4020
438.750         -nan            0  0.013271636            8 -0.037926330            2 -0.000937177         4064
441.250  0.003981780            1  0.004889270            5  0.000190460            4  0.000552893         4016
443.750 -0.000179828            4 -0.349358515            3  0.000099520            2  0.001351661         4123
446.250 -0.005410196            3  0.000045389            3 -0.001318331            1 -0.000964117         4045
448.750 -0.000090981            2 -0.000075606            1  0.000060211            2 -0.006826996         4108
451.250         -nan            0  0.000058407            4  0.001031149            2 -0.003129614         4130
453.750  0.000990743            2 -0.000150668            6 -0.000064123            1  0.001153581         4092
456.250         -nan            0 -0.000132833            2 -0.000278840            4 -0.000233673         4228
458.750         -nan            0  0.000020135            5  0.279079067            2  0.000158256         4133
461.250         -nan            0 -0.004084589            5  0.011580991            2  0.000660491         4242
463.750         -nan            0 -0.012362779           10 -0.000207662            3  0.000318608         4291
466.250  0.019058626            2  0.000006453            4 -0.000155578            5  0.001088679         4219
468.750  0.001967411            2  0.000169913            3  0.095133409            3 -0.004701704         4260
471.250  0.000488179            1 -0.000670774            5  0.000240154            1 -0.000356037         4341
473.750         -nan            0 -0.002242066            7 -0.000191178            4  0.001942865         4552
476.250 -0.008397490            1 -0.000036446           10 -0.000502362            2  0.001286473         4276
478.750 -0.000236418            1 -0.047126581            4 -0.000879935            1 -0.000088129         4399
481.250 -0.000107238            1  0.000070684            6 -0.000076894            1 -0.000296997         4386
483.750         -nan            0  0.000521186            5         -nan            0 -0.000877107         4521
486.250 -0.000051552            3  0.010254638            7  0.000377703            5 -0.000914703         4552
488.750         -nan            0 -0.000099992            7         -nan            0  0.000853492         4479
491.250  0.000110098            1  0.007579107            5  0.001963223            1 -0.003351090         4409
493.750  0.000000000            1 -0.217994279            6         -nan            0 -0.004497889         4519
496.250  0.000254577            2 -0.000533712            5 -0.000201391            1  0.002459168         4443
498.750 -0.005812896            1  0.000639067            4 -0.020889821            4 -0.002752620         4618
