#   q     Cout       Nout      Cside       Nside       Clong        Nlong
  1.250  0.416266347            3  0.510463326            3  0.491761080            5         -nan            0
  3.750  0.409311301            3  0.688028102            6  1.099651590            1         -nan            0
  6.250  0.652454692            4  0.542371410            4  0.194112267            4  0.789364369            1
  8.750  0.132647837            7  0.255555733            6  0.401355188            7  1.084791409            2
 11.250  0.431587767            4 -0.036250133            1 -0.069541225            5  0.316232918            8
 13.750  0.277911118            5 -0.032522545            6  0.583576744            4  0.471325427            8
 16.250  0.164275286            9         -nan            0  0.117680445            8  0.219141931           14
 18.750  0.120970624            3  0.137537041            9  0.158479126            3  0.080407634           15
 21.250  0.354778260            7  0.055215198            4  0.066431318            3  0.152071837           26
 23.750  0.161437383            4  0.116990073            7 -0.140866668            7  0.033652485           21
 26.250  0.132792727            2  0.020541326            7  0.006108270            9 -0.023063991           39
 28.750  0.128491949            5  0.157252694            4 -0.036466235            6  0.051520631           39
 31.250  0.118596462            7  0.057411068            2  0.021255299            7  0.037202838           62
 33.750  0.160908365            6  0.023102685            5 -0.027518546            4  0.035907563           59
 36.250  0.052487981            7  0.112201008            6  0.090153978            4  0.036772374           69
 38.750  0.291400427            3  0.057124382            5 -0.114867709            6  0.023449595           67
 41.250  0.115724112            2  0.017953396            9 -0.002697936            9  0.019961237           88
 43.750  0.041209997            5 -0.010793635            6  0.451387382            5  0.026244450          108
 46.250  0.051638543            7 -0.144073732            2  0.000222784            6  0.051795795          110
 48.750 -0.003278740            9 -0.091002533            8  0.056308826            4  0.008134414          117
 51.250  0.083776007            6  0.025619499            4  0.027750298           12  0.031899432          155
 53.750  0.034432955            6 -0.010650852            3  0.005829880            7  0.009975553          147
 56.250 -0.076659036           12  0.006722322           12 -0.060457517            4 -0.007288940          144
 58.750  0.053207069           12  0.000000000            1 -0.312797867            7 -0.010055898          177
 61.250  0.035962372            5 -0.027594807            3  0.022548500            6 -0.006276265          189
 63.750  0.028170900            3  0.009072941            5 -0.043103853            5  0.014732335          183
 66.250 -0.010217036            4  0.069677308            7  0.007110805            3  0.011886067          236
 68.750 -0.157321895            7  0.011727180           13 -0.023655830            1 -0.010269288          259
 71.250  0.042540728            5  0.023621151            4  0.004088213            5 -0.003756367          255
 73.750  0.022329902            6  0.008176024            8  0.001792149            7  0.001244401          266
 76.250  0.080004227            6 -0.017413510            9  0.021559777            4  0.021282332          265
 78.750  0.053894371            3 -0.006409578            4  0.007282604            4 -0.039289999          320
 81.250 -0.004481772            6 -0.247834380            7 -0.002275008            2  0.010292987          278
 83.750  0.033217753            8 -0.014987651            2 -0.005156341            4  0.001667296          345
 86.250  0.022337107            5 -0.013675213            6  0.025381430            3 -0.012765436          363
 88.750 -0.018355229            3 -0.003222702            5  0.026445142            5  0.003647890          396
 91.250  0.048476332            6 -0.120508670            5  0.007458775            6  0.002250143          406
 93.750 -0.007132292            4  0.010413799            7  0.007369599            5  0.018189606          464
 96.250  0.000823388            5  0.002130421            7 -0.136747233            5 -0.003048772          456
 98.750 -0.144434693            3  0.005383396            6 -0.005960648            2 -0.000773980          455
101.250 -0.010756397            5 -0.008484193            6  0.001843115            3  0.005093830          515
103.750  0.030519299            2 -0.002980342            6 -0.005684481            4  0.006315059          506
106.250 -0.009613474            6 -0.017503916            4  0.006010850            3 -0.003240798          530
108.750 -0.022760127           11  0.067915428            4 -0.027230616            7  0.003820318          549
111.250  0.056152722            5 -0.004047152            3  0.001057031            5  0.001271364          586
113.750 -0.021785768            6 -0.106020591            5  0.148034403            7  0.003468002          624
116.250  0.006816304            6  0.018763195            9  0.024950761            5 -0.016999944          600
118.750 -0.016105226            1  0.028857789            5 -0.003304942            4  0.001762069          655
121.250  0.002615747            4  0.020276076            9  0.152957996            5  0.007717487          705
123.750  0.131547856            8  0.021633318            6 -0.000138045            5  0.009353774          718
126.250 -0.003631003            6 -0.001238661            6  0.040582758            4  0.003262831          728
128.750  0.012933734            3  0.000103319            7 -0.128925359            2 -0.002602659          783
131.250  0.064616543            8  0.009496548            4  0.007698386            9 -0.006738235          789
133.750 -0.000252727            3  0.003571248            7 -0.010876747            7 -0.002725211          805
136.250  0.125504165            7  0.001587117            8 -0.000061908            6 -0.001634244          826
138.750  0.000000000            1 -0.002149777            3  0.084348305            4  0.007693669          879
141.250  0.003375777            5 -0.059942744            5  0.009389966            4 -0.006556971          850
143.750 -0.005235690            8 -0.450381257            6  0.029119827            5 -0.000655343          925
146.250 -0.076661678            3  0.001176001            5  0.000407876            3  0.012483884          868
148.750 -0.002946392            4 -0.002779744            2 -0.052817254            4 -0.000146643          947
151.250 -0.003940978            5  0.003123402            2  0.086241249            4  0.008153867          964
153.750  0.016665741            3 -0.000790722            5  0.078593640            4  0.003092261          966
156.250  0.000000000            2  0.005570620            9  0.120799853            1  0.008438392         1013
158.750  0.002314491            3 -0.098085218            8 -0.002160730            3  0.009794546         1075
161.250  0.031273941            4  0.047940719            8  0.505394065            5  0.018008175         1109
163.750  0.029710799            6  0.304487968            6 -0.001265617            5  0.006300115         1158
166.250  0.001797949            3 -0.001902631           11 -0.005561570            1 -0.001603447         1143
168.750  0.003186574            3 -0.439363606            3 -0.030473306           11  0.004211524         1218
171.250  0.148669497            5 -0.174431538            5  0.007228717            8  0.003976243         1204
173.750 -0.187813302            2  0.260537858            7 -0.004335318            2  0.000842912         1204
176.250 -0.003876112            1 -0.002057754            6  0.003728578            6 -0.006000737         1254
178.750 -0.000330633            3 -0.000839890            5 -0.001892860            6  0.000963675         1214
181.250  0.063341359            3  0.001154741            6 -0.116115193            7  0.002753740         1281
183.750 -0.003691774            3 -0.008723680           10  0.040277667            5  0.003239530         1361
186.250  0.027438009            5 -0.002591003            5 -0.000089445            2  0.000217050         1340
188.750 -0.019770709            1 -0.037412688            7  0.015690058            5  0.003631099         1361
191.250 -0.000147097            4 -0.006868707            8 -0.059140357            3  0.005561339         1463
193.750  0.006459141            7  0.231931056            6 -0.009593388            2 -0.000977509         1420
196.250 -0.019348407            4  0.003294770            6  0.147036667            3  0.001638641         1447
198.750 -0.002393243            2 -0.000682832           10  0.302380935            5  0.000927792         1509
201.250 -0.082719978            4 -0.001522363           11  0.022100322            4 -0.002814413         1575
203.750 -0.000214883            1  0.011841946            7  0.000486644            3 -0.000303055         1524
206.250  0.000276135            1 -0.000327474            3  0.017471158            5  0.004130104         1640
208.750  0.210006504            3  0.005315319           10  0.000228093            6  0.003513635         1624
211.250  0.004709306            3  0.010348913            6 -0.049251950            4  0.000014769         1597
213.750  0.001390836            6  0.007623700           11  0.003414594            4  0.006168479         1676
216.250         -nan            0  0.167919969            3  0.002472689            1 -0.008469090         1660
218.750  0.008921692            4  0.017874400            6 -0.001250859            2 -0.001676009         1740
221.250  0.044333234            5  0.008403655            5 -0.000137001            3 -0.002099714         1737
223.750  0.044486038            4  0.134816199            7  0.022301393            5  0.006282603         1764
226.250  0.008858285            3 -0.000449274            3  0.023619600            6  0.002512362         1742
228.750  0.081349052            5 -0.029508053            6 -0.121628782            5 -0.003132390         1959
231.250 -0.001739586            3 -0.000461768            4         -nan            0  0.001602170         1850
233.750  0.001378418            4 -0.014320930            4  0.636426666            6  0.000491456         1926
236.250  0.000454782            2 -0.001550842            2 -0.024616735            4  0.006686896         1918
238.750  0.003122024            2  0.051524639            7 -0.000932618            2  0.004540618         1929
241.250 -0.003181076            6 -0.013727451            9 -0.130801705            6  0.005685970         1944
243.750 -0.001204163            1  0.010184708            6  0.035852222            5 -0.000670434         2018
246.250         -nan            0  0.001150795            2  0.000955952            5  0.001524734         2132
248.750 -0.117940455            3  0.001571758            8  0.051583630            2  0.000124754         2126
251.250 -0.086371790            2 -0.006377597            9  0.000416818            3  0.009257261         2148
253.750 -0.002752619            1 -0.000280032            8  0.003304857            3 -0.004537347         2097
256.250 -0.074513391            3  0.074454563            7  0.001922439            3 -0.002520160         2133
258.750  0.000957557            4  0.001932828            3  0.000291737            4  0.003203100         2229
261.250  0.001168144            5  0.000873441            8 -0.101227444            3  0.003309158         2308
263.750 -0.001634780            2 -0.000038939            8  0.000000000            1 -0.002842316         2177
266.250  0.006672278            8  0.000072198            8  0.000213721            1  0.007238783         2377
268.750  0.001482110            2 -0.008614856            8 -0.003390148            5  0.001928159         2301
271.250 -0.000052406            3 -0.077034055           11 -0.093151973            4  0.010016086         2419
273.750 -0.052051991            3 -0.090492139            6  0.146148821            4 -0.003140832         2370
276.250 -0.000195955            3 -0.057539156            7 -0.000244893            1  0.000863837         2462
278.750 -0.007325618            1  0.065262938            7  0.002624311            3  0.010116130         2397
281.250 -0.056712378            3  0.000763608            2  0.002263862            5  0.001604485         2546
283.750  0.000729002            2 -0.174180951            6 -0.000003854            4 -0.004616748         2463
286.250 -0.001104241            7 -0.001256095            9  0.000000000            1  0.004010371         2614
288.750 -0.128327527            4  0.088562996            6  0.111661745            4  0.002176028         2566
291.250  0.001981376            2 -0.000007961            6 -0.001900511            4  0.002309560         2543
293.750 -0.103570066            3 -0.012049172            3 -0.000957032            2 -0.001687836         2538
296.250  0.000718779            1 -0.004184831            5  0.000604127            7  0.000438752         2571
298.750 -0.000293124            1 -0.000904761            5         -nan            0 -0.001546196         2662
301.250  0.000000000            1  0.001653765            5 -0.018392843            3  0.001188531         2637
303.750         -nan            0 -0.011082691            5  0.001350329            5  0.002933554         2735
306.250 -0.058156259            3  0.000539109            5  0.021487396            5  0.004340818         2653
308.750         -nan            0 -0.000440149            5  0.000756716            4 -0.004368415         2809
311.250  0.000303327            1  0.005984617            8 -0.000474857            3  0.002718270         2728
313.750  0.005886712            4  0.001865879            4 -0.055602822            6  0.004336443         2840
316.250 -0.000912838            4 -0.005090902            7  0.000143420            2  0.001448252         2882
318.750 -0.184315252            1 -0.011501719            9 -0.000287015            3  0.002361515         2878
321.250  0.168890960            5  0.030222413            5         -nan            0  0.007598722         2923
323.750  0.008118980            3 -0.124142970            2 -0.118659089            4  0.001628119         2939
326.250  0.000000000            1  0.000397232            8  0.000505238            8 -0.002575443         3026
328.750 -0.005538570            5  0.071021138            5         -nan            0 -0.011101174         2924
331.250  0.022242707            3 -0.093765138            8  0.000573597            1  0.003029387         2932
333.750 -0.000000000            1  0.001873664            6 -0.000667949            2  0.003857018         3106
336.250 -0.040496764            1  0.002711745            7  0.000434874            3  0.004107697         3184
338.750 -0.042013084            1  0.000200708            6  0.061192583            5 -0.000815697         3011
341.250 -0.007434232            2 -0.000052391            6         -nan            0 -0.001928481         3135
343.750 -0.002946231            1  0.000710672            4 -0.458624885            1 -0.001795769         3140
346.250         -nan            0  0.049833060           11  0.000345017            3  0.001467282         3168
348.750  0.010500737            4  0.007781176            6         -nan            0  0.002904744         3172
351.250  0.000000000            1 -0.000154317            5 -0.000815778            5  0.004116741         3121
353.750  0.000812915            1 -0.003543543            5 -0.011575670            3  0.001421327         3281
356.250  0.008914162            2 -0.031417027            5  0.000000000            1  0.000162189         3205
358.750 -0.188151164            4  0.000010991            4 -0.000227595            2 -0.000708921         3254
361.250         -nan            0 -0.016331619           10 -0.000091024            3 -0.000015063         3403
363.750  0.000307822            2  0.016652279           11 -0.000038178            4  0.001672791         3419
366.250  0.006087568            2  0.000015342            9 -0.000866925            2 -0.001456603         3452
368.750 -0.000480586            1  0.000215705            2  0.000066808            2  0.002873245         3381
371.250  0.000030358            2  0.000094409            5  0.005427660            7 -0.001103295         3394
373.750 -0.002745998            1 -0.019167171            7  0.000000000            1 -0.003460888         3507
376.250  0.001087525            3 -0.000215792            7 -0.000042943            1  0.000806567         3424
378.750  0.000000000            2 -0.000104476            6 -0.000441405            3  0.001613330         3401
381.250 -0.098960526            1 -0.000200507            5         -nan            0  0.003023143         3470
383.750 -0.192009268            1 -0.000313648            8  0.075973877            4  0.002412300         3551
386.250         -nan            0  0.002581520            3 -0.003582703            3  0.003272768         3617
388.750  0.001101393            2 -0.012060879            7 -0.001060936            2  0.001114510         3522
391.250 -0.000172221            3 -0.000005279            6 -0.000082660            2 -0.003500494         3572
393.750 -0.000343757            1  0.000991887            8 -0.000064827            1  0.001270335         3516
396.250         -nan            0  0.000004068            4  0.000393356            3  0.000935656         3591
398.750 -0.022087626            1 -0.000176076            5 -0.013762871            5  0.004986830         3699
401.250 -0.000301340            2  0.004067484            6  0.000231566            1 -0.003347076         3565
403.750  0.000016594            1 -0.211085364            5  0.000601144            1  0.003406028         3606
406.250  0.000411497            1 -0.000015954            5 -0.001028976            5  0.004514691         3802
408.750         -nan            0  0.000288062            8  0.000274719            3  0.001720725         3742
411.250  0.000000000            1 -0.000201960            5 -0.060085340            2  0.003672064         3707
413.750 -0.000159747            1 -0.006166794            6 -0.026488198            2 -0.004570853         3781
416.250  0.000025170            4 -0.103793522           10  0.000270091            2  0.003133862         3854
418.750  0.000000000            1 -0.029363001           10  0.003357356            4  0.002903943         3832
421.250         -nan            0  0.000049843            7  0.001159708            2 -0.002470655         3880
423.750 -0.002126769            2  0.011599830            7 -0.000004846            4 -0.003977730         3794
426.250         -nan            0 -0.025779327            6 -0.000127643            1  0.003899806         3848
428.750  0.000000000            1  0.122511751            5 -0.004207224            5 -0.002603881         4032
431.250 -0.000173512            2  0.000237991            3 -0.001190581            1  0.001228978         3979
433.750         -nan            0  0.003203470            6  0.000154108            3  0.002711573         4048
436.250  0.003891159            1 -0.014601257            4  0.000679138            3  0.004367703         3945
438.750  0.005632839            2 -0.012669070            4  0.000000000            1 -0.002998864         4153
441.250 -0.000143985            1 -0.071335406            5  0.000242818            1 -0.001872662         4057
443.750  0.000250715            2  0.081084366            4 -0.432339145            2 -0.000708349         4008
446.250         -nan            0 -0.062725064            5 -0.000121779            1 -0.000546050         4107
448.750 -0.003671895            2  0.000065784            2  0.000097016            1  0.000681061         4068
451.250 -0.001144701            1 -0.000071598            9 -0.044319599            2 -0.001871492         4209
453.750  0.000658675            2 -0.000219727            4 -0.000086918            1 -0.001707479         4127
456.250  0.001463212            3 -0.000001780            4 -0.000801074            2 -0.001552444         4143
458.750 -0.000318552            3  0.000735258            2         -nan            0  0.004114027         4261
461.250         -nan            0 -0.001052033            5  0.103314392            4 -0.003255227         4071
463.750  0.000000000            1  0.000555158            8         -nan            0  0.007489616         4181
466.250  0.000635719            2 -0.106942311            3  0.000907716            1 -0.000823494         4288
468.750  0.141212397            2  0.000642369            4         -nan            0  0.002112165         4278
471.250  0.000000000            1  0.000446498            7  0.143793218            2 -0.001385002         4286
473.750  0.000087459            4  0.000028694            9  0.000281292            1  0.000055829         4311
476.250         -nan            0  0.000022191            3  0.022454545            3 -0.001307663         4286
478.750         -nan            0  0.025109703            6  0.000436290            3 -0.000619044         4269
481.250         -nan            0 -0.000129109            6  0.000000000            1  0.000505439         4419
483.750 -0.000050143            2 -0.000365397            5  0.000187293            3 -0.001429541         4300
486.250         -nan            0 -0.000044767            3         -nan            0  0.000220185         4405
488.750 -0.000457635            1  0.018360445            3 -0.000070950            3 -0.000740379         4496
491.250         -nan            0 -0.000262510            9 -0.000144520            2  0.001996614         4540
493.750 -0.000225072            2  0.098149031            6 -0.000016668            2 -0.001406917         4478
496.250 -0.000187963            1  0.019716263            9 -0.168168265            2  0.003416265         4523
498.750  0.000003632            4  0.000178066            6  0.000161394            3 -0.000541246         4531
