#   q     Cout       Nout      Cside       Nside       Clong        Nlong
  1.250  0.546814120            7  0.208467178           11  1.004212157            6         -nan            0
  3.750  0.255187334            4 -0.021302682            6 -0.440566160            8  6.398625412            1
  6.250 -0.434061054            8 -0.412380749            2  0.000000000            2 -1.945839041            3
  8.750  0.017181846            6  0.411048458            6 -0.159662993            7  0.033325921            7
 11.250 -0.048347798            5 -0.066435289            5  0.334403300            7  0.949359736            6
 13.750 -0.040552812            6 -0.413446786            6 -0.454988477            6  0.035739135           12
 16.250  0.114395969            6  0.463053901            7 -0.090205550           11  0.135599901            8
 18.750  0.431979829            5  0.079285726            9  0.255237241            8  0.024190648           23
 21.250  0.270112602            7  0.024558367            4  0.170188519           10  0.073123498           42
 23.750  0.090784977            7  0.101818734            6  0.064499775            6  0.095801419           28
 26.250  0.116178819            9  0.079224037            6  0.036793159            6  0.103905919           40
 28.750  0.085695455            5  0.111121935            9  0.023228427            9  0.027892958           46
 31.250 -0.036285583            3 -0.109986321            9 -0.025007705            9  0.048929999           47
 33.750  0.071664621            6  0.070286385            2  0.101624947            7  0.039939140           73
 36.250 -0.080130783            2  0.109510202            6 -0.107597469            6  0.036028946           69
 38.750  0.138060036            4  0.041346955            7 -0.042873270            3  0.042410339           74
 41.250  0.016693933            4  0.025336437            7 -0.022520590            6  0.008357836           90
 43.750  0.011501523            4 -0.011613058            5  0.016923758            4 -0.052797620          106
 46.250  0.006883425            6 -0.011324264            5 -0.006566287            5  0.029470614          125
 48.750  0.035932487            7  0.032569133            5 -0.022956612            5  0.024249157          124
 51.250  0.129333727            2  0.071880344            6 -0.013327420            4  0.025662496          129
 53.750 -0.040802602            4 -0.020057165            4 -0.014444487            6  0.015514862          139
 56.250  0.015996372            6 -0.001023240            8  0.005523841            6  0.023822792          153
 58.750 -0.003363382            6  0.037844758           14  0.053277918            8  0.019159401          214
 61.250  0.015825445           11  0.002172592            4  0.067719820            7  0.007354728          176
 63.750 -0.066346065           10 -0.021858195           11  0.034790178            7  0.029057557          225
 66.250  0.078598873            1  0.032249987            6  0.526204320            1  0.009592723          209
 68.750  0.075343992            6 -0.151030023            5 -0.005676222            6 -0.005539885          238
 71.250 -0.002581140            2  0.002995329            2  0.023002958            3 -0.000508955          234
 73.750 -0.008077412            3 -0.003462297            3 -0.001153851            4  0.011937437          288
 76.250  0.037871299            6  0.003475720            3  0.037796909            7  0.015119418          315
 78.750 -0.046879361           10  0.028769333            4 -0.003136447            6  0.008128399          294
 81.250 -0.000296796            7 -0.003595386            5  0.459256640            6  0.017572360          341
 83.750  0.155149249            5 -0.041236637            8 -0.010510039            4  0.007851745          340
 86.250  0.259468628            3 -0.029496128            8  0.004416832            7  0.025895017          367
 88.750  0.002093279            3  0.000184909            8  0.007311123            8 -0.009469821          389
 91.250  0.016410386            1  0.008691886            5  0.033065326            6 -0.007611077          384
 93.750  0.006255111            8 -0.001724003            6 -0.019360220            7 -0.011562690          435
 96.250  0.142915346            7  0.107172031            5 -0.004119332            6  0.008491850          491
 98.750  0.025767395            5 -0.009558084            8 -0.007786687            3  0.013489492          438
101.250  0.231053869            4  0.006829107           10 -0.114466047            5  0.005902205          491
103.750 -0.025161681            7  0.002857953            3 -0.002727478            1  0.007306100          473
106.250 -0.021221792            6  0.027208972           10  0.001770942            4  0.004311920          534
108.750 -0.005553377            4 -0.009182185            2  0.032048196            4 -0.002322174          548
111.250  0.133224938            5  0.003011099            4  0.008260401            8  0.005054748          582
113.750 -0.005456793            1  0.001376294            6 -0.001858132            3  0.001791423          596
116.250 -0.004478629            6  0.000000000            2 -0.000001642            6 -0.004313327          584
118.750  0.063858641            7  0.067788318            4 -0.017146740            3  0.002397105          635
121.250  0.009179130            3  0.048611692           11 -0.113495942            6 -0.005330212          667
123.750 -0.055181267            4  0.011122696            7 -0.004748813            3  0.014049473          710
126.250 -0.005128931            4 -0.003130614            6  0.034013632            4 -0.002703863          691
128.750  0.018634398            5 -0.051401383            5 -0.002836127            4  0.000859331          742
131.250  0.103332678            6 -0.000725574            6  0.140317636            4  0.005409793          811
133.750  0.330037467            2 -0.023066364            7 -0.330518354            3  0.004732191          780
136.250 -0.001408243            5 -0.034787582            2  0.001215793            5  0.002999636          779
138.750  0.002190114            6  0.000277195            2 -0.007447327            7 -0.004632614          860
141.250  0.103155347            4 -0.064907019            9  0.092639698            2 -0.002872236          877
143.750 -0.005632676            6 -0.134861574            9  0.001399644            3 -0.007817903          904
146.250  0.024466276            7  0.003576378            9 -0.151798087            5 -0.003078843          953
148.750  0.013687902            3  0.009100624            5  0.001557173            5 -0.011317596          923
151.250 -0.014058805            8  0.001599942            2 -0.010943727            6  0.000249374          978
153.750 -0.000298048            1 -0.002253525            5  0.014452368            3 -0.000309233         1003
156.250 -0.001511034            1  0.002260748            9  0.297405550            3 -0.009179723         1009
158.750  0.002695214            1  0.065523707            9  0.026339826            5  0.010093549         1069
161.250  0.000000000            1 -0.002604843            5 -0.001385656            3  0.000523066         1107
163.750  0.011334851            5  0.027003245            5 -0.000365604            7 -0.004138482         1131
166.250 -0.001944139            2 -0.000612212            8 -0.002837917            9 -0.001872935         1185
168.750 -0.002442994            6  0.000786354            5  0.000948374            3  0.001851514         1179
171.250 -0.103068099            7  0.010739482            3 -0.007596859            4  0.001070153         1170
173.750 -0.168635906            2 -0.000117766            6 -0.000820860            3  0.000349233         1204
176.250 -0.005836123            2  0.004784020            7 -0.257648709            3  0.001702642         1270
178.750 -0.000986210            5  0.000456265            8 -0.000354567            4 -0.006685689         1254
181.250  0.004514877            5 -0.000048046            5  0.000520424            5 -0.004811835         1340
183.750 -0.000969770            4 -0.000176944            4  0.012861588            3 -0.000713359         1334
186.250  0.048547940            2  0.030710513            6  0.007051746            5 -0.002247520         1374
188.750  0.017148881            4  0.043000010            8         -nan            0  0.007371713         1374
191.250  0.020453894            2 -0.000917189            6  0.051198075            3  0.005435921         1464
193.750 -0.003800390            1 -0.000014107            3  0.000234271            3  0.005474655         1461
196.250  0.004357593            1  0.000649147            6 -0.000323533            3  0.003655724         1486
198.750  0.002327025            4 -0.022809070            7  0.010645894            8 -0.007371884         1548
201.250  0.005096716            2  0.054784480            5 -0.000143214            5  0.000841156         1501
203.750  0.001826203            4  0.004197482            7  0.000048466            2 -0.000863515         1542
206.250  0.001683020            1  0.024279451            8 -0.001656110            3 -0.002281054         1603
208.750  0.077154382            2  0.062737403           10  0.044579425            6  0.002512982         1618
211.250  0.000000000            3  0.000681313           11  0.001879267            6 -0.001152291         1670
213.750 -0.000074444            3  0.000329658            5  0.000000000            1  0.000915196         1731
216.250  0.004190678            3  0.000996634            7 -0.111853343            4  0.012078667         1684
218.750 -0.005775932            5 -0.003763566            6  0.000000000            1  0.003218697         1727
221.250  0.052009308            3  0.150955292            6  0.000008654            5  0.001640418         1788
223.750  0.053296725            1 -0.132043041            8  0.000070276            5 -0.005809242         1785
226.250 -0.068223935            3  0.002039708            3  0.000009993            3  0.004976150         1834
228.750 -0.003358746            1  0.273416000            2 -0.001231195            5 -0.002926204         1861
231.250  0.003276634            7 -0.000316667            5 -0.019644092            5  0.004362088         1864
233.750  0.001579809            7 -0.000557784            9 -0.073330111            4  0.002005792         1885
236.250 -0.001149915            2  0.039176017            6  0.000393467            7 -0.000816116         1936
238.750 -0.002244692            3  0.002668373           10 -0.000619517            3  0.003954829         2008
241.250  0.000059932            3  0.100946121            5  0.000167660            3  0.004062849         2015
243.750  0.009822942            8  0.007462939            3  0.032410374            6 -0.011431117         2002
246.250  0.001990116            4 -0.000786576            5 -0.000735979            1  0.006848197         2083
248.750  0.000502722            3 -0.017889174           12  0.021513467            5  0.001215162         2059
251.250 -0.000144465            5  0.000451035            5  0.000390052           10  0.001199543         2140
253.750  0.037442912            3 -0.000215321            7  0.001010100            4  0.003081582         2185
256.250  0.425119947            6  0.000086963            5  0.000258645            5  0.003066990         2176
258.750 -0.015140140            3  0.118877221            5 -0.052718412            5 -0.005732111         2255
261.250 -0.021965986            2  0.058567013            3 -0.000780128            5 -0.009739817         2291
263.750  0.000219739            3  0.001515999            3 -0.080542071            4 -0.004325758         2302
266.250 -0.019387220            3  0.028059589            5 -0.000197638            5 -0.000589266         2268
268.750  0.005068732            6 -0.001205477            6 -0.013579536            6  0.002025889         2339
271.250  0.124075661            2 -0.120821391            2 -0.000694413            2 -0.005593466         2351
273.750  0.044574640            5  0.000529024           12 -0.001547273            9  0.000650068         2357
276.250  0.002078947            3 -0.040787015            5  0.005677185            3 -0.006677279         2450
278.750  0.001504783            4 -0.001197866            5 -0.000184331            6  0.000665182         2468
281.250 -0.053651959            2  0.000086715            3  0.035019517            4 -0.001397317         2406
283.750  0.013576236            3 -0.000269875            2 -0.088421612            3  0.007925040         2540
286.250         -nan            0 -0.000092766            3  0.008059674            6 -0.007860873         2589
288.750  0.012836906            4  0.000215735           10 -0.000237398            2 -0.002457620         2553
291.250  0.092191176            4  0.049402010           13  0.000018120            5  0.003261932         2545
293.750  0.002667428            3 -0.000726550            5 -0.000142750            3  0.003452339         2538
296.250  0.001650941            3  0.004754412            5  0.000655314            2  0.002069099         2624
298.750  0.014762623            2 -0.001919638            5 -0.012778342            6 -0.000764484         2659
301.250  0.519716638            2  0.000219957            5  0.001108448            4 -0.004088402         2728
303.750 -0.007432194            4 -0.005229772            4  0.019867888            3  0.001435536         2710
306.250 -0.062975378            5 -0.046762657            8  0.074326034            2  0.003788521         2782
308.750  0.110715699            4  0.001224190            4  0.000478522            2  0.003683734         2814
311.250  0.001459964            3  0.037131868            5  0.000426597            3  0.000145832         2777
313.750  0.007513932            5 -0.000513398            4  0.005079407            6  0.001040955         2739
316.250 -0.000138079            2  0.014744916           10 -0.000445865            5 -0.001270739         2780
318.750  0.000000000            1 -0.036110131            5         -nan            0  0.002944116         2887
321.250 -0.001577672            5  0.003577409            5  0.000359166            2  0.002134162         2882
323.750 -0.084575547            2  0.001916151            7  0.002287025            2  0.004050986         3006
326.250  0.015418655            6  0.001108273            2  0.000645088            3 -0.002697667         2939
328.750 -0.025207640            2  0.079689248            3 -0.000065562            3 -0.004068223         3020
331.250 -0.004866452            3  0.000090378            4  0.000058098            5 -0.004859537         3073
333.750 -0.001082913            5 -0.014706277            7  0.000217004            1  0.001363510         3050
336.250  0.321574048            3 -0.015445218            7 -0.022563643            4 -0.002134185         3065
338.750  0.002243577            2 -0.000012295            5 -0.003092347            3 -0.001685209         3061
341.250 -0.013628030            2 -0.001297129            8  0.001677990            3  0.000220094         3087
343.750  0.000344271            3  0.000102734            5  0.000308756            4  0.000860858         3163
346.250  0.000745663            2  0.136707045            7  0.000336270            3  0.000120861         3122
348.750 -0.000147323            2  0.014459482            5 -0.064534902            6 -0.002165791         3188
351.250  0.017829228            3 -0.001120119            3 -0.000000529            4 -0.000123575         3205
353.750 -0.000005882            2  0.000117711            2  0.002080264            2  0.001909411         3348
356.250  0.189555075            3  0.026467051            6 -0.000178932            3  0.001293402         3290
358.750         -nan            0  0.013996418           10  0.000056382            4  0.001948119         3242
361.250 -0.003058980            3 -0.463611595            5 -0.001060327            6 -0.000381331         3365
363.750  0.002712844            2 -0.078703242            5         -nan            0 -0.003537296         3289
366.250 -0.000910853            2 -0.015354516            3 -0.000143486            3 -0.002140062         3329
368.750         -nan            0  0.000470141           10  0.000096549            2  0.000892761         3280
371.250         -nan            0 -0.017477180            6 -0.000919223            1  0.001254357         3460
373.750         -nan            0         -nan            0 -0.000201307            4  0.004090567         3435
376.250  0.000915960            1  0.000099766            5  0.000000000            2  0.003621415         3464
378.750 -0.008925200            1 -0.024184721            7         -nan            0  0.002605611         3464
381.250  0.053298788            4  0.000065342            5         -nan            0  0.001235109         3459
383.750 -0.000000000            1  0.000295101            3  0.000104708            2 -0.001790791         3481
386.250  0.001390415            2  0.097493938            7  0.000176778            6  0.004092254         3525
388.750 -0.067912019            2 -0.000760302            6 -0.000246630            4  0.001008383         3591
391.250         -nan            0  0.000598460            4 -0.005815922            1  0.003969139         3572
393.750  0.001850681            5 -0.048391952            5  0.000260984            2  0.005848915         3562
396.250  0.000456358            1 -0.015759910            9         -nan            0  0.002687132         3626
398.750 -0.000340067            2 -0.017387498            9  0.186647428            2  0.000717671         3639
401.250  0.000786285            1 -0.000408856            7 -0.000379047            2  0.000379963         3707
403.750 -0.010673100            4  0.057551162            8         -nan            0 -0.000867806         3645
406.250 -0.001760359            2  0.000128922            3  0.000071703            1 -0.001126526         3632
408.750  0.043016271            4  0.045417952            7  0.007807386            5 -0.003274845         3709
411.250         -nan            0 -0.000230702            6  0.000026241            4 -0.000058597         3719
413.750 -0.000135677            1  1.364931196            6         -nan            0  0.005175788         3827
416.250  0.001299378            3  0.002625317           11 -0.001970553            5  0.000151650         3783
418.750  0.000272059            1 -0.000053961            3  0.000030878            3 -0.004957932         3874
421.250  0.000152456            3  0.000023941            8  0.000849743            3  0.000576984         3870
423.750 -0.033218630            7  0.033100470            5         -nan            0 -0.005529002         3914
426.250 -0.000864712            1 -0.001155582            5  0.000341324            5 -0.000081018         3963
428.750 -0.011806592            1 -0.089913423            7 -0.000075850            2 -0.000658174         3823
431.250         -nan            0  0.001239072            1  0.000000000            1 -0.003875587         3906
433.750         -nan            0  0.006653670            4 -0.000585837            2  0.005356874         4037
436.250         -nan            0  0.000096871            2  0.022584379            1 -0.004366213         3885
438.750         -nan            0  0.000028586            2  0.000716481            3 -0.002382699         3909
441.250  0.000437186            3  0.104251544            7         -nan            0  0.001276789         4036
443.750  0.000140409            1  0.000044187            8         -nan            0 -0.006165587         4093
446.250 -0.002662918            3  0.019488278            4         -nan            0 -0.001264332         4100
448.750 -0.000779686            1  0.000107449            4  0.000228100            1  0.000266169         4089
451.250         -nan            0 -0.001531002            5  0.001361626            1 -0.002764309         4124
453.750 -0.002004471            3  0.112290845            7  0.000000000            1 -0.005005318         4271
456.250 -0.001449968            1 -0.001288281            5         -nan            0  0.001471756         4182
458.750  0.000318346            2 -0.000331204            5 -0.000161776            2  0.001437163         4201
461.250  0.289942978            2  0.000113124            3         -nan            0 -0.000911120         4284
463.750         -nan            0  0.004204921            3 -0.053966510            3 -0.001614594         4301
466.250         -nan            0 -0.001701440            4         -nan            0 -0.000499134         4252
468.750  0.618156667            1  0.000313495            4  0.006772830            1  0.004848473         4284
471.250         -nan            0  0.002350877            3 -0.000071488            1 -0.003758557         4315
473.750  0.000559572            2  0.000193418            3  0.237221670            3  0.000735930         4280
476.250 -0.000706195            2 -0.000096937            6 -0.069031669            2  0.001086094         4404
478.750  0.000000000            1 -0.000008849            5  0.000741536            3 -0.000947364         4270
481.250  0.203221942            3  0.057937211            7         -nan            0 -0.003450180         4496
483.750 -0.004663401            2 -0.031951520            4  0.000075175            2  0.002742481         4344
486.250         -nan            0 -0.021735970            6         -nan            0 -0.002330633         4365
488.750 -0.000746571            4 -0.000008164            6  0.000610992            2  0.000926389         4446
491.250  0.000686037            1 -0.000299427            3  0.039288407            2  0.002150302         4569
493.750         -nan            0  0.004965327            3 -0.000640652            3 -0.001848247         4484
496.250 -0.000090300            2 -0.018514577            8  0.000642494            1 -0.001168508         4638
498.750  0.000108603            2 -0.019590057            6 -0.752073619            3 -0.003722001         4472
