#   q     Cout       Nout      Cside       Nside       Clong        Nlong
  1.250  0.321806223            8  0.157345932            3  0.482570217           10         -nan            0
  3.750  0.700265731            7  0.459568897            5  0.559486660            7         -nan            0
  6.250  1.153409094            2  1.145229144            7  0.335683653            7  1.626121153            2
  8.750  0.498399803            5  0.097726112            5  0.325972834            4  0.654931971            7
 11.250  0.180047490           10  0.358679417            7  0.392772826            5  0.219873324            5
 13.750  0.245872330            4  0.141468730            9  0.233147169            3  0.282988829           11
 16.250  0.201443162            4  0.060424629            5  0.164226510            5  0.302382621           12
 18.750  0.201090228            9 -0.071774743            1  0.076730095            5  0.237092691           21
 21.250  0.235855737            5  0.097373705           12  0.111078098            4  0.137578667           28
 23.750  0.112829326            4  0.075580756            8 -0.024053334            6  0.062263449           29
 26.250  0.286165548            6  0.007178538            6  0.076073111            8  0.076732395           38
 28.750  0.090533411            6  0.028091319            6  0.007116366            7  0.068843812           30
 31.250  0.016432789            2  0.035821936            9  0.019203077            8  0.054296011           72
 33.750  0.099521374            5 -0.001090505            6  0.029971012            3  0.031501544           63
 36.250  0.048632533            4  0.182346006            5 -0.000113397            4  0.018631061           64
 38.750  0.090642251           10  0.040266544            7 -0.001660048            3  0.033805738           75
 41.250  0.089132380            7 -0.016529985           10  0.000272881            3  0.017247312           83
 43.750  0.055800428            4  0.021590975            9 -0.015523763            8  0.026387553          109
 46.250  0.006735635           12  0.002759285            3  0.028085172            6  0.037914461           94
 48.750  0.126776975            2  0.000116443            3  0.002628867            7  0.023188540          111
 51.250  0.019636594            5 -0.017049033            3  0.068077591            7 -0.001877460          117
 53.750 -0.030901696            1  0.283057165            3  0.019608702            6  0.008312537          139
 56.250 -0.034621938            1  0.022878669            7  0.012542308            6  0.017505499          160
 58.750  0.107277415            3  0.000000000            2 -0.007281332            6  0.008885293          167
 61.250  0.032656431            5  0.030755827            6  0.009393394            6  0.019593716          185
 63.750  0.026271198            5  0.010792066            7 -0.002831889            7  0.026166138          215
 66.250  0.048920727            4 -0.000124393            3  0.001929423            5  0.012777581          195
 68.750  0.000000000            1  0.011468092            9  0.014377942            7  0.008264940          224
 71.250  0.050765769            8 -0.001179060            5 -0.020566906            6  0.004639972          246
 73.750  0.054358146            4 -0.000116892            5 -0.000931478            4  0.011432352          283
 76.250  0.035114829            2 -0.008525826            3 -0.005837026            4  0.009871660          291
 78.750  0.015712484            8 -0.008140193            4  0.001172351           10  0.007324747          323
 81.250  0.023265155            6  0.000992883            6 -0.011337870            2  0.006803494          345
 83.750 -0.070665738            4 -0.006388211            7  0.014091734            5 -0.003774877          328
 86.250  0.036473929            7 -0.051052679            9  0.004729972            3 -0.001975449          366
 88.750 -0.011931438            4  0.015828727            5  0.017336855            3  0.004638514          394
 91.250  0.001957336            3  0.029730491            6  0.042457263            8 -0.006143399          437
 93.750  0.038956407            6  0.002470843            4  0.001103712            4  0.001061455          426
 96.250 -0.010105167            4 -0.117379302            4  0.000000000            4 -0.003146503          446
 98.750  0.023498913            4 -0.002315243           12 -0.001692056            6  0.001808136          451
101.250  0.000459974            5  0.000358773            5  0.039355342            3 -0.001178503          506
103.750 -0.051583298            9 -0.085525148            8  0.002361835            6  0.001412348          513
106.250 -0.006570635            3  0.010094519            8  0.126122194            8  0.008141293          546
108.750  0.002942269            4  0.000004041            8 -0.001343968            6  0.009374212          576
111.250  0.005173124            2  0.002094406            6  0.013206781           10  0.000738701          563
113.750  0.000100652            3 -0.000579193            8  0.100877710            6  0.006715300          606
116.250  0.011195701            6 -0.002038026            4 -0.003006296            6  0.008137648          586
118.750  0.021001853            5  0.001208277           10  0.001988935            2  0.006841962          646
121.250 -0.037625227            7  0.000700970            9 -0.005707077            4  0.008599683          654
123.750  0.002143263            5 -0.002226265            5  0.001211406            5  0.000892576          725
126.250  0.008699467            7  0.101033137            7  0.000000000            2 -0.001625703          720
128.750 -0.000228259            7 -0.001440777            9  0.000000000            3 -0.000439336          768
131.250  0.030635095            9  0.000802615            4 -0.004381583            7  0.007228126          735
133.750 -0.001200502            5  0.000371320            7  0.015483675            4  0.003650538          759
136.250 -0.041365174            5  0.001138328            4  0.000000001            3  0.010604001          863
138.750 -0.095928088            7  0.006724327            7 -0.001839443            6  0.001734529          826
141.250  0.020477952            5 -0.050068326            8 -0.000926977            5  0.000169446          908
143.750 -0.002458193            4  0.018394361           10 -0.000958970            9  0.003434934          886
146.250  0.000502732            2  0.018380772            3  0.000891786            7  0.001266724          904
148.750 -0.000401337            2  0.000049879            6 -0.000274891            7 -0.000495679          954
151.250  0.003101281            2 -0.000264235            7  0.000000000            1  0.000935482          988
153.750  0.003179670            6 -0.004320686            3 -0.001404225            4 -0.000741125         1024
156.250  0.018312183            3  0.000556725            4  0.001414369            3 -0.002791458         1041
158.750 -0.030673996            8  0.005736778            6  0.002744179            1  0.003329436         1025
161.250  0.000468427            4 -0.002152708            6  0.088877829            5 -0.001495967         1069
163.750  0.003500844            2  0.117635206            7 -0.001601487            5 -0.001902770         1127
166.250  0.010256031            6  0.070823810            5 -0.070108941           10  0.001500354         1129
168.750 -0.011009644            4  0.000380989            9  0.000000000            2 -0.000178515         1123
171.250 -0.001417089            7  0.000464105            6 -0.001014026            3  0.000413163         1277
173.750  0.180555306            2 -0.000110790            4 -0.002137487            4  0.000390288         1202
176.250 -0.004692844            1 -0.002162305            5  0.000733698            5  0.003851230         1254
178.750 -0.002982749            3  0.000059084            6 -0.001803588            2  0.003441088         1278
181.250 -0.000204811            3 -0.001248887            2  0.000312116            5  0.001985152         1277
183.750 -0.001071526            4  0.000584005            6  0.001241627            4 -0.001513712         1340
186.250  0.000096839            4  0.011462886            6  0.003398776            4  0.000637467         1406
188.750  0.010283374            5  0.000068182            2  0.000280485            7 -0.004142960         1335
191.250  0.000867006            9 -0.000199094            5  0.059205127            5 -0.000782283         1470
193.750 -0.166429839            6  0.000396624           10 -0.001000860            2  0.002100973         1482
196.250 -0.000143510            4  0.000502727            6  0.187104411            6  0.004189542         1461
198.750  0.000000000            1  0.001342547            9  0.000108735            4  0.003205723         1574
201.250 -0.001097622            3  0.001087636            8  0.000089615            2 -0.002199284         1515
203.750  0.000000000            2 -0.000361489            5 -0.003355885            2  0.002809221         1595
206.250 -0.005441840            3 -0.002308177            7 -0.013582297            7  0.000070763         1530
208.750  0.000000000            2 -0.000544398            4  0.000262372            2 -0.000206632         1590
211.250  0.007289146            2 -0.000465870            7  0.000614173            9  0.000902516         1681
213.750  0.001127366            3 -0.000195513            2 -0.000258501            3  0.001300955         1561
216.250 -0.069646413            7  0.000537687            5  0.000194633            5  0.000049598         1803
218.750  0.000247712            5  0.000454221            9  0.000336299            2  0.000335697         1776
221.250 -0.012995712            3 -0.000172495            7  0.000826175            8  0.003619531         1676
223.750 -0.111579779            9  0.000005822            6  0.037819904            1  0.005928575         1781
226.250  0.022903899            5 -0.180589269            4  0.163091669            5  0.000663387         1796
228.750  0.119733403            6 -0.001138317            4 -0.138881674            5 -0.000235441         1876
231.250  0.003139486            3 -0.000375816            7  0.000091040            3  0.001819763         1889
233.750 -0.155183432            5  0.000600699            2  0.085019045            3 -0.002481324         1855
236.250  0.000000000            4  0.000604483            5  0.000010343            4 -0.000558796         1955
238.750  0.000000000            2 -0.000580262            8 -0.000221112            2 -0.001364679         2018
241.250 -0.000369903            4  0.000423519            4         -nan            0 -0.001938596         2060
243.750 -0.004574247            3 -0.000417511            7  0.000100187            5  0.003103443         2021
246.250 -0.002939428            3  0.009786372            4  0.000000000            3  0.002887696         2063
248.750  0.003361231            3 -0.033592905           10  0.000524709            2 -0.001907220         2047
251.250         -nan            0  0.000388909           10 -0.004914434            7 -0.001925112         2223
253.750 -0.000236536            2  0.001020822            8 -0.000430735            3 -0.000890827         2149
256.250  0.000688358            3  0.000220959            6 -0.000477845            3  0.001757302         2092
258.750  0.005997955            7 -0.019492109            4  0.000528423            4  0.002085831         2282
261.250  0.000000000            1  0.000197353            8 -0.179036027            4 -0.000395779         2398
263.750 -0.000479012            3 -0.000670446            8 -0.000303228            2  0.003380697         2310
266.250  0.010410408            4 -0.000833137            8  0.000682092            3 -0.000100356         2236
268.750 -0.011098428            3  0.000208682            9  0.024849218            5  0.005105793         2347
271.250  0.008363852            6 -0.000002612            4 -0.000055490            3  0.001119800         2340
273.750  0.000000000            2 -0.000190786            6  0.000436771            3 -0.001244838         2405
276.250  0.000139394            2 -0.002205662            3  0.001403322            5  0.000957661         2407
278.750 -0.000550911            1  0.016322270            7 -0.000215036            4  0.000830850         2417
281.250         -nan            0  0.000978058            8  0.000925364            3 -0.000320254         2566
283.750  0.009238432            6 -0.002771818            8  0.000546114            2 -0.001342035         2524
286.250 -0.002446482            8 -0.000144100           10 -0.000385123            2  0.001076862         2511
288.750 -0.000095260            3 -0.002112501            4  0.005256007            5  0.003000677         2537
291.250 -0.003593114            1 -0.000714654            4  0.000178123            3 -0.004982240         2584
293.750 -0.000477533            3  0.253213672            3  0.000135565            2  0.000959624         2612
296.250  0.000067267            5  0.000749168            6  0.000108887            5  0.000716583         2615
298.750  0.026102170            2  0.000054849            3 -0.000766247            5  0.000780320         2638
301.250  0.000793587            2  0.001733076            8  0.000174575            5 -0.001414639         2720
303.750 -0.000596065            4 -0.000138737            9 -0.000752660            1  0.001996861         2733
306.250  0.000581057            2  0.000182862            6  0.000053761            2 -0.001427249         2573
308.750  0.005974188            3 -0.000040704            8  0.000033736            3 -0.000177495         2726
311.250 -0.000470002            4 -0.063931029            7  0.012873746            3  0.001627070         2797
313.750  0.000436872            4 -0.000398096            3  0.000151262            4 -0.001248732         2802
316.250         -nan            0 -0.000453270           10 -0.000431268            5 -0.001627364         2923
318.750 -0.001380862            4  0.000397871            7 -0.000420831            2 -0.001195331         2872
321.250         -nan            0 -0.000010473            5         -nan            0  0.001486840         2872
323.750  0.004048835            3  0.000172786           10 -0.000098095            2 -0.000777589         2956
326.250 -0.002047306            4  0.000248742            8 -0.000015387            2  0.002378538         2908
328.750 -0.057011807            1 -0.000050184            5  0.000173597            4 -0.001218497         2932
331.250 -0.000490277            2  0.040748871            7 -0.000212053            2 -0.000443375         2978
333.750  0.000397036            4 -0.000441740            9  0.000269108            1  0.001110866         3097
336.250  0.001815431            1 -0.000097898            9         -nan            0  0.000255893         3110
338.750  0.000308082            4 -0.000396323            4  0.000185040            5  0.000466312         3088
341.250 -0.000659046            2 -0.000170664            4 -0.000317337            1  0.001662626         3160
343.750 -0.000582201            1  0.000498010            8  0.000172466            3  0.001406496         3138
346.250         -nan            0 -0.000146047            5  0.000399643            2 -0.001705983         3239
348.750  0.005373793            1 -0.000081452           10  0.000200138            4  0.001573959         3245
351.250  0.010151593            2 -0.000110753            7         -nan            0  0.001351845         3132
353.750  0.004989079            3  0.000066904            7         -nan            0 -0.000344677         3199
356.250  0.007679435            3  0.004155043            6 -0.000420881            4  0.000679658         3300
358.750 -0.000256289            2 -0.000085620            4 -0.000122873            2 -0.000325013         3342
361.250 -0.000275588            1 -0.000365404            3 -0.000127373            5  0.000497128         3339
363.750  0.000477459            2 -0.000360640           11 -0.000110927            3  0.000847948         3340
366.250 -0.001016654            3  0.000118758            4  0.000086937            2  0.001338331         3343
368.750  0.000000000            1 -0.100049401            8  0.000208854            4 -0.000293392         3320
371.250 -0.000314008            2 -0.000196753            5  0.000210442            5  0.001311796         3367
373.750  0.002314463            2  0.000039264            6  0.000000000            2  0.000435504         3371
376.250  0.002142183            3 -0.033846601            6         -nan            0  0.001137546         3462
378.750 -0.173904438            5  0.000254521            3 -0.001143818            1 -0.000589937         3480
381.250  0.000082021            1  0.000007438            4 -0.000213258            2  0.000482654         3601
383.750  0.000213128            3 -0.033543342            4 -0.000006695            3  0.000013843         3532
386.250 -0.000361573            1 -0.000100085            8  0.000235583            3 -0.000405956         3540
388.750         -nan            0  0.000011891           11  0.033259722            4  0.001236184         3572
391.250  0.000823488            1 -0.000128320            9         -nan            0 -0.000735487         3629
393.750 -0.000704010            2  0.000205730            7 -0.000952124            1  0.001914591         3613
396.250 -0.000267411            2 -0.000138272            5  0.000258308            1  0.002924503         3606
398.750 -0.001912640            2  0.000191821            7  0.000083592            3 -0.000419976         3595
401.250  0.000000000            1 -0.000417333            7         -nan            0  0.002477123         3672
403.750         -nan            0 -0.000080064            5  0.000000000            1  0.000721574         3701
406.250  0.004193817            3  0.000100344            1  0.000021383            4  0.000413275         3844
408.750 -0.000488465            4 -0.000066469            2  0.000020983            3 -0.000417830         3772
411.250  0.001047748            1 -0.000161965            2 -0.000153992            2 -0.002091904         3806
413.750         -nan            0  0.000020426            4 -0.000171495            1  0.000037286         3780
416.250  0.000000000            1  0.001924023            9 -0.000083856            3  0.000365975         3773
418.750 -0.088373702            3 -0.000209686            4  0.000030969            2  0.000961904         3776
421.250  0.001251548            1  0.000140348            6  0.000011933            2 -0.000506887         3862
423.750 -0.000766673            1 -0.000079850            9  0.043372600            6 -0.002691808         4001
426.250  0.002064901            2 -0.004138222            3  0.001478033            2  0.002040390         4020
428.750  0.017858983            1  0.030575815            4  0.000007388            2 -0.000559699         3877
431.250  0.000138160            1 -0.001255674            3  0.000059616            3 -0.000159864         4009
433.750  0.000038495            2  0.000002328            4  0.000112631            3 -0.000050593         3944
436.250 -0.001131425            1  0.000398697            7  0.000000000            1 -0.003719487         3989
438.750         -nan            0  0.065186382            4 -0.000111122            2 -0.000550772         3957
441.250  0.000384133            2 -0.000495699            5  0.000000000            1  0.003253856         4009
443.750  0.001117694            1  0.000084162            6  0.000071275            4  0.001847504         4073
446.250  0.000000000            3  0.000000000            1         -nan            0  0.000813115         4047
448.750  0.003999294            2  0.000191025            6 -0.000066975            3  0.003855897         4087
451.250         -nan            0 -0.000041168            8 -0.000140649            3  0.001670631         4161
453.750         -nan            0  0.153328929            6  0.000092351            2  0.001970279         4232
456.250  0.000163534            2  0.000126633            3  0.000037671            2 -0.001959604         4200
458.750  0.000165337            1  0.000099765            8 -0.000226807            3 -0.001389266         4015
461.250  0.000206624            1 -0.000070318            5  0.000001993            2 -0.002751430         4217
463.750  0.000000000            1  0.000161040            2  0.000158143            3  0.003910174         4239
466.250         -nan            0  0.000251382            6 -0.000026396            3  0.003000680         4317
468.750         -nan            0  0.000179961            8  0.000218005            1  0.000702105         4351
471.250 -0.044639183            2  0.000001309            5 -0.000375059            2 -0.001335002         4185
473.750  0.000000000            2  0.000087899            6  0.000074971            1 -0.001083285         4329
476.250         -nan            0 -0.000230559            1  0.000049610            2  0.001953952         4393
478.750  0.000031546            4         -nan            0  0.000000000            1  0.000081126         4433
481.250 -0.000769909            1  0.000094760            5         -nan            0 -0.002003579         4471
483.750 -0.000231778            1 -0.000019481            8  0.000000000            2  0.000130860         4401
486.250  0.347773348            2 -0.081455378            4  0.000000000            1  0.000141886         4396
488.750         -nan            0 -0.000094770            5  0.000231679            4  0.000212216         4460
491.250         -nan            0  0.060236065            6         -nan            0 -0.000281149         4474
493.750 -0.003140819            2  0.000085848            2  0.000000000            2  0.001251444         4544
496.250         -nan            0  0.000048600            6  0.000135418            2  0.000009437         4579
498.750         -nan            0  0.000107247            7  0.000390177            1  0.001358567         4453
