#   q     Cout       Nout      Cside       Nside       Clong        Nlong
  1.250  0.305081041            7  0.301752399            6  0.456463956            6         -nan            0
  3.750  0.410991779           11  0.428449822            9  0.178764780           10         -nan            0
  6.250  0.386717638           10  0.558229639           10  0.578731127            4  0.600211838            3
  8.750  0.207845627            9  0.190857487           10  0.471406731           10  0.471990370            8
 11.250  0.337642353            7  0.144036277            7  0.160730907            7  0.440414719           12
 13.750  0.182427511            2  0.239231847            4  0.271341740            9  0.242353744           15
 16.250  0.217009203           11  0.117500362            4  0.019992560            8  0.159679890           17
 18.750  0.229237683            7  0.024403714            3  0.184143755            6  0.192130620           20
 21.250 -0.006882235            5 -0.026737044            3  0.108219026            7  0.045190850           18
 23.750  0.045520130            5  0.010333568            6 -0.018934932            4  0.079452174           26
 26.250  0.070567549            3  0.045888352            6  0.115969385           13  0.091950642           32
 28.750  0.123392005            2  0.016335109            5  0.072515195            4  0.027410732           44
 31.250  0.117807546            3 -0.007717194            7  0.102539874            7  0.062142223           46
 33.750  0.189257152            8 -0.006041668            2  0.085129281            6  0.045023514           49
 36.250  0.051183893            5  0.010083760            6  0.000000000            2  0.041489493           80
 38.750  0.067396659            4  0.038111953            6 -0.014612981            6  0.024787482           69
 41.250  0.035966357            6  0.009680649            8 -0.006726436            4  0.020141049           93
 43.750  0.105935387            3  0.006779854           11 -0.005672494            6  0.021786903           85
 46.250  0.070051129            6  0.063640517            5 -0.006246937            5  0.014582216          113
 48.750  0.094842209            3 -0.015621752            4  0.234514897            6  0.018473180          125
 51.250 -0.020177454           10  0.029278767           10 -0.006428151            8  0.033312726          145
 53.750  0.019090812            5 -0.005458898            4  0.000490062            7  0.008315382          150
 56.250  0.023354596            2  0.002997759            7 -0.140515261            8  0.008577986          180
 58.750  0.085679765            4  0.003866323            6  0.041110397            6 -0.002434506          184
 61.250  0.092072489            6 -0.138979638            5 -0.005761515            5  0.002869531          179
 63.750  0.049845589            8  0.035691299            4 -0.004515792            7  0.004309547          229
 66.250  0.079577645            3 -0.003072151            6  0.017307586            5 -0.000881826          191
 68.750  0.004926832            5 -0.009880776            6 -0.004461632            6  0.001612717          238
 71.250  0.019006653            4  0.002679792            7  0.019717618            4  0.007803415          250
 73.750 -0.012731029            3  0.018953033            5  0.001712589            5  0.003295921          271
 76.250  0.015558915           12 -0.007808016            5 -0.004285725            4  0.005044844          303
 78.750 -0.020589835            3 -0.014033912            9 -0.114949318            8  0.003925910          320
 81.250  0.081265994            8  0.001813232            5  0.003430639            5 -0.007042491          331
 83.750  0.012299678            8  0.021761261            4  0.017220161            4  0.006542219          346
 86.250 -0.000133112            4 -0.005603733            3  0.000744773            6  0.005163498          386
 88.750  0.044953492            4 -0.001701775           12  0.005779300            5  0.000642220          392
 91.250  0.003475260            4  0.006116248            8 -0.002008657            4  0.005319637          377
 93.750 -0.000430796            4 -0.003690270            5 -0.003678483            2 -0.001901019          426
 96.250  0.006105477            5  0.015005760            7  0.000048631            6  0.003019775          451
 98.750  0.029257753           10  0.002067380            9 -0.000241523            3  0.001039655          477
101.250  0.000000000            2  0.001635202            7  0.310006892            3  0.009277845          518
103.750  0.000000000            1  0.000499928            7 -0.014722707            1  0.001168696          517
106.250  0.448597943            1 -0.000222200            5 -0.002496216            4  0.008894347          552
108.750  0.075488210            3  0.005532605            4 -0.004078629            5 -0.001503533          559
111.250  0.023591964            3  0.011108023           10 -0.002535617            6  0.000687080          562
113.750 -0.000333333            6  0.006676612            7  0.042965224            2  0.000923070          626
116.250 -0.001089271            6  0.001034163            9 -0.001397280           13 -0.001457436          629
118.750  0.016208423            6 -0.012470752            6  0.017185857            5 -0.003966654          640
121.250 -0.070778238            7  0.000209526           12  0.013711660            5  0.002187911          709
123.750  0.003932200            4 -0.085277708            6  0.001282704            4  0.004463270          722
126.250 -0.001027130            5 -0.018524813            1 -0.004752109            3  0.003452897          692
128.750  0.025845476            3  0.050792158            8  0.002129728            6 -0.000196534          743
131.250  0.008028774            7 -0.001003174            6  0.001409379            6  0.000617716          741
133.750 -0.001176541            4  0.000117103            4 -0.001384308            4  0.000826105          756
136.250  0.000000000            2 -0.001431909            5 -0.140455414            3 -0.002112242          816
138.750  0.000063085            2  0.063676740           11  0.000949245            3  0.001192998          834
141.250  0.004933034            3 -0.000038176            6  0.002196043            9 -0.000179969          879
143.750  0.000327880            3  0.002765919            3 -0.004723600            6  0.007513464          842
146.250  0.006978337            4  0.136866705            6 -0.187013314            6  0.000895558          876
148.750  0.018664940            4 -0.002657255            6 -0.055163951            8 -0.004031913          969
151.250  0.000317266            5  0.001870896            4 -0.001030215            3  0.001669069          983
153.750  0.000189383            4 -0.000227669            3 -0.000128222            2 -0.000703071          960
156.250 -0.003530413            4  0.005913708            9 -0.000903464            7 -0.002425128         1063
158.750 -0.000788810            7 -0.044277461            6  0.056861651            1  0.001643879         1077
161.250  0.000000000            1  0.264843379            3  0.001359889            3  0.004741176         1057
163.750 -0.044780967            9 -0.000189142            8  0.000315044            9  0.005825569         1057
166.250 -0.003529920            7  0.000249615            3         -nan            0  0.001162206         1138
168.750 -0.004676500            1  0.000674325            7  0.002022771            3 -0.000277797         1128
171.250 -0.001553124            2 -0.001940186           11  0.119505621            5 -0.000141870         1192
173.750  0.006865363            5 -0.000165663            4 -0.001628481            7 -0.001781132         1238
176.250 -0.001842583            8 -0.001268987           10  0.000000000            1  0.001935876         1243
178.750 -0.001099418            2  0.001859081            2 -0.000191535            8  0.001529328         1251
181.250 -0.000225291            2 -0.001531363            8  0.013690168            3 -0.000956955         1345
183.750  0.001925433            5  0.002144296            6  0.061561080            6 -0.001253235         1326
186.250 -0.000260149            5 -0.000867481            7  0.058544955            6  0.003229742         1373
188.750  0.004137214            5 -0.003550593            4 -0.000482669            1  0.000481786         1354
191.250 -0.002515138            2 -0.000716696            9  0.001239351            4  0.002515339         1431
193.750 -0.002095952            3  0.059467114            3 -0.000348733            5  0.002228354         1462
196.250 -0.002039341            5 -0.000282925            3 -0.001204715            3  0.000191288         1470
198.750  0.000033231            2 -0.020425691            6 -0.175910543            2 -0.001462663         1485
201.250  0.008443985            4  0.000155722            1  0.000015621            5  0.005155344         1524
203.750 -0.003125843            2 -0.089340508            8 -0.000474149            5  0.001783105         1603
206.250  0.000042990            3 -0.001094564            7 -0.001849684            3 -0.000139984         1629
208.750 -0.000993165            2 -0.002702684            8 -0.000587919            6 -0.000290220         1646
211.250 -0.055483806            4  0.006564284            8 -0.001613745            5  0.000611974         1598
213.750 -0.112295185            6 -0.000922902           11  0.075106982            4  0.000771938         1612
216.250  0.002142541            5 -0.000459263            5  0.000000000            1  0.001236982         1672
218.750 -0.001533802            2  0.000183349            9  0.003777503            5 -0.000917858         1800
221.250 -0.007948355            2 -0.095930043            8 -0.000627479            5 -0.000047746         1743
223.750  0.000000000            1  0.000775697            6 -0.000364009            4 -0.000235090         1800
226.250 -0.000001910            3  0.000301587            6 -0.156108579            5  0.001453956         1863
228.750  0.000000000            3 -0.115080818            7 -0.000605285            3  0.002816417         1835
231.250  0.011544011            3 -0.000424210            5         -nan            0  0.001225032         1861
233.750  0.028197517            3 -0.000253744            4 -0.000166521            1  0.000826746         1847
236.250  0.003209527            2 -0.000116391            6 -0.000338290            5  0.000564817         1888
238.750  0.006881811            5  0.000020740            3 -0.000242600            5  0.000058722         2030
241.250 -0.000899274            3  0.000155707            7 -0.000938400            1  0.003039940         1968
243.750  0.011827529            2 -0.000942450            1 -0.027944571            9 -0.003059022         2067
246.250  0.000641466            6  0.007466751            5  0.000000000            1  0.004637463         2049
248.750 -0.002245497            2  0.000984663            3  0.000051185            2 -0.000715699         2065
251.250 -0.010627223            2  0.000353943            8  0.000502425            3  0.002326855         2151
253.750 -0.000122672            2  0.000100524            6 -0.004628580            2  0.004968019         2109
256.250 -0.003428999            3 -0.004712046            4  0.000306432            3  0.002492153         2169
258.750 -0.919014181            1 -0.000228690            6 -0.002569988            4  0.003234416         2178
261.250 -0.003047320            3  0.000187142            4 -0.000955346            1 -0.002329098         2223
263.750  0.003156317            2  0.000669305           10  0.000319472            2  0.000645208         2209
266.250  0.000764394            5  0.098429332            3  0.000093689            3  0.001589083         2238
268.750  0.000829870            5  0.000896080            4  0.000670325            3  0.003901458         2234
271.250  0.000053884            2  0.000712998            6  0.043224534            4  0.000716657         2314
273.750 -0.000211182            2 -0.002485811            5  0.000682429            3  0.000829384         2492
276.250  0.002432886            2 -0.000452454            3  0.006414883            9  0.001084688         2392
278.750  0.002719716            2  0.000121342            5 -0.000411569            6  0.000864989         2440
281.250  0.116024226            3 -0.000399880            3  0.000320225            8  0.002469372         2444
283.750 -0.000810618            4  0.001077917            4 -0.000475337            2  0.000528511         2449
286.250  0.002725231            1  0.065807064            6 -0.000479111            1 -0.000374188         2501
288.750         -nan            0 -0.054107822            8  0.244991975            4  0.004012486         2579
291.250 -0.001110439            3 -0.000133483            3 -0.000674712            1 -0.000851180         2597
293.750  0.001309949            3  0.000194863            8 -0.000287801            3  0.000454329         2741
296.250 -0.003339095            4 -0.000916123            7  0.007375126            1 -0.001124673         2513
298.750 -0.001575254            2 -0.000191174            5  0.000263278            3  0.002996141         2624
301.250  0.000112376            3  0.000089573            7  0.000038397            6 -0.001144235         2734
303.750 -0.001375141            1  0.000132904            4 -0.000134428            2  0.000611923         2810
306.250  0.000400615            1  0.000584978            3 -0.000792604            1  0.001493896         2728
308.750  0.000165901            5  0.002177143            8  0.000100073            8  0.000166825         2860
311.250         -nan            0 -0.000027668            8 -0.000123597            5 -0.001040265         2769
313.750         -nan            0 -0.000254250            4  0.000291560            3  0.002290207         2830
316.250  0.013087922            3  0.050544683           10 -0.181527975            5 -0.000388633         2878
318.750  0.047646758            1  0.000359407            8  0.000064337            2 -0.002967031         2883
321.250  0.001575956            6  0.000681919            7 -0.000175523            1 -0.001314097         2873
323.750  0.001017130            1 -0.006839485           14  0.004508870            5 -0.002109765         2961
326.250 -0.000215937            2  0.031044284            5 -0.000028254            3  0.001656952         3023
328.750         -nan            0  0.000445791            7 -0.000189091            3 -0.000915735         2964
331.250 -0.000554922            2  0.000309918            3  0.000526463            3 -0.000552002         2996
333.750  0.002755690            2  0.007008733            5 -0.000465300            2 -0.000767464         3016
336.250         -nan            0 -0.000640644            6  0.000116711            6 -0.000635753         3109
338.750  0.000000000            1  0.000128673            4  0.000465706            3  0.001200397         3079
341.250 -0.313693906            1  0.000076689            6  0.000420546            4 -0.000772867         3097
343.750  0.000000000            1  0.000112072            3 -0.000277896            2  0.000718618         3230
346.250  0.000000000            2  0.037266873           11  0.000000000            1  0.001074702         3116
348.750         -nan            0 -0.000107165            5 -0.000085949            7  0.001231537         3166
351.250  0.000175482            2  0.000289187            1  0.000092031            4 -0.001999301         3188
353.750         -nan            0 -0.000160628            7  0.000207344            4 -0.002515223         3290
356.250  0.000979413            2 -0.000045930            8         -nan            0  0.000588537         3279
358.750  0.000067624            2  0.000156913            5  0.000015225            5  0.001756138         3256
361.250 -0.002364665            3  0.000689576            3  0.000649961            4  0.003739526         3329
363.750 -0.001116176            1 -0.000082825            5 -0.000222236            3  0.000274773         3343
366.250  0.005160269            3  0.000355364            5  0.148060158            3  0.002234277         3406
368.750  0.000053230            4 -0.000241772           10         -nan            0  0.000663133         3308
371.250 -0.003291173            2  0.000004226            5  0.000055823            5  0.005079164         3377
373.750 -0.000902270            1 -0.068570454            7  0.000000000            1 -0.001067410         3451
376.250  0.000653734            3 -0.000117547            7 -0.000114098            1  0.001121350         3479
378.750  0.000000000            1  0.000767923            4  0.000192630            2  0.000547833         3469
381.250  0.000342615            2  0.000023607            5 -0.000053398            3  0.000169375         3542
383.750  0.000000000            1  0.000072340            7  0.000036304            3  0.002385969         3591
386.250         -nan            0 -0.000099751            6  0.000000000            2  0.000659147         3571
388.750  0.000932920            2  0.000256285           12 -0.000191612            6 -0.000735263         3484
391.250  0.276561425            2  0.000000000            2 -0.001353203            1  0.000476341         3571
393.750  0.042623036            2  0.000124549            5 -0.000102335            2  0.000351431         3665
396.250  0.001600837            3 -0.021131060           10  0.000075566            3  0.000350010         3649
398.750  0.000000000            1  0.000161278            3 -0.000063201            4 -0.002890793         3695
401.250  0.000395544            1  0.103336417            8  0.000190137            5 -0.000927191         3688
403.750         -nan            0  0.000045645            6  0.000580674            1  0.003364958         3718
406.250 -0.168065908            2 -0.000077809            2  0.000271553            1 -0.001267438         3717
408.750         -nan            0 -0.000150228            3  0.000047547            2  0.003306995         3751
411.250  0.000032772            1  0.050761560            4  0.000132326            2  0.000750993         3897
413.750 -0.000038268            1 -0.000007206            4 -0.000207080            1  0.000921800         3743
416.250         -nan            0  0.000124397            5  0.000294131            1  0.002827821         3873
418.750  0.001247850            3  0.000119798            3  0.000048028            4 -0.000549338         3912
421.250 -0.000177757            4 -0.181593608            4  0.000631575            2  0.002598466         3808
423.750  0.000594867            1 -0.001619959            7  0.000288314            3 -0.000322277         4002
426.250  0.000548560            1  0.000062361            5  0.000000000            1  0.001555556         3911
428.750  0.000000000            1  0.000005541            5 -0.000027058            4 -0.000429398         3913
431.250  0.012592711            1 -0.000258521            8         -nan            0  0.001812263         3976
433.750 -0.000783025            3 -0.000131103            3 -0.000076981            3 -0.001832433         3958
436.250 -0.001121749            2  0.000519397            2  0.000509607            1  0.000604839         4060
438.750         -nan            0  0.001174312            3         -nan            0 -0.000737885         3924
441.250 -0.000207213            1  0.000077908            4  0.000096533            1 -0.000861317         3911
443.750  0.000701047            1  0.000272861            3  0.000306438            1  0.000488404         4034
446.250 -0.000002506            1  0.000459835            5  0.292357284            3 -0.000913686         4102
448.750  0.000000001            1  0.000065971            5  0.000000000            1 -0.000409839         4027
451.250         -nan            0 -0.000011294           12 -0.000104247            3  0.001868456         4162
453.750         -nan            0  0.000106225            9 -0.000182616            2 -0.000434720         4107
456.250  0.000405953            3 -0.000177094            5 -0.000137162            2  0.000118395         4094
458.750 -0.082006815            3  0.000013797            4 -0.000180850            1 -0.001372551         4116
461.250         -nan            0  0.000156379            5  0.000167017            3 -0.000345606         4248
463.750  0.000757233            1  0.000390835            5         -nan            0  0.001619361         4273
466.250         -nan            0  0.000166653            2         -nan            0  0.001185811         4347
468.750         -nan            0  0.000068612            4 -0.000011751            1 -0.002494344         4153
471.250  0.000000000            1 -0.000326743            1         -nan            0  0.001004498         4324
473.750         -nan            0  0.000074795            4 -0.012533187            2  0.002123290         4309
476.250  0.000410323            1  0.000089146            6         -nan            0 -0.000720562         4351
478.750  0.000000003            2 -0.000077266            9  0.000000014            1  0.001864123         4390
481.250         -nan            0  0.000006321            7         -nan            0 -0.000041192         4338
483.750  0.000619933            3  0.010670224            7  0.000741830            3  0.001468612         4393
486.250 -0.000869309            3  0.000097277            3 -0.000010794            4  0.001298178         4487
488.750         -nan            0  0.000074426            3  0.000341206            3  0.000045934         4329
491.250  0.002313594            2 -0.000183480            8 -0.000029081            2  0.000620603         4526
493.750 -0.337374015            1  0.000002649            9  0.000213934            3 -0.001828437         4456
496.250  0.000000000            1  0.000129994            7         -nan            0  0.000349952         4490
498.750  0.076757436            2 -0.000011081            5  0.000097645            4 -0.001109041         4555
