#   q     Cout       Nout      Cside       Nside       Clong        Nlong
  1.250  0.261272825            8  0.593815112            8  0.381153629           10  0.000279136            1
  3.750  0.775286667            4  0.554259119            5  1.045649339            3         -nan            0
  6.250  0.933304534            4  0.224160391            6  0.270522758            3  2.475437494            2
  8.750  0.105766917            8  0.183335408            2  0.518142930            4  0.322266940            6
 11.250  0.254270788            6  0.135815861            6  0.126154037            7  0.571472250            5
 13.750 -0.004864824            5  0.152954816            8  0.069535098            8  0.057843564            7
 16.250  0.270599338            9  0.105041997            6  0.080792054            7  0.126086510           17
 18.750  0.287957274            5  0.260383302            8  0.217533944            6  0.228408608           23
 21.250  0.196321996            8  0.080549382           11  0.054913224            6  0.124699046           21
 23.750  0.063315697            4  0.082453682            6  0.021043086           10  0.095465516           38
 26.250  0.073405289            7  0.106247758            6  0.053173150           13  0.093873255           48
 28.750  0.083186648            3  0.059417080            6  0.007302690            6  0.052478130           54
 31.250  0.066964946            5  0.098806384            5  0.016243940            4  0.052340723           36
 33.750  0.126371339            8  0.085021259            3 -0.006965334            5  0.037522999           54
 36.250  0.000000000            3  0.011681854            9  0.240401931            4  0.057625027           65
 38.750  0.042983938            8  0.049932913            8 -0.005215952            9  0.039054788           91
 41.250  0.093619171            2  0.053497973            6  0.092355307            5  0.031465985           75
 43.750 -0.000515507            1  0.008938812            4  0.005013063           12  0.039091001           97
 46.250  0.008589483            4  0.020304334            3 -0.000368167            8  0.001655431           87
 48.750 -0.007758807            6  0.027226458            7  0.002877930            6  0.005648661          132
 51.250 -0.005918401            6  0.015585249            5  0.018622555            6  0.011920640          149
 53.750  0.099009459            4 -0.009258489            5  0.024385306            6  0.013519890          161
 56.250 -0.000914027            5 -0.033136441            9  0.018222240            9 -0.005811473          142
 58.750  0.056099586           10  0.015115057            4  0.082360189            6  0.016068823          172
 61.250  0.077840167            8 -0.001608707            5  0.003177380            5  0.002183565          200
 63.750  0.054471394            5  0.032722993            6  0.004300045            6  0.012492355          208
 66.250  0.031541143            3  0.000000000            4  0.034379899            7  0.014044740          215
 68.750 -0.108196453            6  0.021489369            5  0.054954031           10  0.019001519          212
 71.250  0.063007235            5  0.000881992            8  0.001697220           10  0.011136102          246
 73.750  0.002682777            3  0.004010117            5 -0.000226790            3  0.001190484          288
 76.250  0.017030935            4  0.030357969            3  0.002576637            6  0.009455054          264
 78.750  0.005430550            8  0.004022535            6  0.052716002            5 -0.000274620          327
 81.250  0.001766041            5  0.017771075           13  0.003083636            8  0.008057257          360
 83.750 -0.014854205            3 -0.015267128            3 -0.000099656            3  0.004317708          366
 86.250  0.038019753            3  0.001792372            6 -0.001732222            5  0.004505555          323
 88.750  0.012253972            5  0.012543375            7 -0.001387908            5  0.003832365          377
 91.250  0.020622726            5 -0.003194424            5 -0.158737371            5  0.003301852          417
 93.750  0.006454555            2  0.018941304            9  0.000000004            2  0.008736139          381
 96.250  0.006356626            2 -0.002457427            3 -0.001572186            7 -0.000234863          432
 98.750  0.031489485            4  0.001221075            6 -0.006114750            3  0.004445726          443
101.250 -0.005650500            3 -0.000588929            5 -0.004258200            5  0.004402586          515
103.750  0.023543392            4 -0.001565335            6  0.001453211            5  0.001987134          524
106.250  0.008914952            4 -0.001741275           10  0.071254112            7  0.001401413          504
108.750  0.057456146            6  0.016838445            3 -0.001601006            4 -0.001160790          517
111.250  0.046698064            3 -0.054660481            8  0.000432002            7  0.004825688          572
113.750  0.000466760            3  0.004833587            1  0.007191034            3  0.000185420          565
116.250  0.021677960            7  0.002124188            4 -0.002372087            4  0.005236570          604
118.750  0.035185703            8 -0.000704772            6 -0.001042492            7  0.001014435          570
121.250  0.001973352            5  0.012081867            5  0.001675365            5 -0.004781057          641
123.750 -0.024532427            8  0.000137970            1 -0.000065445            4  0.000569250          721
126.250 -0.002004049            2  0.002436030            5 -0.004583939            2  0.003524876          695
128.750 -0.002416729            4 -0.001272952            8  0.002380065            7 -0.001708998          708
131.250 -0.001793908            4 -0.001952261            8  0.001302301            4 -0.000412675          820
133.750 -0.002566459            5  0.054049193            8 -0.001772740            7 -0.000897793          790
136.250 -0.001085915            5  0.019998003            4 -0.000213525            8  0.003446698          800
138.750 -0.003012891            4  0.001325732            3  0.000192313            5 -0.002167802          844
141.250 -0.001841927            9         -nan            0  0.122861932            4  0.003406277          854
143.750 -0.016722077            4  0.006008504            7 -0.003440920            5  0.005150119          942
146.250 -0.002301524            5 -0.002157143            3  0.000041196            5 -0.000148584          935
148.750 -0.003288975            5 -0.002944750            5 -0.000119733            2  0.000885626          940
151.250  0.043748018            4 -0.000001282            8 -0.000026674            4  0.003181550          972
153.750  0.002778964            4  0.007667204            4  0.001161012            3 -0.003027732          962
156.250 -0.002615299            5  0.037443527            8 -0.001876374            6  0.004920410         1014
158.750  0.013754411            5  0.000310150            7 -0.000402823            5  0.002960041          938
161.250 -0.005853726            3 -0.078725923           10  0.003950088            7  0.003267697         1089
163.750  0.018063328            4  0.000217429            8  0.001239682            8  0.000202014         1161
166.250  0.003613989            2 -0.000416747            5 -0.000347433            8  0.001685056         1127
168.750  0.001601516            3  0.068556037            5 -0.000112918            1 -0.002765880         1086
171.250  0.012922799            6 -0.032945240            5  0.021432684            3  0.004645527         1204
173.750  0.000460536            4 -0.000071111            7  0.000494324            7  0.001633251         1210
176.250  0.003151741            5 -0.035057748           11 -0.002181709            3  0.002188611         1242
178.750 -0.002587923            3  0.001082038            6 -0.000089874            7 -0.001697994         1327
181.250  0.014724129            3 -0.000702363            3  0.000973171            3  0.004470307         1277
183.750  0.005758296            4 -0.015535069            9  0.000747592            4 -0.000819885         1355
186.250  0.000000000            2 -0.002351826            4 -0.298584074            3 -0.003787594         1364
188.750 -0.003280484            2 -0.001453551            6  0.000155263            3  0.002362324         1405
191.250  0.001034235            5  0.227621035            4  0.000298369            3  0.003776035         1458
193.750 -0.008680516            2 -0.002537167            7  0.001511812            2 -0.001115156         1531
196.250  0.094873027            5  0.004151713            7  0.001424927            2 -0.002085362         1593
198.750 -0.011178826            3 -0.002957368            8 -0.000344477            6 -0.000240343         1512
201.250 -0.001016259            2  0.000051382            8  0.000018667            3 -0.003839408         1547
203.750  0.000200407            2  0.000445002            4  0.000480753            6 -0.004474322         1577
206.250 -0.002253648            4 -0.000173988            6  0.000000000            1  0.001845180         1650
208.750  0.003358097            2  0.064743172           13 -0.001050811            7  0.000218531         1666
211.250  0.257672938            3  0.000349527            9  0.000811166            2  0.002113597         1640
213.750  0.000000000            1  0.001882673            6  0.120640825            4  0.002817007         1721
216.250 -0.003747549            2  0.000145504            4  0.000000000            2  0.002716443         1769
218.750 -0.001822517            5 -0.000026290            4 -0.000062623            3 -0.001697615         1730
221.250 -0.005566542            1 -0.105062425            6  0.000175464            4 -0.003782035         1820
223.750  0.028771428            3  0.003385182            8 -0.000595472            4 -0.003376577         1809
226.250  0.000182670            5  0.000847496            3  0.000272081            6  0.005561131         1802
228.750 -0.001018631            3 -0.000392227            4 -0.000017628            3 -0.000150322         1877
231.250  0.000000001            2 -0.000297043            3  0.000202806            5  0.002947030         1973
233.750 -0.010394165            1  0.000320687            3  0.000241225            5 -0.001705359         2021
236.250 -0.007675799            2  0.000366555            6  0.000429751            6 -0.000319355         1941
238.750 -0.276472311            3 -0.000257629           12 -0.000380163            6  0.002370244         1944
241.250 -0.000122584            3  0.000165659            6  0.000161881            6  0.004140267         2017
243.750 -0.005607895            2         -nan            0  0.000114399            4  0.002364838         2052
246.250         -nan            0  0.000109931            8  0.000343047            1  0.002772946         2062
248.750 -0.001134847            3  0.001157954            2 -0.000397141            8  0.002047387         2087
251.250  0.000052657            1 -0.000012917            3  0.011255348            4  0.003854631         2110
253.750 -0.034957546            5  0.000048989            8 -0.000441451            2  0.000914209         2136
256.250  0.000003541            6 -0.000157663            5 -0.000580708            4 -0.000196589         2326
258.750  0.000438778            4 -0.000944293            4  0.000054513            3 -0.000594702         2249
261.250  0.000106023            6 -0.000038041            4 -0.000074621            4 -0.001414417         2133
263.750  0.001722243            1  0.000820445            6 -0.000207286            7  0.003922066         2278
266.250  0.000161575            2  0.032872010            7  0.138046406            2  0.000376235         2203
268.750 -0.000661012            2 -0.000218842            7  0.008637460            4 -0.002194800         2412
271.250  0.140086729            6 -0.000063441            6  0.000000000            3  0.002604672         2355
273.750 -0.000142579            4 -0.021186827            2  0.000000003            3  0.001407896         2372
276.250  0.003406165            2  0.136511255            5  0.000095535            2  0.000453083         2458
278.750 -0.001690607            6  0.000650848            8 -0.000129208            6  0.001255393         2488
281.250 -0.046074886            6  0.000245119            5  0.046449445            5  0.002897174         2486
283.750  0.000507323            3 -0.001911875            4 -0.000498287            3  0.001012865         2466
286.250  0.030581778            4 -0.116229469            3  0.001384251            1 -0.000718875         2520
288.750  0.006539392            2  0.007208235            7  0.000562146            5  0.003169969         2624
291.250  0.019910091            2  0.000445705            3  0.000603797            4  0.001681880         2565
293.750 -0.009409783            7 -0.000239185            8  0.000089402            5 -0.001035182         2636
296.250 -0.000723163            1  0.000118532            4  0.000059564            3  0.003266320         2696
298.750  0.000716063            1 -0.000657191            6  0.000130765            7  0.000581374         2703
301.250  0.000000000            1 -0.052357863            7  0.000000000            1  0.001524576         2650
303.750  0.000169351            2 -0.000209745            3 -0.000273454            2  0.000420351         2730
306.250 -0.000190440            2  0.000211059            5 -0.000074109            3 -0.001068657         2694
308.750  0.000396641            3  0.000268543            4 -0.000843189            3  0.002868969         2680
311.250         -nan            0 -0.000076141            8 -0.000590191            2 -0.001497913         2720
313.750 -0.000551188            4  0.001418968            3 -0.000149589            4  0.001598291         2828
316.250  0.000000000            1  0.000314533            3  0.000018695            5 -0.000246645         2885
318.750  0.004714125            1 -0.000146073            9  0.000081174            4  0.000289771         2857
321.250  0.000178468            1 -0.000030992            6  0.000101084            4  0.001863585         2851
323.750  0.329119864            3 -0.000005118            5 -0.000301472            3 -0.002572289         2811
326.250 -0.001097572            4  0.004695479            6 -0.000054069            2  0.001036778         3042
328.750 -0.000697092            4  0.000063124            9 -0.000097716            6 -0.000969334         2937
331.250  0.000859416            3  0.000430425            6  0.000816858            4  0.003118443         3012
333.750 -0.010782137            3 -0.000061658            7         -nan            0  0.002610884         3023
336.250  0.001915214            1  0.064312696            5  0.000176026            5 -0.001574105         3047
338.750  0.000629829            2  0.000578177            4 -0.000148416            5  0.001503728         3109
341.250 -0.000680364            1  0.000031210            2  0.005583858            5 -0.000012964         3053
343.750  0.000074667            3  0.000000003            3         -nan            0  0.003555440         3086
346.250 -0.000850398            3  0.000023020            7 -0.000162817            3 -0.000508235         3098
348.750         -nan            0  0.000009323            7  0.000000000            2 -0.000873171         3173
351.250 -0.000631063            3  0.000154313            8 -0.000164003            5 -0.001209540         3161
353.750 -0.000369952            2  0.000284659           10  0.000558367            2  0.000162115         3302
356.250  0.449934363            1 -0.000167286            5  0.000164733            3  0.000049040         3307
358.750 -0.000259592            2 -0.000268433            4  0.000204329            3 -0.001956607         3204
361.250  0.000510005            2  0.123142925            4 -0.000131819            4  0.000627546         3395
363.750         -nan            0 -0.000229732            3  0.000082559            1  0.001910230         3247
366.250  0.026355221            3 -0.016644535           14  0.000250156            2 -0.001303361         3363
368.750  0.001348253            3  0.000063665            9  0.001626144            1  0.001283683         3485
371.250  0.003776558            3  0.054730867            9  0.000074296            4  0.000274362         3497
373.750  0.000293081            1 -0.042281960            4  0.000000000            2 -0.002024842         3433
376.250 -0.009940488            2  0.000073664            6  0.000144278            3 -0.002028132         3429
378.750 -0.001155652            1  0.180260677            4  0.000657404            3  0.000698171         3526
381.250  0.019943864            2  0.000025022            7  0.000000000            1 -0.002321929         3551
383.750 -0.002246608            2  0.044830751            5 -0.001789061            4 -0.000157951         3515
386.250         -nan            0  0.000120320            3 -0.000297692            1  0.001438595         3647
388.750  0.000159167            2  0.027162188            6 -0.000055080            3 -0.001964260         3622
391.250 -0.000459739            1  0.000000000            2         -nan            0  0.001715659         3507
393.750  0.000774876            2  0.000280832            6 -0.000351392            1  0.003592803         3652
396.250 -0.000014036            3 -0.000004734            3 -0.000264984            1  0.000409033         3685
398.750 -0.000264427            2  0.000060605           14         -nan            0  0.001541858         3638
401.250  0.000000000            1  0.000263623            3 -0.000155680            3  0.000556291         3643
403.750  0.000911067            2  0.000712262            1  0.000165484            1 -0.000501762         3590
406.250  0.000075321            2 -0.000779788            3  0.000215810            1 -0.001343279         3772
408.750         -nan            0 -0.000413823            4  0.000568251            2 -0.000928069         3847
411.250  0.000969449            1  0.000133596            9  0.000136341            2  0.000828119         3852
413.750 -0.000045058            2 -0.000268545            2 -0.000360793            1  0.002169096         3690
416.250 -0.040903770            2  0.000078988            7  0.000033903            2 -0.001584119         3813
418.750  0.000737023            2  0.000051297            2 -0.000095593            3  0.000269629         3820
421.250 -0.000080661            2 -0.000033245            5  0.000217739            5 -0.000058924         3970
423.750         -nan            0  0.000109635            6  0.000390933            1 -0.000145006         3813
426.250         -nan            0  0.000070939            7  0.001389213            2  0.002228261         3833
428.750  0.000000000            2  0.033869343           11 -0.000026486            2 -0.001324392         3908
431.250  0.000127881            2  0.074475616            4  0.000238488            1 -0.000308383         3968
433.750  0.002233986            4 -0.000115025            5  0.000141859            2 -0.001984023         4090
436.250  0.161998685            2  0.000095529            8 -0.000277584            1 -0.000833268         4099
438.750  0.001508975            3 -0.000166969           14  0.000044218            1 -0.000655420         4056
441.250 -0.000133385            1  0.000033222            4  0.000544238            1  0.001020470         4098
443.750  0.000784271            2  0.000075223            2 -0.000038190            4  0.000108125         3962
446.250  0.000000000            2  0.000133534            3  0.000150329            3 -0.000825031         4188
448.750  0.000032525            1  0.123272659            4  0.000848261            3  0.000554343         4107
451.250  0.031339034            1 -0.017923304            6  0.000021327            3  0.002188649         4211
453.750  0.000176170            1 -0.082932256            4         -nan            0 -0.000190803         4176
456.250  0.162055713            1  0.000000000            3 -0.000008708            1  0.000020626         4206
458.750 -0.000392578            1  0.000096612            6 -0.000145993            1  0.001090956         4332
461.250  0.000735436            1 -0.000203408            2  0.000260896            4 -0.000418529         4201
463.750  0.000192243            1 -0.000006415            5         -nan            0  0.001306649         4324
466.250         -nan            0 -0.000072468            4 -0.000018495            3  0.000457277         4394
468.750         -nan            0 -0.000084986            5 -0.000222414            2  0.001083067         4269
471.250         -nan            0 -0.048877599            4 -0.000805509            1  0.001287388         4265
473.750 -0.000021853            1  0.000257356            3 -0.000317334            1  0.000255884         4431
476.250         -nan            0  0.000053870            2         -nan            0  0.000226586         4334
478.750         -nan            0 -0.000225827           10  0.000372785            2 -0.001895462         4382
481.250  0.000068493            1  0.000013811            6  0.000081301            1  0.001512356         4322
483.750 -0.016489719            1  0.246173294            4  0.000076283            2  0.000071617         4388
486.250 -0.000744792            1  0.000294344            9  0.000000000            2  0.000601177         4460
488.750 -0.000556880            2 -0.000022493            4 -0.000175890            2 -0.000107574         4421
491.250         -nan            0  0.000002132            9         -nan            0  0.001728429         4513
493.750 -0.000649124            2 -0.000304996            9  0.000000000            1  0.001414273         4504
496.250         -nan            0  0.000093520            6  0.000041017            1  0.001148378         4556
498.750  0.000000000            1  0.000023953            5         -nan            0  0.000222453         4667
