#   q     Cout       Nout      Cside       Nside       Clong        Nlong
  1.250  0.671555258            6  0.437975713            5  0.918895147            7         -nan            0
  3.750  0.527565815            7  0.000000000            1  0.460588289            8  0.000584338            1
  6.250  0.381196358            4  0.587277697            7  0.132292123            6  1.220620393            3
  8.750  0.186996419            4  0.559044329            9  0.339068946            8  0.575442992            5
 11.250  0.572358769            8  0.267064149            8  0.246043882            4  0.319439286            3
 13.750  0.085879161            8  0.256033173            7  0.163378657            4  0.392997728           14
 16.250  0.328170725            6  0.076058988            6  0.122403816            5  0.282712927           14
 18.750  0.151020038            8  0.179252040            4  0.024610775            9  0.087386867           22
 21.250  0.046625026            6 -0.000884013            2 -0.006704113            4  0.157864531           23
 23.750  0.098355400            9  0.126048978            2 -0.015523821            3  0.087273305           30
 26.250  0.191154734            9  0.109349997            7 -0.017113774            4  0.088314334           34
 28.750 -0.026874852            3  0.128987937            5  0.066186360            3  0.047216437           28
 31.250  0.043955788            8 -0.013351110            4  0.015617470            4  0.050027959           52
 33.750 -0.013212677            2 -0.129165305            8 -0.047001672            5  0.035508277           66
 36.250  0.076787678            5 -0.085676125           10  0.000702988            9  0.008672221           74
 38.750 -0.183238714            6  0.102292145            3  0.035011649            6  0.011235300           81
 41.250  0.245303015            2  0.051386980            9  0.077153162            5  0.023072552           96
 43.750  0.062929642            5 -0.004618989            7  0.060371785            4  0.035861586          104
 46.250  0.070678672            4  0.008618112            5  0.018325738            6  0.009498817          113
 48.750  0.044563322            6  0.024353434            7 -0.008533629            2  0.016247870          145
 51.250  0.029743738            8 -0.020859656            4  0.041994332            4  0.012018311          138
 53.750  0.067712210            4  0.010125441            5  0.036671093            8  0.022229969          155
 56.250  0.018303003            7  0.022545576            5 -0.000113085            5  0.005420288          151
 58.750  0.032594426            7 -0.002716378            6 -0.011851033            7 -0.001340886          204
 61.250  0.028620505            9  0.000000000            4  0.036735024            9  0.009290763          201
 63.750  0.007783801            8 -0.001411953            8  0.003311926            8  0.004839473          190
 66.250 -0.007002217            4  0.033053879            3  0.001795089            4  0.003873535          231
 68.750 -0.010537173            4 -0.187316406            4  0.022248036            4 -0.004085092          232
 71.250  0.012942585            3 -0.008380927            4  0.036695368            6  0.003095097          246
 73.750  0.029887751            7  0.014490156            7 -0.003545491            7 -0.007331040          246
 76.250  0.015923970            8  0.009561406            8  0.034615335            6  0.002529462          310
 78.750 -0.005613047            5  0.004913442           10  0.020719391            5  0.004176104          305
 81.250  0.003710547            4 -0.003578387            8  0.000346382            4  0.000465817          343
 83.750  0.007104702            6 -0.005252612            3  0.187908292            4  0.000703207          328
 86.250  0.078438633            5 -0.000177816            4  0.011776832            7  0.003274518          378
 88.750 -0.152412445            6  0.021162582            5  0.033244771            7  0.003000120          385
 91.250  0.003963192            2 -0.003959471            5  0.007986496            2  0.000133528          401
 93.750  0.004663109            6  0.001588486            6 -0.003914796            5  0.004715266          393
 96.250 -0.001314557            5 -0.006776652            3 -0.001411857            2  0.007221610          419
 98.750 -0.033604399            8  0.018769808            9 -0.005314893            7 -0.003520038          443
101.250  0.030155801            3 -0.000790238            9  0.004808840            7  0.005366123          495
103.750  0.000189356            2 -0.001656069            5  0.136989481            6  0.004722912          482
106.250  0.029207693            4 -0.003683089            6 -0.003114650            3  0.001305894          478
108.750  0.003441029            3 -0.002699220            6  0.005533115            3 -0.007096160          572
111.250  0.027157494            5  0.001625047            8  0.001007522            5  0.006966198          591
113.750 -0.002100629            4 -0.002681026            5 -0.001941137            1  0.007304534          581
116.250  0.017702079            5 -0.006463494            2 -0.002325482            3  0.008494250          633
118.750  0.016063209            2  0.009354869            6 -0.003280879            3  0.004838413          633
121.250  0.029740226            8  0.000258067            3  0.001610101            3 -0.000691153          661
123.750  0.000131825            1  0.071128359            6 -0.197231759            5  0.004822087          719
126.250 -0.028801660            6  0.111643128            6  0.003457530            6  0.004423090          688
128.750  0.027353933            6 -0.000894597            8  0.001502905            9  0.006865539          771
131.250  0.000122261            1  0.007269209            7  0.002095119            3 -0.000250887          749
133.750  0.027697341            3  0.003199137            6  0.077597321            6  0.003510016          768
136.250  0.001710144            5 -0.000383796            7 -0.002311916            2  0.004422085          784
138.750 -0.001532227            6  0.003140588            6  0.000677068            6 -0.001695100          859
141.250 -0.000116083            1  0.001473664            7  0.001008772            8  0.006099797          845
143.750 -0.007745977            4  0.003670874            4 -0.002615520            4 -0.000238669          887
146.250  0.000223693            3 -0.020357424            6  0.000000000            2 -0.000466874          913
148.750 -0.000341057            5  0.056478721            9  0.144240524            5  0.002682987          956
151.250 -0.043385341            5  0.005604620            8  0.011655698            5 -0.001197818          955
153.750 -0.004532610            4 -0.001940179            8  0.001489661            5  0.000911698         1042
156.250 -0.000325349            3  0.000814997            4 -0.000360033            3  0.002347016         1051
158.750  0.023373456            2 -0.000126225            9 -0.000060176            1  0.001041691         1058
161.250 -0.000185769            1  0.000428266            4 -0.000228645            6  0.003104482         1107
163.750  0.001009981            4 -0.000414294            5  0.000633134            6 -0.002993184         1081
166.250 -0.002903708            8  0.001770936            6 -0.000225928            2 -0.002190684         1092
168.750  0.019812958            5  0.000309129            9 -0.408915789            4  0.002495937         1105
171.250  0.000671323            6  0.000000000            1  0.006557253            6  0.001782653         1171
173.750  0.005019126            4  0.148005795            5 -0.095383100            3 -0.001742370         1164
176.250  0.001080617            4  0.000425684            8  0.000138852            5 -0.000195541         1296
178.750  0.000086810            3 -0.002421291           11 -0.001049339            4  0.000601984         1299
181.250 -0.002642238            3  0.001167149            5  0.000575108            4  0.000371105         1285
183.750  0.006172196            7 -0.000352399            5  0.000975800            3  0.000686969         1407
186.250  0.011177735            4  0.002925178            5  0.000016496            1 -0.001787796         1332
188.750  0.000013625            3  0.000349165            5 -0.000075284            9 -0.000749933         1397
191.250 -0.000084424            1 -0.000953898            6  0.000501762            3 -0.002088011         1472
193.750  0.001609454            1  0.001257543            3 -0.000254044            7  0.000581482         1501
196.250  0.001000620            2 -0.001771495            9 -0.020496727            7  0.000894700         1489
198.750  0.000852842            7  0.007794994            6  0.148918985            2  0.000319429         1527
201.250  0.005898322            1 -0.000246182            5  0.000170942            7 -0.000291984         1560
203.750 -0.000444956            3 -0.000267713            7  0.000678457            4  0.001466702         1477
206.250  0.000126709            4  0.000754018            7 -0.000029753            2 -0.000372057         1569
208.750 -0.000448837            2  0.120289362            7 -0.000232594            9  0.003143841         1670
211.250         -nan            0  0.000020503            6 -0.090412250            2 -0.000776723         1643
213.750 -0.004428641            2  0.000300556            8         -nan            0  0.001783064         1659
216.250 -0.052538325            4 -0.124203374            8 -0.041482473            5  0.000437111         1701
218.750  0.002147072            3  0.001183644            6 -0.000321839            4 -0.002486429         1789
221.250  0.000149319            4  0.000000000            4 -0.002042176            1 -0.004118373         1787
223.750  0.000000001            2  0.023175024            6 -0.031619542            5 -0.001147403         1849
226.250  0.001975212            2  0.000248456            5  0.002747265            4  0.000497197         1920
228.750  0.044611794            2 -0.000686657            5  0.001194843            4  0.003294439         1846
231.250 -0.003274476            3  0.000154456            6  0.000379695            9  0.000794549         1901
233.750  0.003868408            2  0.000143730            9  0.000107659            5 -0.002103554         1966
236.250  0.000000000            4  0.000500013            7  0.000123959            5 -0.001456630         2028
238.750         -nan            0  0.000509603            6 -0.000456113            2  0.000914208         2040
241.250  0.000876419            2 -0.000196825            3 -0.288284687            3  0.000832020         2019
243.750  0.000000000            3  0.000342740            8 -0.000365489            2  0.000212606         2111
246.250  0.000952320            3  0.024499623            9 -0.158096794            3  0.000681523         1999
248.750 -0.002149867            4 -0.000211723            6  0.002881979            4 -0.003286759         2015
251.250  0.001133211            3  0.000598834            5  0.000071439            6 -0.001613291         2094
253.750  0.003207191            3  0.000109585            9         -nan            0  0.004383943         2148
256.250  0.000429932            1  0.000408262            2  0.000613408            5 -0.000243513         2150
258.750 -0.003053654            4 -0.000200178            6  0.000153154            4  0.001071682         2210
261.250         -nan            0 -0.001551345            8  0.000987384            2  0.003500794         2320
263.750  0.001810011            1 -0.000164832            7 -0.000459020            3  0.003760860         2315
266.250  0.000693015            2  0.000010581            6  0.000069143            5 -0.002684821         2299
268.750 -0.000899607            4  0.001680908            8  0.000451341            2 -0.001006161         2329
271.250  0.001017831            5  0.000027147            3  0.073418447            4  0.001825206         2372
273.750 -0.001365909            2 -0.000036541            5  0.002628145            3 -0.000930501         2345
276.250 -0.009277588            1 -0.000576323            4 -0.000138917            5  0.002030926         2488
278.750 -0.000818317            4 -0.026262878            8 -0.000326454            4  0.000025459         2490
281.250 -0.000297410            5  0.000619898            5  0.000226700            6 -0.000680926         2468
283.750 -0.000882220            4  0.000289928            5  0.000276292            5  0.000073344         2519
286.250  0.003434140            2  0.159345689            3  0.000000000            2 -0.002558213         2532
288.750  0.000000000            2  0.000000000            3  0.000026570            6  0.000060660         2438
291.250 -0.050790002            6 -0.000228626            3 -0.001086516            4  0.003378665         2551
293.750  0.000000000            1 -0.000208057           11 -0.000014643            3  0.000577716         2645
296.250 -0.000736993            1  0.000060903            4 -0.000486293            6  0.001288595         2636
298.750  0.000000000            1  0.000108455            8 -0.000054015            2  0.000386735         2724
301.250  0.000000000            1  0.000259262            7 -0.000289556            3  0.000409388         2720
303.750 -0.000246637            3 -0.000518371           10  0.000000000            3  0.001257647         2773
306.250 -0.001807845            4 -0.004027792            7  0.000138352            3 -0.000926682         2774
308.750  0.008384500            5  0.000035213            3  0.000247840            4  0.001239412         2668
311.250  0.001896446            1  0.000087115            7  0.000042075            7  0.000305932         2858
313.750  0.008871346            2  0.000075346            4 -0.000186731            6  0.001739613         2732
316.250  0.001122022            4  0.000060955           13  0.000261931            2 -0.002520107         2857
318.750  0.000710395            3  0.130981916            7 -0.000019204            4  0.001247982         2888
321.250         -nan            0  0.000074815            4 -0.000273952            2  0.000090925         2809
323.750  0.000015542            3 -0.000227442            4  0.000187139            5 -0.001958411         2944
326.250  0.449817081            2  0.000621122           10  0.000151531            6 -0.001897288         3013
328.750  0.000725724            1  0.000097908           11 -0.000228837            5 -0.000538489         2932
331.250  0.000000000            1 -0.000202865            5  0.000153256            3 -0.002441959         3021
333.750 -0.000699490            7 -0.000580394           10 -0.000402863            4 -0.001474198         3120
336.250 -0.000235592            6 -0.000075700            4  0.000071129            2  0.002124245         2915
338.750  0.193073048            3 -0.000013330            4 -0.000303847            3 -0.001175510         3067
341.250         -nan            0 -0.000003471            7  0.000834188            5 -0.000791333         3152
343.750  0.000000000            1  0.000087146            4 -0.000961470            2 -0.000891717         3129
346.250  0.000009362            4  0.000000000            6 -0.000039332            2  0.001706967         3138
348.750  0.001160634            1 -0.000046722            5 -0.000006315            4  0.001814394         3136
351.250  0.000177243            1 -0.000217792            4  0.076955176            2 -0.000421448         3299
353.750  0.000000000            1  0.000268125            5  0.000576475            4  0.001415583         3320
356.250 -0.050594132            2  0.000341872            2         -nan            0  0.001503993         3161
358.750 -0.000470483            4  0.000289034            2 -0.000017298            2 -0.000180393         3390
361.250         -nan            0 -0.000180024            8         -nan            0 -0.002562505         3278
363.750  0.000347490            6 -0.000041069            7 -0.000095665            3  0.000036617         3341
366.250  0.000060270            3 -0.031552729            8  0.000633145            3  0.001804435         3395
368.750 -0.000599665            2  0.000228925           10  0.000000001            2  0.002378283         3463
371.250  0.000000000            1 -0.000091363            3 -0.000206271            3 -0.002685095         3356
373.750 -0.000138065            2  0.000162823            3 -0.000163670            2 -0.000634797         3368
376.250 -0.000219528            2 -0.000124434            3  0.024430409            3  0.002803314         3411
378.750  0.001182254            2  0.000253198            6         -nan            0  0.001161663         3462
381.250         -nan            0  0.160217919            6  0.000428002            3  0.000750277         3490
383.750 -0.000306099            4  0.000178583            4 -0.000083938            4  0.000605458         3561
386.250 -0.000069369            2  0.000348205            6  0.000000000            1 -0.001926314         3490
388.750         -nan            0 -0.051533414            5  0.000247973            2 -0.000766527         3514
391.250  0.000000000            1  0.000118768            9         -nan            0 -0.001551916         3624
393.750  0.000119000            1  0.000065604           10  0.000102013            2 -0.003780327         3584
396.250 -0.011475244            2  0.025268002            5 -0.000213519            2  0.000336505         3691
398.750  0.003563838            1  0.000099260            6         -nan            0  0.001114429         3745
401.250  0.003291124            2  0.000095443            7  0.000000000            1  0.000285175         3702
403.750 -0.001364960            1  0.000090405            5 -0.000009591            2  0.000037890         3636
406.250  0.000000000            1  0.000150595           10         -nan            0  0.001828234         3768
408.750 -0.000024657            1 -0.443488842            2 -0.162835007            3  0.001120994         3817
411.250         -nan            0  0.000207828            5 -0.000322058            1  0.001159845         3841
413.750  0.000000000            1 -0.000005791            9  0.000000000            1 -0.000891512         3684
416.250 -0.000167990            1 -0.043350927            8 -0.000101809            3 -0.001233906         3850
418.750  0.000000001            1  0.000154437            9  0.000165794            4 -0.000192048         3878
421.250  0.014335530            3  0.000044041            7 -0.000164464            2  0.001157712         3902
423.750         -nan            0  0.000138499            6  0.000157982            1  0.003089605         3916
426.250  0.003743991            4 -0.000027927            9  0.000091260            2 -0.000000269         4000
428.750  0.000424915            1  0.000156396            7  0.000016859            4 -0.000188204         3897
431.250  0.000934317            3  0.000139248           12  0.000279496            2 -0.000519023         3850
433.750  0.000000000            1 -0.000171064            4         -nan            0  0.001521706         3970
436.250  0.000589067            1 -0.008893433           11 -0.000037432            3  0.001489186         4041
438.750 -0.000088852            1  0.000095443            5  0.000000007            3  0.000570528         4075
441.250         -nan            0  0.000275356            4  0.000086086            4 -0.002654637         4067
443.750 -0.000116621            2  0.000003132            5  0.000002047            4  0.000451347         4162
446.250 -0.000039778            2 -0.030433480            7 -0.000345768            3  0.002618131         4222
448.750  0.000378284            1  0.000319314            7 -0.001801620            1 -0.000946322         4070
451.250  0.004267714            5  0.000051516            9  0.000129995            5 -0.001103097         4175
453.750 -0.005184987            1 -0.000024776           10         -nan            0  0.000880318         4141
456.250         -nan            0 -0.000007145            4 -0.000005320            2 -0.000356648         4254
458.750 -0.000472606            2  0.000025575            8  0.004260286            3 -0.000768092         4093
461.250  0.000000000            1  0.000298470            6  0.000125638            1  0.000104885         4166
463.750  0.000000000            1  0.000182517            7 -0.000150243            2 -0.000429261         4412
466.250  0.000000000            1  0.000085824            4         -nan            0 -0.000380291         4241
468.750         -nan            0  0.000043502            6  0.000135080            2  0.003722410         4235
471.250  0.000361917            1 -0.000127207            7  0.000048224            2 -0.000272557         4319
473.750         -nan            0  0.000117597            5  0.000000000            1 -0.000764112         4304
476.250  0.000300048            1  0.000006973            9  0.000116262            1 -0.002478122         4402
478.750 -0.000570539            1  0.093211154            6 -0.000047558            4 -0.001744050         4397
481.250  0.002256216            2  0.000252215            2  0.000096794            1 -0.001530470         4376
483.750  0.001000024            2  0.000064522            6  0.001488089            2  0.002640698         4262
486.250  0.000000000            1  0.000168461            3  0.000216739            2  0.000038156         4421
488.750 -0.000068574            2  0.000068876            7  0.000037235            3 -0.000503446         4419
491.250  0.000302319            1 -0.000115467            5 -0.234409492            3 -0.000698829         4545
493.750  0.000508831            2 -0.136383368            6         -nan            0  0.001394426         4461
496.250  0.000000000            1  0.000070392            5         -nan            0  0.000896128         4550
498.750 -0.000361386            2  0.000134383            2         -nan            0 -0.002289232         4563
