#   q     Cout       Nout      Cside       Nside       Clong        Nlong
  1.250  0.359780767            5  0.186039165            2  0.549700886            4         -nan            0
  3.750  0.213811570            6  0.360949332            5  0.264703924            4         -nan            0
  6.250  0.060191360            4  0.133800750            3  0.273282296            6  0.000000000            1
  8.750  0.100668542            3  0.634721741            3 -0.016254276            4 -0.000410363            1
 11.250  0.098262716            5  0.188798321            9  0.314725323            7  0.543647865            7
 13.750  0.472780275            9  0.218930302           10  0.190786743            7  0.113191837            7
 16.250  0.131929557            5  0.131258882           12  0.158720787            6  0.239608639           16
 18.750  0.148863745            4  0.151775894            4  0.008067172            8  0.112508079           28
 21.250  0.025172027            8  0.124997752            3  0.071513480            9  0.055687514           25
 23.750  0.093840222            4  0.092935080            9  0.049914514           12  0.106538397           32
 26.250  0.011381138            3  0.055922883            4 -0.028393986            6  0.018287791           36
 28.750 -0.011525407            4  0.065361708            5  0.092014129            8  0.037347321           47
 31.250 -0.005175185            3  0.017440687            7  0.040251251            6  0.060712160           58
 33.750  0.008789745            7  0.004508387            4 -0.012651650            4  0.069743076           58
 36.250  0.141876116            2  0.005107910            6 -0.018217322            5  0.038124198           71
 38.750  0.069550569            6  0.093224710            2  0.028590595            6  0.035824615           90
 41.250  0.087680597            3  0.000012657            2  0.013618082            5  0.029537582           81
 43.750  0.156844629            6 -0.052517768            6 -0.013624015            5  0.008879167          101
 46.250  0.044956694            7  0.007867497            8  0.015501071            6  0.016257283          118
 48.750  0.128187238            8 -0.009704488            2  0.018980390            7  0.027124150          123
 51.250  0.190023404            3 -0.003751331            5 -0.007281418            5  0.004893309          126
 53.750  0.095057021            6  0.072425086            1  0.037639982            4  0.015591311          167
 56.250  0.035928989            5 -0.002700187            8 -0.000208668            3  0.002525154          147
 58.750  0.033164626            6 -0.000455133            8 -0.094522401            8  0.015479884          165
 61.250  0.032247083            8 -0.005167906           12  0.039743586            7  0.008870568          219
 63.750  0.012637137            8  0.002399306            6  0.009143822            6  0.004936204          215
 66.250  0.044215313            4  0.016493813            3  0.009941519            7  0.007953895          185
 68.750 -0.013242151            3 -0.006031330            1 -0.042358227            6 -0.011386368          223
 71.250 -0.016962668            5 -0.001079859            4 -0.001210178            5  0.008595252          256
 73.750  0.012076450            5 -0.008559555           10 -0.003383351            4 -0.001568030          270
 76.250 -0.010082287            4 -0.005951512            9 -0.001733686            6  0.007903083          308
 78.750  0.021178641            5 -0.012451489            3  0.005024700            5  0.005391244          287
 81.250 -0.118026681            5  0.024878124            8  0.014999055            7  0.000921073          335
 83.750  0.048276281            4 -0.000746996            3  0.019769748            5  0.009110794          327
 86.250  0.052554441            8  0.010125454            5  0.036893488            6  0.004109092          352
 88.750  0.000000000            1  0.011613023            9  0.000713450            6 -0.004244832          374
 91.250  0.030947529            5 -0.001559666            6 -0.006924216            4  0.004817316          387
 93.750 -0.036722899            2  0.001878752            3  0.003810214            2  0.000196863          394
 96.250 -0.119673005            4  0.019121579            4  0.000000000            1 -0.006013863          472
 98.750 -0.002667566            4 -0.000565908            7  0.005439887            2 -0.003207137          481
101.250 -0.014139901            2 -0.019757312            9 -0.001068846            3 -0.002277552          477
103.750  0.005303578           10 -0.000396295            6 -0.056184860            8  0.006201031          519
106.250 -0.008270956            6 -0.000533902            3  0.002712725            6 -0.003861566          551
108.750  0.013991844           11  0.004845866            2 -0.009461469            2  0.003731305          589
111.250  0.017875124            5 -0.003700510            8 -0.005189005            4  0.004947314          565
113.750 -0.001703115            7  0.000177395            1  0.000395720            6  0.001988263          598
116.250 -0.000955497            3  0.000472019            7  0.000046463            4  0.000074067          632
118.750         -nan            0  0.006145211            9 -0.002733071            3  0.002258222          622
121.250  0.153385606            4 -0.114021258            6  0.037973335            4 -0.003032977          636
123.750  0.023121875            4  0.000500978            4 -0.000315059            5  0.003505864          750
126.250  0.019255905            5 -0.003546339            5         -nan            0 -0.003382685          655
128.750  0.014662352            4 -0.003415430            4  0.020259044            4  0.001821058          779
131.250  0.027238881            5 -0.123123701            5  0.001145001            3  0.007685864          783
133.750 -0.121825372            4  0.000307739            6 -0.003496653            2  0.000781796          804
136.250 -0.002497886            5  0.037742418            5  0.000262213            3 -0.003158359          820
138.750  0.000465702            9  0.066270839            5 -0.007128985            2 -0.001788762          856
141.250 -0.003146195            7  0.001719788            6  0.003323404            2  0.001986435          881
143.750  0.056147031            3 -0.000402729            6  0.013977725            5  0.001144198          888
146.250 -0.001766902            4  0.001164762            7 -0.020681974            4 -0.002622065          887
148.750  0.047450528            5 -0.000182709            5  0.004321949            5  0.001194680          916
151.250  0.126069159            5 -0.054012757            4  0.000527117            8 -0.000856522          977
153.750  0.015982884            7  0.000792782            4 -0.000004480            5  0.006660510         1061
156.250  0.001754172            3 -0.003045497            7  0.000947893            3  0.001706300         1034
158.750  0.016805173            5  0.001689132            6 -0.000999843            6  0.001154803         1123
161.250  0.000175790            7 -0.000328932           10 -0.134499638            4  0.000577219         1104
163.750  0.008655831            1 -0.000393039           10  0.000364150            3 -0.003166093         1020
166.250  0.002981875            3  0.000981436            3  0.000447302            5  0.001526726         1172
168.750 -0.003018672            4  0.000410980            5 -0.039348303            4  0.001585585         1141
171.250  0.004463706            3  0.014462459            4  0.000000000            3  0.001014530         1165
173.750  0.003296509            2 -0.012513960            4  0.137021219            6  0.003562593         1263
176.250 -0.000391162            4  0.001563152            3  0.000090977            9  0.004194109         1272
178.750 -0.002506143            5  0.000023785            2 -0.000238686            5  0.003466435         1244
181.250  0.003399442            5  0.001206085            6  0.000305483            5 -0.002699802         1245
183.750  0.000474031            6 -0.001254775            2  0.007386729            7  0.001907066         1255
186.250  0.000000000            2 -0.000314578            7 -0.036056911            6 -0.000056875         1382
188.750  0.021257144            2 -0.047290737            7  0.000097724            7  0.004579663         1364
191.250  0.001877091            2 -0.000708740            9  0.001389755            3  0.004148259         1462
193.750 -0.002858143            2 -0.000149504            4 -0.142050027            5 -0.004858927         1402
196.250 -0.000092264            2  0.000262573            6  0.001662128            1  0.000058908         1495
198.750 -0.004331355            3 -0.000314061            7  0.030194365            6 -0.000545492         1527
201.250  0.015900744            3  0.000893074            8 -0.009612152            1 -0.000936783         1528
203.750 -0.000121721            6 -0.001445254            5 -0.002429637            3 -0.001551018         1594
206.250  0.000759565            7 -0.039563878            8 -0.000626340            3 -0.000353817         1615
208.750 -0.000209248            5 -0.000113875            5 -0.000014212            4 -0.001770826         1564
211.250  0.003078849            4 -0.000619748           10  0.000360671            6  0.002597605         1708
213.750 -0.000560289            4  0.000278218            6  0.008024860            6 -0.002167100         1665
216.250 -0.003403135            4  0.000401656            4  0.000232180           10 -0.001291205         1688
218.750  0.000493099            4 -0.001601959            5 -0.000154759            3 -0.001403280         1730
221.250  0.004270280            2  0.000283162            5 -0.000103007            7 -0.000873818         1787
223.750  0.000000000            1  0.000385434            9  0.001320001            4  0.000519080         1895
226.250  0.001778498            3  0.000025681            5 -0.002396351            4 -0.000716412         1778
228.750 -0.001305630            5  0.000142410            9  0.000822256            6  0.003274528         1912
231.250  0.003526815            8  0.086007241            4  0.000372745            7 -0.000473303         1810
233.750  0.001113256            3  0.000436740            4 -0.001988264            4 -0.001747113         1849
236.250  0.000024145            5  0.001840441            3  0.000000000            1 -0.002690905         1895
238.750  0.000000000            1 -0.001947472            4 -0.169936842            3  0.000505160         1979
241.250  0.004156880            2 -0.001505247            6 -0.000826318            4 -0.000574585         2042
243.750 -0.000281744            2  0.002691589            4  0.007516892            4 -0.000375727         2050
246.250 -0.040331653            1 -0.000141279            5         -nan            0  0.001973579         2079
248.750  0.000448374            4  0.000220498            4  0.000168971            4 -0.000804195         2196
251.250  0.000015169            1  0.001746437            9  0.037027986            3  0.003192695         2173
253.750  0.001993854            3 -0.003240554            6  0.000210614            4  0.001422286         2141
256.250 -0.000103556            1 -0.000479547            7  0.000000001            5  0.003481018         2173
258.750  0.001217539            2 -0.000008537            8  0.000000000            1 -0.000163874         2234
261.250         -nan            0 -0.000225350            5  0.000020929            3  0.003034379         2285
263.750  0.001334288            2  0.005413039            5 -0.000356561            4 -0.000747982         2251
266.250         -nan            0 -0.000906790            6  0.000335358            7 -0.000846706         2262
268.750  0.000000000            1  0.227879438            4  0.000197501            7  0.001989327         2284
271.250  0.002953533            1 -0.018032321            5  0.000000000            1  0.004131868         2298
273.750 -0.001658762            1 -0.000130016            5 -0.000279787            2 -0.000614976         2419
276.250  0.000000000            1  0.000018526            4  0.000373386            4 -0.003995164         2482
278.750  0.004755280            4  0.000021701            8  0.365299357            2 -0.000022848         2524
281.250  0.000000000            5  0.039058477            8  0.146552359            6 -0.000087445         2566
283.750  0.009810292            3  0.035784841            8  0.000702027            4  0.001288623         2482
286.250 -0.001045867            1 -0.001260652            2  0.000274684            3  0.000985200         2525
288.750 -0.000399122            2 -0.000401636            8 -0.000110238            3 -0.001539804         2483
291.250 -0.000305121            3 -0.000301702            4  0.000000000            2  0.000713073         2564
293.750  0.002242585            2  0.000088554            4 -0.269859130            1 -0.003496842         2609
296.250  0.000000000            2  0.002220485            7  0.000755991            3 -0.002581254         2627
298.750  0.098345924            2  0.000566756            5  0.000142092            4 -0.000765415         2681
301.250 -0.001749968            1 -0.000697062            3  0.000000000            1  0.000938752         2704
303.750  0.000380075            3 -0.000661645            6  0.001304137            2  0.000189220         2733
306.250  0.000000000            1  0.000000000            2  0.000026794            3  0.000415927         2593
308.750 -0.001249197            2  0.000287215            5  0.000187560            2  0.002287605         2750
311.250 -0.000290641            3 -0.000332491            2  0.000367160            3  0.000768772         2888
313.750         -nan            0  0.000027794            3 -0.001071642            3  0.002313524         2811
316.250         -nan            0  0.001252406            3 -0.000246972            3  0.004159548         2734
318.750  0.000123879            2 -0.000229004            9  0.000133530            5  0.001010694         2824
321.250 -0.003023018            2 -0.000939296            6 -0.000042659            5  0.003115509         2786
323.750  0.000000000            1  0.000366031            6  0.000361308            3 -0.002032212         2943
326.250 -0.001255430            3 -0.123400133            9  0.000294380            5  0.002045307         3086
328.750  0.000161366            2  0.000000000            1 -0.000331290            2 -0.000185354         2971
331.250 -0.002900282            3 -0.000178902            5  0.000354513            3 -0.001336890         3046
333.750  0.006195714            3  0.201576034            3 -0.197497918            3  0.001727741         3012
336.250  0.000000000            1 -0.000020057            8 -0.000280052            7  0.003024486         2986
338.750 -0.000205234            2 -0.000464366            2 -0.000018902            2 -0.000923635         3041
341.250         -nan            0  0.000221112            7  0.000907600            3  0.001836853         3080
343.750         -nan            0  0.000068610            3  0.000619819            2  0.000681407         3101
346.250 -0.063461954            5  0.000073318            5 -0.000276700            3  0.000546432         3211
348.750  0.000592487            2  0.000350685            3 -0.000267650            1 -0.001512553         3201
351.250         -nan            0  0.000378202            2  0.000929865            4  0.001958290         3153
353.750 -0.000162236            3  0.000097482           10 -0.000154144            2 -0.000099348         3295
356.250  0.000100233            3  0.135779506            7  0.000012639            6  0.000726805         3317
358.750  0.005211026            3  0.000041911            4  0.000882914            1  0.001211155         3315
361.250 -0.001384899            5  0.000384139            2  0.000387083            3  0.003168179         3323
363.750  0.008732215            3  0.117497928            7  0.000000000            2 -0.001143287         3383
366.250  0.001041755            1 -0.000040576            5  0.032331930            4  0.002788851         3303
368.750  0.002238720            2 -0.000590666            7 -0.000349946            4  0.001527145         3386
371.250  0.004046434            2  0.000173035            4 -0.000211342            1  0.000688677         3447
373.750  0.000174040            3 -0.000198924            6  0.227796784            2 -0.001406200         3438
376.250  0.000000000            1 -0.000411698            8  0.000111172            1  0.001130178         3398
378.750  0.000093077            2  0.000069265            9         -nan            0 -0.001738756         3464
381.250  0.000772132            1  0.000113001            4         -nan            0  0.000166310         3542
383.750  0.000000000            2 -0.000122001           12 -0.000491359            1  0.002851412         3551
386.250         -nan            0  0.000543367            7         -nan            0  0.000061263         3533
388.750  0.000291079            1 -0.000113870            5 -0.000743466            3  0.000066315         3454
391.250 -0.000623109            2  0.000421272            3         -nan            0 -0.002184715         3603
393.750  0.000000000            1  0.000020054            5 -0.000372626            3 -0.000514291         3636
396.250 -0.003241230            3  0.000427069            4 -0.000068349            2  0.002022782         3595
398.750  0.000000000            1 -0.000028410            4 -0.000316443            3  0.000499121         3583
401.250  0.000410751            2 -0.000094479            6  0.875855852            1 -0.000348168         3817
403.750  0.001637658            3 -0.000147059            4 -0.000138510            3  0.000292623         3657
406.250  0.000000000            2 -0.066617113            2  0.000364683            1 -0.000525656         3722
408.750  0.000000004            1  0.000134984            6 -0.000007003            5 -0.002684653         3672
411.250         -nan            0  0.000108633            5 -0.000166286            2  0.002495572         3832
413.750 -0.002474708            4  0.069061535            5  0.000301699            2  0.003202120         3779
416.250 -0.000185567            3  0.000219574            4 -0.000221605            2  0.000270405         3758
418.750  0.000058770            1 -0.000031654            5 -0.000233008            1  0.004212072         3829
421.250         -nan            0 -0.000277024            6 -0.000099846            1 -0.000656413         3905
423.750  0.000217527            3  0.000006976            7  0.000216891            1  0.001818675         3901
426.250  0.000307586            1 -0.000093902            6 -0.000894032            2  0.001703047         3864
428.750  0.000000000            1 -0.011362556            6         -nan            0 -0.000544413         3983
431.250         -nan            0 -0.000071257            6 -0.000026909            3 -0.001067160         3887
433.750  0.000000000            1  0.000381606            4         -nan            0 -0.002067813         3980
436.250 -0.025295367            1 -0.122236318            6  0.000072617            2  0.001314964         4027
438.750  0.000272186            2  0.000105091           12         -nan            0  0.001267888         3968
441.250 -0.000148935            3 -0.218483932            2  0.000070021            3  0.002226181         4015
443.750 -0.001613621            2  0.000129850            6  0.000000000            1 -0.001366905         4102
446.250  0.000256900            2  0.000035477            8  0.000000000            2 -0.001161319         4047
448.750         -nan            0  0.033469056            5  0.000000000            1  0.000798804         4134
451.250         -nan            0  0.000241589            3         -nan            0  0.000465100         4066
453.750 -0.000278454            3  0.028668320            7 -0.104394952            3  0.000872900         4133
456.250 -0.000209532            1  0.000959700            8 -0.000152494            2  0.001762159         4125
458.750  0.000000000            2 -0.000022511            5  0.000056666            2 -0.001176125         4178
461.250  0.000000000            1 -0.000273291            3 -0.000025197            1 -0.001245692         4176
463.750 -0.000176935            1  0.000225676            9  0.162604788            5  0.001885810         4273
466.250  0.008582837            3 -0.000062512            3  0.000386077            5 -0.001943093         4213
468.750  0.000370522            1 -0.000117497            1  0.000000000            1  0.001594533         4320
471.250 -0.000862429            2 -0.000011669            6  0.000162557            2  0.000888253         4351
473.750         -nan            0 -0.000056648            3 -0.000039977            4  0.000607495         4349
476.250  0.012745810            2 -0.000046623            7  0.000957518            1  0.001814696         4490
478.750 -0.000047638            2  0.000015156            5  0.000024829            2  0.000798544         4462
481.250  0.000318971            3 -0.000097366            3  0.176371055            2 -0.001297831         4390
483.750  0.000176908            3  0.000067556            4 -0.000057524            2  0.000223868         4349
486.250  0.000000000            2  0.000010183            5  0.000496314            1  0.000854809         4419
488.750         -nan            0  0.019732655            4 -0.000070421            2  0.001607433         4513
491.250 -0.000435549            2  0.000520174            7  0.000000000            1  0.000706847         4410
493.750         -nan            0  0.000084408            4  0.000000000            1 -0.000895908         4562
496.250         -nan            0 -0.000042513            5 -0.000117095            2  0.002887217         4593
498.750 -0.000028380            1 -0.000059236            3 -0.000188596            1 -0.001159418         4552
