  0.050 -29.425798589 30658.000000000 -21.244382400 13896.000000000  2.509262972 6426.000000000 -40.812098330 1864.000000000  3.594139245 1420.000000000 -0.128421260 356.000000000
  0.150 -102.484188140 29404.000000000 -51.549726967 13794.000000000 -19.513478929 5838.000000000 44.476324742 1764.000000000 -1.868640822 1466.000000000 -4.334102668 388.000000000
  0.250 -21.759523150 27766.000000000 11.996354586 13130.000000000  5.715391509 5810.000000000 21.916179957 1664.000000000 -27.612962033 1380.000000000  4.468769665 300.000000000
  0.350 19.362969037 26272.000000000 -10.367465013 13116.000000000 14.223174344 5628.000000000  7.812878867 1554.000000000 -7.575190000 1258.000000000  0.169395908 302.000000000
  0.450 -144.999464932 24992.000000000 -35.130720920 12002.000000000 10.441040648 5248.000000000 11.449989407 1430.000000000  4.765095620 1340.000000000 -5.183201297 300.000000000
  0.550 113.013521674 24024.000000000 13.882616512 11126.000000000  8.690557601 5226.000000000 -26.181499378 1378.000000000  5.410774159 1168.000000000 -5.072064464 278.000000000
  0.650 94.880570171 22244.000000000 -20.948581063 10906.000000000 -1.659270236 4616.000000000 -10.911993596 1430.000000000 21.244359561 1236.000000000 -4.203704725 266.000000000
  0.750 30.864822965 20758.000000000 19.863648678 10384.000000000 -21.687507387 4460.000000000 14.947741718 1262.000000000 -0.070810123 1042.000000000 -8.100732977 236.000000000
  0.850 48.943576546 19920.000000000 -9.672404725 9488.000000000  0.311572818 4008.000000000 15.716986546 1142.000000000 13.149981127 1036.000000000 -5.765757811 274.000000000
  0.950 -16.734466140 18414.000000000 60.925910218 9048.000000000 -3.537466374 4172.000000000 18.253398198 1066.000000000 -2.292653406 974.000000000 -1.593989136 224.000000000
  1.050 -11.636324872 17558.000000000 24.046017115 8354.000000000 -4.842938081 3650.000000000  8.021820045 1076.000000000 14.556214044 932.000000000  2.760349717 200.000000000
  1.150 112.376229458 16348.000000000 20.693729525 8034.000000000 -1.515886032 3444.000000000 -11.780707839 992.000000000 -2.254722084 808.000000000  1.162708824 178.000000000
  1.250 114.568551655 14974.000000000 -16.690155779 7468.000000000 -13.612487975 3124.000000000 -21.435222211 932.000000000 -16.493217389 830.000000000  0.676364020 158.000000000
  1.350 -14.989424639 14108.000000000 -10.816439879 6900.000000000  7.245893389 2948.000000000  6.806236104 862.000000000 -2.408519424 786.000000000 -1.072195110 180.000000000
  1.450 15.456610777 13156.000000000 -69.725066014 6594.000000000 -0.803882245 2892.000000000 -13.387901421 796.000000000 -13.628488059 722.000000000  4.486384222 210.000000000
  1.550 -65.316396666 12186.000000000 14.615279661 6398.000000000 -7.649917731 2842.000000000  9.806042433 900.000000000 21.704977517 788.000000000 -0.296287933 190.000000000
  1.650 -45.211505916 11286.000000000 -18.769278113 6358.000000000 15.171504886 2856.000000000 -2.516265460 820.000000000  5.215259752 782.000000000 -2.362387308 196.000000000
  1.750  5.504114687 11090.000000000  9.899978048 6538.000000000  5.002805063 2938.000000000 -32.599286955 864.000000000  3.676177556 830.000000000 -1.380701182 140.000000000
  1.850 -11.943448650 11784.000000000 12.577736393 6622.000000000  8.046316733 2994.000000000 -8.668964156 990.000000000  4.795251513 870.000000000  1.788235020 136.000000000
  1.950 -70.406743348 12182.000000000 -9.825659089 6640.000000000 -5.369967446 3104.000000000 -4.918217130 874.000000000 -0.903706901 802.000000000 -1.302842427 164.000000000
  2.050 -3.870828245 12680.000000000 -11.972836823 7084.000000000 -13.156011956 3316.000000000 -4.375189791 994.000000000 -7.076041911 856.000000000  1.708306665 162.000000000
  2.150 -5.325936915 13378.000000000 21.837114033 7220.000000000  3.464335261 3266.000000000  0.712181197 932.000000000  0.225563379 800.000000000 -3.652670885 156.000000000
  2.250 49.413568703 13856.000000000 -7.143550602 7510.000000000  2.006610648 3366.000000000 -14.209970229 1070.000000000  6.796380930 848.000000000  0.170306711 200.000000000
  2.350 17.357876470 14208.000000000 34.848510699 7480.000000000 -8.533308966 3286.000000000 -0.454521491 980.000000000 -3.642458303 842.000000000  1.039897326 190.000000000
  2.450 -3.990267396 14916.000000000 11.671077971 7606.000000000  1.082133973 3484.000000000 -0.827887542 1014.000000000 -7.011172815 934.000000000  1.932534494 150.000000000
  2.550 -52.854129019 15332.000000000 36.988127340 7576.000000000 -5.639707750 3370.000000000 14.208272001 958.000000000 -4.514080933 940.000000000 -0.205013304 154.000000000
  2.650 -42.695923140 15278.000000000 -14.029896843 7846.000000000 12.324332393 3374.000000000 19.963836831 964.000000000 -2.012886342 784.000000000  0.641775214 182.000000000
  2.750 27.359594092 15654.000000000 -8.576329635 7938.000000000 -14.049817148 3512.000000000  1.029915989 904.000000000 -0.414436672 918.000000000 -1.588627817 212.000000000
  2.850 -7.936779729 16414.000000000 -11.129340775 7896.000000000  7.172716031 3514.000000000 -8.728949210 980.000000000  3.283348526 872.000000000 -1.014947405 204.000000000
  2.950  3.839608292 16542.000000000 -20.111441611 8038.000000000  4.505486558 3484.000000000 -7.783168726 1002.000000000 -1.702730060 852.000000000  0.407964021 214.000000000
  3.050 -28.571622135 16660.000000000 -1.642902074 8194.000000000 -6.885544812 3590.000000000  2.200136335 954.000000000  1.478954160 738.000000000  0.204229644 204.000000000
  3.150 56.643797184 16972.000000000 10.864907796 8288.000000000 -6.789529751 3548.000000000 -5.191427713 952.000000000 -0.478494357 868.000000000  0.521203795 188.000000000
  3.250 -35.353902559 17216.000000000  5.137419360 8028.000000000  5.156335827 3616.000000000  1.888837579 904.000000000  1.621951230 840.000000000  0.450187753 196.000000000
  3.350  3.276607923 16940.000000000 -12.305838999 8196.000000000  0.896602666 3636.000000000  0.016950726 1002.000000000  0.004573249 836.000000000  0.427875268 204.000000000
  3.450  2.431448636 17342.000000000 -10.440711638 8318.000000000 -1.481482318 3532.000000000  2.597312336 1002.000000000 -0.148519303 858.000000000 -0.227869550 148.000000000
  3.550 -31.223021400 17330.000000000 17.812022669 8098.000000000  5.508369384 3464.000000000 -4.106367760 902.000000000  0.771719509 772.000000000  1.189258233 202.000000000
  3.650 16.871370012 17262.000000000 -8.946812750 8176.000000000 12.228797219 3600.000000000  0.830730069 962.000000000 -0.606006972 758.000000000 -0.206802031 208.000000000
  3.750 -32.547833230 17458.000000000 -8.279647798 8258.000000000  3.559968258 3510.000000000  5.610965574 888.000000000  1.528639774 802.000000000  0.670223503 192.000000000
  3.850 -10.856522021 17292.000000000 -8.737306323 7974.000000000  1.437868989 3462.000000000 -1.440974381 908.000000000  0.073814447 784.000000000 -0.790232677 158.000000000
  3.950 -6.914408977 17574.000000000 -9.755032370 7970.000000000 -6.227179091 3502.000000000 -1.281384898 946.000000000  1.412410326 780.000000000  0.167332279 204.000000000
  4.050 -30.500648574 17326.000000000  5.113830172 7994.000000000 -2.500024275 3440.000000000  2.987211338 914.000000000  0.440479619 762.000000000 -0.131195994 174.000000000
  4.150 36.961604111 17566.000000000 -15.574461167 7816.000000000  4.537844582 3464.000000000  9.198719078 850.000000000 -1.125277990 826.000000000 -0.012365790 178.000000000
  4.250  8.807445741 17458.000000000  6.096933811 7886.000000000  2.277913193 3482.000000000  1.567147496 858.000000000  0.655226293 716.000000000 -0.485974525 164.000000000
  4.350 -10.391263989 17018.000000000  6.764175437 7862.000000000  1.682916468 3550.000000000  0.072320886 836.000000000  0.458514790 760.000000000 -0.015255933 178.000000000
  4.450 15.649777028 17158.000000000  5.253529748 7572.000000000 -4.800855004 3330.000000000 -0.434720466 876.000000000 -0.798987513 720.000000000 -0.026448101 152.000000000
  4.550 -8.591188057 17282.000000000 -7.961028001 7760.000000000  0.942353062 3370.000000000  0.368836345 856.000000000  0.414864206 744.000000000  0.411795263 168.000000000
  4.650  3.017620468 16970.000000000  9.405041135 7840.000000000 -3.442476460 3398.000000000 -1.436679035 974.000000000 -4.990252358 806.000000000  0.100382416 162.000000000
  4.750 11.805929091 17036.000000000 -3.747902464 7628.000000000  2.472324649 3366.000000000 -1.053374459 874.000000000  0.354115068 672.000000000 -0.000216002 152.000000000
  4.850 16.310601328 17064.000000000 -14.039181841 8102.000000000  8.646500650 3384.000000000  0.978047353 820.000000000  4.157413415 810.000000000 -0.057588492 144.000000000
  4.950  5.798486297 17240.000000000 -4.677452673 7534.000000000 -2.300538301 3326.000000000 -0.918772503 886.000000000  0.391713470 746.000000000  0.201462321 158.000000000
