  0.050 -107.336833011 30798.000000000 78.797066872 13866.000000000 49.289608460 6060.000000000 21.701935025 1676.000000000 27.851150562 1544.000000000 -14.474732502 356.000000000
  0.150 65.269853926 29372.000000000 11.806273269 13882.000000000 14.250200488 5910.000000000 -36.555065452 1636.000000000 44.940048569 1420.000000000 -3.403548855 318.000000000
  0.250  1.013196391 28100.000000000 42.336382678 13312.000000000 -6.904580130 5632.000000000 -2.658688389 1714.000000000 -14.398833402 1474.000000000 -1.943742979 264.000000000
  0.350 -121.856290867 26728.000000000 -70.839064026 12810.000000000  6.003696777 5424.000000000 -11.354370582 1534.000000000 -19.186429271 1426.000000000  3.783184818 306.000000000
  0.450 85.050096353 24922.000000000 -33.700562971 12034.000000000 -30.021836104 5364.000000000 -4.868878707 1518.000000000  1.847256025 1280.000000000  2.305326622 298.000000000
  0.550 135.710102429 23736.000000000 -24.301763212 11458.000000000 17.674587434 5258.000000000 -20.560238718 1350.000000000 25.258926896 1222.000000000  2.500280800 270.000000000
  0.650 -0.066669925 22720.000000000 19.116995784 10678.000000000 14.973175162 4738.000000000 -14.582259898 1332.000000000 -10.290319688 1234.000000000 -7.156957582 254.000000000
  0.750 -85.775847505 20938.000000000 -36.276599402 10176.000000000 -17.363399195 4586.000000000 -20.226017872 1200.000000000 -12.249990845 1068.000000000 -11.511233849 276.000000000
  0.850 -16.566305187 19586.000000000 46.336877885 9892.000000000 28.314326389 4254.000000000 41.882016054 1186.000000000  2.885040141 1026.000000000  1.050889448 224.000000000
  0.950 120.562904711 18854.000000000 38.226794864 8826.000000000 -24.638162249 4044.000000000 -32.180902804 1086.000000000 -9.228645220 1000.000000000  4.327937715 210.000000000
  1.050  9.269344633 17618.000000000 -10.281741325 8684.000000000 -11.598337915 3684.000000000 27.764969648 1060.000000000 -16.166824408 870.000000000 -0.287643907 174.000000000
  1.150  9.806124002 16134.000000000  7.533122211 8404.000000000 -10.969913508 3420.000000000 -18.238372044 958.000000000  9.197562377 812.000000000  0.632112288 190.000000000
  1.250 -81.981000351 14688.000000000 16.259075208 7270.000000000 14.107241019 3342.000000000 11.777613391 952.000000000 10.398668435 814.000000000  1.362065343 188.000000000
  1.350 40.050243139 14008.000000000 69.985966791 6780.000000000 19.776415317 3036.000000000 24.236213593 820.000000000 16.414283365 784.000000000 -1.383755894 160.000000000
  1.450 -49.315366609 13022.000000000 43.599443577 6640.000000000  3.185738661 3024.000000000 13.222070924 878.000000000  5.737855376 724.000000000 -0.976726879 158.000000000
  1.550 27.536214112 12042.000000000  9.784514872 6348.000000000 -12.637935112 2802.000000000 -19.109897913 870.000000000 16.127408079 818.000000000 -0.648750265 172.000000000
  1.650 17.038708032 11370.000000000  0.444070081 6222.000000000  1.946830292 2960.000000000 -13.801158671 942.000000000 -5.538391950 736.000000000 -0.144669905 166.000000000
  1.750 54.069001153 11110.000000000 -49.877998933 6594.000000000  3.815525514 2934.000000000 -3.452311624 916.000000000 -6.884215927 802.000000000 -0.557366448 176.000000000
  1.850 22.873665763 11776.000000000 42.530332077 6670.000000000 10.935018811 3060.000000000 -8.695688196 930.000000000 -8.094949133 752.000000000  1.586871799 186.000000000
  1.950 -60.177523174 12198.000000000 -23.616737610 6526.000000000 -10.857325606 3252.000000000  7.544604891 874.000000000  5.566804172 780.000000000 -0.155340798 186.000000000
  2.050 -21.681313003 12538.000000000 -1.166039712 7054.000000000  6.441581967 3140.000000000 -1.792189051 922.000000000  1.276101022 816.000000000 -0.450679461 218.000000000
  2.150 54.484093472 13406.000000000 18.004840470 7124.000000000 -18.981187783 3224.000000000 -5.202166166 1034.000000000 -0.066704484 856.000000000  0.230940404 170.000000000
  2.250 -95.286317431 13612.000000000 12.069485209 7284.000000000  9.996937636 3214.000000000 -10.132355923 934.000000000 -6.568130523 876.000000000  0.963960297 170.000000000
  2.350 -28.852018838 14196.000000000 -8.560533575 7484.000000000 12.136560721 3400.000000000 10.151152285 898.000000000 -3.874047722 822.000000000 -0.283589341 176.000000000
  2.450 106.945872018 14840.000000000 -28.071317763 7558.000000000  7.761144863 3468.000000000 20.999622460 972.000000000  1.863078077 898.000000000  0.561146575 208.000000000
  2.550 -31.857044843 15152.000000000 -13.563740195 7698.000000000 -11.221087769 3420.000000000  6.280193378 920.000000000 -14.022592163 820.000000000  1.062575064 182.000000000
  2.650 73.232797891 15424.000000000  1.715413099 7774.000000000  0.371867473 3498.000000000 -7.219706899 932.000000000  3.927433370 882.000000000 -0.335869011 212.000000000
  2.750 -15.429091586 15686.000000000  1.666928789 8118.000000000 -16.398248493 3632.000000000 -11.264622061 988.000000000 -6.276190636 828.000000000 -0.248224584 224.000000000
  2.850 -4.005623411 15996.000000000 -13.307477145 8292.000000000  5.823073603 3430.000000000 -7.621558193 1036.000000000  2.321542235 806.000000000 -0.701120949 174.000000000
  2.950 21.416725554 16680.000000000 -14.362776272 7880.000000000  0.521005637 3502.000000000 -0.601012614 924.000000000  0.988347976 934.000000000 -0.079369987 198.000000000
  3.050 42.505898040 16684.000000000 11.887104250 8426.000000000 -7.640550921 3576.000000000 -0.904821919 1018.000000000  1.557539882 840.000000000  1.400954674 174.000000000
  3.150 -8.256613278 16742.000000000 -1.815674586 8274.000000000  2.349326402 3442.000000000 -0.807387172 946.000000000  0.095395038 838.000000000 -0.956113483 200.000000000
  3.250 16.030991106 17260.000000000 -5.492172191 8346.000000000 -8.763514764 3452.000000000 -1.505437696 978.000000000  3.839882042 780.000000000  0.078987425 244.000000000
  3.350  8.560078128 16906.000000000 23.695591993 8104.000000000 -23.757504950 3516.000000000 12.885851081 982.000000000 -0.383304218 864.000000000 -8.963288174 194.000000000
  3.450 -18.081836769 17126.000000000 -0.316967637 8312.000000000 -2.729913677 3518.000000000 -5.202653072 906.000000000 -1.249796096 914.000000000  0.380878024 162.000000000
  3.550 21.662139135 17024.000000000  8.099475458 7986.000000000 13.417061532 3526.000000000 -1.263256195 1036.000000000  1.170816086 830.000000000 -0.606155510 164.000000000
  3.650 44.252826813 17330.000000000 -8.147579821 8136.000000000 -3.827538657 3562.000000000 -2.484050453 956.000000000  0.181031692 794.000000000 -5.723295238 206.000000000
  3.750 10.960452965 17352.000000000  0.163747671 8040.000000000 -6.411489309 3486.000000000 -2.677887496 902.000000000 -1.095087558 816.000000000  0.603837052 178.000000000
  3.850 46.091539998 17258.000000000 -0.402066350 8090.000000000  0.095704929 3626.000000000 -1.873284971 894.000000000 -1.171761665 816.000000000  0.600040864 186.000000000
  3.950 13.380788277 16844.000000000 12.467514311 8064.000000000  1.189937617 3468.000000000 -1.399495290 892.000000000  2.066531457 822.000000000  0.262897682 160.000000000
  4.050 -0.473352093 17772.000000000  5.726477725 8250.000000000  2.275656174 3474.000000000  1.121793110 926.000000000 -0.691069496 806.000000000 -0.513414158 156.000000000
  4.150 34.023307986 17314.000000000 -13.382247421 8024.000000000 -2.134547090 3478.000000000 -0.718322939 768.000000000 -0.246846153 808.000000000 -0.541403062 158.000000000
  4.250 -42.849140396 17260.000000000 -6.603034708 7914.000000000  2.185163698 3492.000000000  0.792730398 954.000000000  0.058684208 736.000000000  0.061085661 158.000000000
  4.350 19.802837979 17534.000000000  6.311757768 7840.000000000 -1.415347641 3360.000000000 -2.455969040 898.000000000 -0.129203474 760.000000000 -0.893859199 158.000000000
  4.450  7.961233558 17250.000000000  8.766668122 8014.000000000 -1.363787813 3472.000000000  0.115609363 868.000000000 -0.606373619 754.000000000  0.000276616 158.000000000
  4.550 -43.278184480 17036.000000000 -3.962808740 7702.000000000  4.068688622 3342.000000000 -1.573130957 868.000000000  0.754744658 754.000000000 -0.196948434 160.000000000
  4.650 11.227733767 17012.000000000  8.437072229 7720.000000000 -1.720884304 3366.000000000  1.096957293 954.000000000  1.414076709 746.000000000 -0.026127805 158.000000000
  4.750 -15.049683043 17176.000000000 -7.477722129 7878.000000000  0.117126180 3262.000000000 -0.754724614 884.000000000  0.694208410 820.000000000  0.028478725 156.000000000
  4.850 35.083076949 17064.000000000 -4.151227126 7856.000000000 -4.258415227 3412.000000000 -2.487353076 912.000000000  0.813297411 788.000000000 -0.074534037 142.000000000
  4.950 -18.677407423 17146.000000000  0.614955577 7944.000000000 -1.497783706 3306.000000000  0.357308924 858.000000000 -1.018067855 790.000000000 -0.086933030 154.000000000
