#   q     Cout       Nout      Cside       Nside       Clong        Nlong
  1.250 -0.055702499  2.000000000 -0.098642789  4.000000000  0.311785637  6.000000000
  3.750  0.193954603  6.000000000  0.461370931  3.000000000  0.186188769  4.000000000
  6.250  0.281991545  4.000000000  0.150298833  2.000000000  0.136699239  3.000000000
  8.750  0.150559205  2.000000000  0.276514956  4.000000000  0.112837241  3.000000000
 11.250  0.567183370  3.000000000  0.360629836  2.000000000 -0.196451486  1.000000000
 13.750  0.211936684  3.000000000  0.080949225  1.000000000  0.656758004  4.000000000
 16.250 -0.173133595  3.000000000  0.021207598  4.000000000  0.193902459  5.000000000
 18.750  0.133429501  5.000000000 -0.140936036  4.000000000 -0.220913451  3.000000000
 21.250 -0.443140859  3.000000000 -0.229947737  1.000000000  0.260597530  4.000000000
 23.750 -0.653312872  3.000000000 -0.033513385  3.000000000  0.000848060  2.000000000
 26.250  0.688323771  4.000000000 -0.492468036  4.000000000 -0.193935213  2.000000000
 28.750  0.782955579  1.000000000  0.094697248  2.000000000  0.477892093  1.000000000
 31.250  0.788485988  1.000000000 -0.184372562  4.000000000  0.000000000  1.000000000
 33.750 -0.240405562  3.000000000  0.159750606  6.000000000  0.000000000  1.000000000
 36.250  0.767779006  2.000000000  0.114787476  4.000000000  0.115431971  2.000000000
 38.750 -0.483090033  3.000000000  0.459617329  4.000000000 -0.855675535  1.000000000
 41.250 -0.473056130  2.000000000 -0.172878565  4.000000000  0.178483980  3.000000000
 43.750 -0.338568858  1.000000000 -0.160687395  2.000000000 -0.262236266  3.000000000
 46.250  0.008742573  3.000000000  0.399656567  2.000000000  0.660677283  1.000000000
 48.750          nan  0.000000000  0.075486973  2.000000000 -0.228213758  3.000000000
 51.250 -0.164173140  2.000000000 -0.421201966  1.000000000 -0.179810273  4.000000000
 53.750 -0.030238155  4.000000000 -0.428175087  2.000000000 -0.266925556  3.000000000
 56.250 -0.181653459  2.000000000 -0.171984442  3.000000000 -0.452537090  4.000000000
 58.750  0.358316467  2.000000000 -0.058064987  2.000000000 -0.410372248  5.000000000
 61.250          nan  0.000000000  0.131130505  6.000000000 -0.084805483  4.000000000
 63.750          nan  0.000000000  0.036605116  3.000000000  0.093306081  4.000000000
 66.250  0.000000000  1.000000000 -0.105638392  5.000000000 -0.012534987  3.000000000
 68.750 -0.011719129  2.000000000 -0.210629210  4.000000000          nan  0.000000000
 71.250  0.098606372  6.000000000 -0.283744563  6.000000000  0.105133655  3.000000000
 73.750 -0.278536155  2.000000000  0.177517362  1.000000000  0.285632064  1.000000000
 76.250 -0.462488052  2.000000000  0.028931819  6.000000000 -0.208863734  3.000000000
 78.750  0.069213154  1.000000000 -0.253137744  3.000000000          nan  0.000000000
 81.250 -0.512116225  2.000000000  0.055919511  4.000000000          nan  0.000000000
 83.750  0.183938845  2.000000000  0.275467122  2.000000000 -0.671011895  1.000000000
 86.250 -0.095741544  2.000000000  0.000000000  2.000000000  0.906698452  1.000000000
 88.750  0.252736595  1.000000000  0.320977493  3.000000000 -0.244255923  1.000000000
 91.250 -0.624375101  3.000000000  0.619904197  3.000000000 -0.304621742  2.000000000
 93.750  0.268680914  2.000000000 -0.988339974  1.000000000  0.135166253  4.000000000
 96.250          nan  0.000000000 -0.000133540  1.000000000 -0.377947133  4.000000000
 98.750          nan  0.000000000 -0.452827711  2.000000000 -0.325562912  2.000000000
101.250  0.875099018  1.000000000 -0.161704095  6.000000000 -0.976855067  1.000000000
103.750          nan  0.000000000  0.019041113  2.000000000  0.632700778  1.000000000
106.250          nan  0.000000000 -0.442934795  2.000000000 -0.075481883  1.000000000
108.750  0.000000000  2.000000000  0.110887915  3.000000000 -0.029022244  4.000000000
111.250  0.000000000  1.000000000 -0.060949036  3.000000000          nan  0.000000000
113.750          nan  0.000000000 -0.319778866  3.000000000  0.294221380  4.000000000
116.250 -0.947470662  2.000000000  0.250096772  3.000000000 -0.329518182  2.000000000
118.750  0.020581588  1.000000000 -0.192140724  1.000000000  0.010969081  1.000000000
121.250 -0.209804676  2.000000000 -0.370108812  7.000000000  0.430959895  1.000000000
123.750 -0.041792971  3.000000000  0.000000000  1.000000000          nan  0.000000000
126.250  0.000000000  1.000000000 -0.194036151  3.000000000          nan  0.000000000
128.750          nan  0.000000000 -0.138759824  3.000000000 -0.257789156  3.000000000
131.250 -0.285164370  1.000000000 -0.653083381  3.000000000          nan  0.000000000
133.750  0.000000000  1.000000000 -0.322441021  5.000000000  0.000000000  1.000000000
136.250          nan  0.000000000  0.534381343  3.000000000  0.115336376  3.000000000
138.750  0.000000000  1.000000000  0.634124466  3.000000000          nan  0.000000000
141.250          nan  0.000000000  0.112041170  7.000000000 -0.989608436  1.000000000
143.750  0.918729161  1.000000000 -0.045604961  7.000000000  0.000000000  1.000000000
146.250          nan  0.000000000  0.411920645  1.000000000  0.874645351  1.000000000
148.750          nan  0.000000000 -0.136719277  4.000000000 -0.276486768  3.000000000
151.250  0.956612289  1.000000000 -0.480715592  3.000000000          nan  0.000000000
153.750  0.000000000  1.000000000  0.234896882  2.000000000 -0.170495462  4.000000000
156.250          nan  0.000000000 -0.174443591  4.000000000  0.030790379  3.000000000
158.750          nan  0.000000000 -0.314427222  2.000000000  0.091592583  4.000000000
161.250          nan  0.000000000  0.130389215  2.000000000 -0.021732516  2.000000000
163.750  0.557047490  1.000000000 -0.208104014  2.000000000  0.519488589  2.000000000
166.250          nan  0.000000000 -0.114992821  4.000000000          nan  0.000000000
168.750 -0.557345242  1.000000000  0.040144563  6.000000000 -0.002028659  1.000000000
171.250          nan  0.000000000  0.199878086  3.000000000  0.224943426  1.000000000
173.750          nan  0.000000000  0.167755351  3.000000000  0.000000000  2.000000000
176.250  0.663786978  1.000000000 -0.106551716  2.000000000 -0.423439386  1.000000000
178.750  0.312910883  1.000000000  0.132754459  5.000000000  0.120564246  4.000000000
181.250          nan  0.000000000  0.236302144  2.000000000  0.000000000  1.000000000
183.750  0.001852876  1.000000000 -0.030528352  6.000000000  0.877229004  1.000000000
186.250          nan  0.000000000  0.159545652  4.000000000  0.116206561  3.000000000
188.750          nan  0.000000000 -0.031160276  3.000000000 -0.441597944  2.000000000
191.250          nan  0.000000000          nan  0.000000000          nan  0.000000000
193.750 -0.000048808  2.000000000          nan  0.000000000 -0.242690755  4.000000000
196.250  0.834558005  1.000000000 -0.015195788  3.000000000  0.000000000  1.000000000
198.750  0.201436520  1.000000000  0.030120810  4.000000000  0.083701635  1.000000000
201.250          nan  0.000000000  0.000000000  3.000000000  0.013705934  3.000000000
203.750          nan  0.000000000 -0.186589820  3.000000000          nan  0.000000000
206.250          nan  0.000000000 -0.000121490  1.000000000  0.112580565  2.000000000
208.750          nan  0.000000000 -0.293068993  1.000000000 -0.293591997  2.000000000
211.250 -0.820043356  1.000000000 -0.511152955  2.000000000  0.286832162  1.000000000
213.750  0.226642466  1.000000000  0.037383772  3.000000000 -0.258918531  2.000000000
216.250  0.922504471  1.000000000  0.373344885  2.000000000          nan  0.000000000
218.750          nan  0.000000000 -0.516982228  2.000000000  0.619120608  1.000000000
221.250 -0.721489638  1.000000000  0.299259831  1.000000000  0.205492725  1.000000000
223.750          nan  0.000000000 -0.081306304  2.000000000 -0.165940043  4.000000000
226.250  0.014799198  2.000000000 -0.109842738  3.000000000          nan  0.000000000
228.750          nan  0.000000000 -0.075638887  4.000000000 -0.500729353  1.000000000
231.250 -0.124305549  1.000000000 -0.312330311  1.000000000 -0.560715587  1.000000000
233.750          nan  0.000000000 -0.000015242  3.000000000  0.000000000  3.000000000
236.250          nan  0.000000000 -0.159537832  2.000000000          nan  0.000000000
238.750  0.000000000  1.000000000 -0.111446470  2.000000000 -0.094989340  1.000000000
241.250          nan  0.000000000  0.299521569  1.000000000  0.595198651  1.000000000
243.750 -0.925050349  1.000000000  0.048397878  2.000000000 -0.302598677  2.000000000
246.250  0.620810769  1.000000000  0.162813319  3.000000000          nan  0.000000000
248.750          nan  0.000000000 -0.001052797  1.000000000          nan  0.000000000
251.250 -0.342896336  2.000000000          nan  0.000000000  0.134777309  2.000000000
253.750          nan  0.000000000  0.000000000  1.000000000          nan  0.000000000
256.250          nan  0.000000000          nan  0.000000000 -0.244192872  1.000000000
258.750 -0.085543622  1.000000000          nan  0.000000000  0.000000000  1.000000000
261.250          nan  0.000000000  0.000000000  1.000000000 -0.092815592  2.000000000
263.750  0.096913087  1.000000000 -0.307053356  4.000000000  0.109705518  1.000000000
266.250          nan  0.000000000  0.140063637  3.000000000  0.000000000  2.000000000
268.750  0.191240200  2.000000000          nan  0.000000000 -0.037988855  1.000000000
271.250          nan  0.000000000  0.423627902  2.000000000          nan  0.000000000
273.750 -0.863892971  1.000000000          nan  0.000000000  0.104342537  2.000000000
276.250 -0.601848134  1.000000000 -0.074303101  2.000000000          nan  0.000000000
278.750          nan  0.000000000  0.158951208  1.000000000  0.151897355  4.000000000
281.250  0.000000000  1.000000000 -0.210897009  3.000000000          nan  0.000000000
283.750          nan  0.000000000          nan  0.000000000          nan  0.000000000
286.250  0.000007717  1.000000000          nan  0.000000000  0.000000000  1.000000000
288.750          nan  0.000000000          nan  0.000000000  0.366445553  1.000000000
291.250  0.000000000  1.000000000          nan  0.000000000  0.000000000  1.000000000
293.750  0.463122111  1.000000000          nan  0.000000000 -0.192202708  1.000000000
296.250          nan  0.000000000 -0.009288731  1.000000000  0.000000000  1.000000000
298.750          nan  0.000000000 -0.050065735  1.000000000          nan  0.000000000
301.250          nan  0.000000000 -0.087096750  2.000000000          nan  0.000000000
303.750          nan  0.000000000          nan  0.000000000 -0.148943319  1.000000000
306.250          nan  0.000000000  0.000000000  1.000000000          nan  0.000000000
308.750 -0.048092975  1.000000000  0.291895501  4.000000000          nan  0.000000000
311.250 -0.248819989  3.000000000  0.111218382  1.000000000  0.531895482  1.000000000
313.750 -0.793487579  1.000000000  0.354970050  2.000000000 -0.764439424  1.000000000
316.250          nan  0.000000000 -0.171576787  2.000000000  0.089171800  1.000000000
318.750  0.000000000  1.000000000 -0.139974791  3.000000000          nan  0.000000000
321.250          nan  0.000000000          nan  0.000000000 -0.415707952  2.000000000
323.750          nan  0.000000000          nan  0.000000000          nan  0.000000000
326.250          nan  0.000000000          nan  0.000000000          nan  0.000000000
328.750          nan  0.000000000 -0.674359904  1.000000000          nan  0.000000000
331.250          nan  0.000000000  0.056669181  2.000000000          nan  0.000000000
333.750          nan  0.000000000          nan  0.000000000          nan  0.000000000
336.250 -0.102078775  1.000000000          nan  0.000000000          nan  0.000000000
338.750 -0.481832871  1.000000000          nan  0.000000000          nan  0.000000000
341.250  0.548284562  1.000000000          nan  0.000000000          nan  0.000000000
343.750  0.594378631  1.000000000          nan  0.000000000 -0.742496362  1.000000000
346.250          nan  0.000000000  0.134394109  1.000000000  0.260155345  1.000000000
348.750          nan  0.000000000  0.000000000  1.000000000  0.123781703  3.000000000
351.250          nan  0.000000000          nan  0.000000000          nan  0.000000000
353.750          nan  0.000000000          nan  0.000000000 -0.134923252  3.000000000
356.250  0.806105740  1.000000000          nan  0.000000000 -0.013169386  1.000000000
358.750          nan  0.000000000          nan  0.000000000          nan  0.000000000
361.250          nan  0.000000000          nan  0.000000000          nan  0.000000000
363.750  0.000000000  1.000000000          nan  0.000000000 -0.007254292  1.000000000
366.250          nan  0.000000000          nan  0.000000000          nan  0.000000000
368.750 -0.000002631  1.000000000          nan  0.000000000          nan  0.000000000
371.250          nan  0.000000000          nan  0.000000000 -0.488848638  1.000000000
373.750          nan  0.000000000  0.338758573  1.000000000  0.041931931  2.000000000
376.250 -0.021192900  2.000000000 -0.001889459  1.000000000          nan  0.000000000
378.750          nan  0.000000000          nan  0.000000000          nan  0.000000000
381.250          nan  0.000000000  0.087187805  1.000000000 -0.102932622  2.000000000
383.750  0.125112254  1.000000000          nan  0.000000000          nan  0.000000000
386.250          nan  0.000000000          nan  0.000000000  0.118481775  2.000000000
388.750          nan  0.000000000          nan  0.000000000          nan  0.000000000
391.250  0.304163993  1.000000000          nan  0.000000000  0.323343610  2.000000000
393.750 -0.144750547  1.000000000          nan  0.000000000  0.000000000  1.000000000
396.250          nan  0.000000000          nan  0.000000000          nan  0.000000000
398.750          nan  0.000000000          nan  0.000000000          nan  0.000000000
401.250 -0.234507747  1.000000000          nan  0.000000000          nan  0.000000000
403.750 -0.120619891  2.000000000 -0.252813459  2.000000000          nan  0.000000000
406.250 -0.123859893  2.000000000          nan  0.000000000          nan  0.000000000
408.750          nan  0.000000000          nan  0.000000000          nan  0.000000000
411.250          nan  0.000000000 -0.270180939  2.000000000  0.624628186  1.000000000
413.750          nan  0.000000000          nan  0.000000000          nan  0.000000000
416.250          nan  0.000000000  0.084720671  1.000000000  0.000000000  2.000000000
418.750          nan  0.000000000          nan  0.000000000 -0.036012761  1.000000000
421.250          nan  0.000000000          nan  0.000000000          nan  0.000000000
423.750          nan  0.000000000  0.128711021  1.000000000          nan  0.000000000
426.250          nan  0.000000000  0.699843625  1.000000000  0.529327967  1.000000000
428.750          nan  0.000000000          nan  0.000000000          nan  0.000000000
431.250          nan  0.000000000          nan  0.000000000  0.219252894  1.000000000
433.750          nan  0.000000000          nan  0.000000000          nan  0.000000000
436.250          nan  0.000000000          nan  0.000000000          nan  0.000000000
438.750          nan  0.000000000          nan  0.000000000 -0.638665580  1.000000000
441.250          nan  0.000000000          nan  0.000000000 -0.081929236  2.000000000
443.750          nan  0.000000000  0.242969488  1.000000000  0.000000000  1.000000000
446.250 -0.602943673  1.000000000          nan  0.000000000          nan  0.000000000
448.750  0.000000000  1.000000000  0.002039069  1.000000000 -0.221268549  1.000000000
451.250 -0.740419020  1.000000000          nan  0.000000000          nan  0.000000000
453.750          nan  0.000000000          nan  0.000000000 -0.054795558  2.000000000
456.250          nan  0.000000000          nan  0.000000000          nan  0.000000000
458.750          nan  0.000000000          nan  0.000000000          nan  0.000000000
461.250          nan  0.000000000          nan  0.000000000 -0.615775562  1.000000000
463.750          nan  0.000000000          nan  0.000000000          nan  0.000000000
466.250          nan  0.000000000          nan  0.000000000          nan  0.000000000
468.750          nan  0.000000000          nan  0.000000000          nan  0.000000000
471.250          nan  0.000000000 -0.607674156  1.000000000 -0.461537994  2.000000000
473.750          nan  0.000000000          nan  0.000000000          nan  0.000000000
476.250          nan  0.000000000          nan  0.000000000 -0.045033730  3.000000000
478.750          nan  0.000000000          nan  0.000000000          nan  0.000000000
481.250          nan  0.000000000          nan  0.000000000  0.171103185  1.000000000
483.750          nan  0.000000000          nan  0.000000000          nan  0.000000000
486.250          nan  0.000000000          nan  0.000000000          nan  0.000000000
488.750          nan  0.000000000          nan  0.000000000  0.343244526  4.000000000
491.250          nan  0.000000000          nan  0.000000000          nan  0.000000000
493.750          nan  0.000000000  0.702555871  1.000000000          nan  0.000000000
496.250          nan  0.000000000  0.477069958  1.000000000          nan  0.000000000
