#   q     Cout       Nout      Cside       Nside       Clong        Nlong
  1.250  0.053098759  8.000000000  0.239009440  8.000000000  0.021223741  3.000000000
  3.750  0.576768959  2.000000000 -0.093061562  5.000000000  0.114366775  3.000000000
  6.250  0.583947516  4.000000000  0.523966830  3.000000000  0.218339594  4.000000000
  8.750 -0.009054653  7.000000000  0.286072392  4.000000000  0.348101665  3.000000000
 11.250  0.224729360  6.000000000 -0.215133059  5.000000000  0.117393276  6.000000000
 13.750  0.000000000  2.000000000  0.174006020  4.000000000  0.217752861  3.000000000
 16.250  0.132472114  3.000000000  0.557164393  3.000000000 -0.000722327  1.000000000
 18.750  0.702423814  1.000000000  0.184240624  3.000000000 -0.156237287  4.000000000
 21.250  0.271018445  4.000000000  0.201957288  1.000000000  0.143473717  5.000000000
 23.750 -0.228081502  4.000000000  0.020636101  2.000000000  0.728538071  1.000000000
 26.250  0.461116128  3.000000000  0.427410282  4.000000000  0.436042737  4.000000000
 28.750 -0.009951022  2.000000000 -0.072332907  4.000000000  0.223595572  3.000000000
 31.250 -0.616200735  1.000000000 -0.066734935  1.000000000 -0.550281406  2.000000000
 33.750  0.920142154  1.000000000  0.000000000  1.000000000 -0.123051743  4.000000000
 36.250  0.000000000  1.000000000  0.070549595  5.000000000 -0.566060561  1.000000000
 38.750 -0.808742543  1.000000000  0.234577544  4.000000000  0.000000000  1.000000000
 41.250  0.661096306  4.000000000  0.337406358  4.000000000 -0.195066520  3.000000000
 43.750          nan  0.000000000  0.000000000  2.000000000  0.284631273  1.000000000
 46.250  0.000000000  1.000000000 -0.211089345  4.000000000  0.206134222  2.000000000
 48.750 -0.429057220  2.000000000  0.000000000  1.000000000  0.121211504  3.000000000
 51.250  0.681666531  1.000000000  0.483756796  4.000000000 -0.000321301  4.000000000
 53.750          nan  0.000000000 -0.496820177  5.000000000  0.719127491  1.000000000
 56.250 -0.025135489  3.000000000  0.000000000  3.000000000          nan  0.000000000
 58.750  0.000000000  1.000000000 -0.243824440  5.000000000  0.000000000  1.000000000
 61.250 -0.287818353  2.000000000 -0.060366298  1.000000000  0.714874250  1.000000000
 63.750          nan  0.000000000 -0.152628391  9.000000000 -0.345450493  2.000000000
 66.250  0.107707531  3.000000000 -0.288317677  3.000000000  0.480413456  2.000000000
 68.750  0.000000000  1.000000000  0.019256969  5.000000000  0.470631996  1.000000000
 71.250  0.258022451  2.000000000  0.200930711  4.000000000  0.000000000  2.000000000
 73.750 -0.675109397  1.000000000 -0.062015379  3.000000000  0.329323522  3.000000000
 76.250  0.130754944  2.000000000  0.580082218  4.000000000  0.076039259  4.000000000
 78.750 -0.600384184  1.000000000 -0.189506355  5.000000000 -0.242939901  4.000000000
 81.250  0.225675721  3.000000000  0.329198753  4.000000000  0.000000000  2.000000000
 83.750          nan  0.000000000 -0.203788364  4.000000000  0.000000000  2.000000000
 86.250  0.484526161  2.000000000  0.091828683  3.000000000  0.139374784  3.000000000
 88.750  0.000000000  1.000000000  0.464216709  2.000000000 -0.297416839  6.000000000
 91.250 -0.846281670  1.000000000  0.771744741  1.000000000          nan  0.000000000
 93.750          nan  0.000000000 -0.230950606  2.000000000  0.000000000  1.000000000
 96.250          nan  0.000000000  0.000657776  1.000000000 -0.544024752  2.000000000
 98.750 -0.101222605  1.000000000 -0.003428553  2.000000000 -0.264166369  1.000000000
101.250  0.535529512  1.000000000 -0.540867409  1.000000000  0.000000000  1.000000000
103.750          nan  0.000000000  0.213902743  4.000000000 -0.436185149  2.000000000
106.250          nan  0.000000000 -0.105525541  2.000000000  0.122402387  3.000000000
108.750          nan  0.000000000  0.662470537  4.000000000 -0.164000425  4.000000000
111.250          nan  0.000000000 -0.463205192  2.000000000  0.026876185  6.000000000
113.750  0.855704794  1.000000000 -0.064417533  6.000000000  0.095318697  4.000000000
116.250 -0.022352190  1.000000000 -0.405296516  5.000000000  0.040870323  2.000000000
118.750  0.319110060  1.000000000 -0.935357359  1.000000000          nan  0.000000000
121.250          nan  0.000000000          nan  0.000000000 -0.402110685  2.000000000
123.750  0.937203762  1.000000000  0.601703660  1.000000000 -0.838126459  2.000000000
126.250 -0.021877346  2.000000000 -0.100630357  4.000000000  0.355349254  2.000000000
128.750 -0.024900788  2.000000000  0.244586434  1.000000000  0.000000000  1.000000000
131.250 -0.395854765  3.000000000 -0.323432914  2.000000000  0.000000000  1.000000000
133.750          nan  0.000000000  0.050239634  5.000000000 -0.641621856  1.000000000
136.250          nan  0.000000000  0.176646246  4.000000000 -0.004329808  5.000000000
138.750          nan  0.000000000 -0.116300090  5.000000000 -0.015296758  4.000000000
141.250          nan  0.000000000 -0.019591410  3.000000000          nan  0.000000000
143.750 -0.442523869  1.000000000  0.000000000  1.000000000  0.152314655  2.000000000
146.250          nan  0.000000000 -0.017706159  5.000000000 -0.267997299  4.000000000
148.750          nan  0.000000000 -0.195380416  3.000000000 -0.237015700  3.000000000
151.250          nan  0.000000000 -0.042127044  4.000000000  0.196632318  4.000000000
153.750          nan  0.000000000  0.016715636  3.000000000          nan  0.000000000
156.250  0.000000000  1.000000000  0.154007864 13.000000000  0.461989839  1.000000000
158.750  0.414530584  2.000000000  0.117985993  3.000000000 -0.806234595  1.000000000
161.250          nan  0.000000000  0.000000000  1.000000000  0.000000000  1.000000000
163.750  0.000000000  1.000000000  0.332807000  3.000000000  0.137347520  1.000000000
166.250  0.737362834  1.000000000  0.272923413  6.000000000  0.000000000  1.000000000
168.750  0.974382836  1.000000000 -0.124552965  1.000000000  0.918462093  1.000000000
171.250          nan  0.000000000 -0.090040053  2.000000000          nan  0.000000000
173.750 -0.090422978  1.000000000 -0.116848577  3.000000000          nan  0.000000000
176.250 -0.306961287  1.000000000  0.117650576  5.000000000  0.000000000  1.000000000
178.750          nan  0.000000000  0.173815762  3.000000000 -0.847728742  2.000000000
181.250 -0.090729704  1.000000000  0.000000000  1.000000000          nan  0.000000000
183.750          nan  0.000000000  0.009478168  3.000000000  0.238009956  4.000000000
186.250          nan  0.000000000  0.399894730  2.000000000 -0.242802280  2.000000000
188.750  0.270403806  1.000000000 -0.752059742  1.000000000  0.014773975  4.000000000
191.250          nan  0.000000000 -0.382362260  2.000000000 -0.319997287  1.000000000
193.750          nan  0.000000000  0.266784393  5.000000000 -0.697545482  1.000000000
196.250          nan  0.000000000 -0.058089692  5.000000000          nan  0.000000000
198.750  0.693135759  2.000000000  0.387619912  3.000000000 -0.764510787  1.000000000
201.250          nan  0.000000000          nan  0.000000000  0.398475741  1.000000000
203.750          nan  0.000000000  0.047911429  3.000000000  0.875053510  1.000000000
206.250          nan  0.000000000 -0.049887401  3.000000000  0.013381217  1.000000000
208.750  0.000000000  1.000000000 -0.047605673  4.000000000 -0.196664933  2.000000000
211.250          nan  0.000000000  0.191108732  1.000000000  0.000000000  1.000000000
213.750 -0.015905466  1.000000000  0.009310298  3.000000000  0.219172302  3.000000000
216.250 -0.993506477  1.000000000  0.092859338  4.000000000          nan  0.000000000
218.750          nan  0.000000000  0.133988004  5.000000000  0.000000000  2.000000000
221.250          nan  0.000000000  0.192364513  3.000000000 -0.010370976  3.000000000
223.750 -0.490317226  2.000000000  0.011328945  4.000000000          nan  0.000000000
226.250          nan  0.000000000  0.026256250  5.000000000  0.131253525  2.000000000
228.750  0.292573486  1.000000000  0.047690608  1.000000000  0.146783899  2.000000000
231.250          nan  0.000000000 -0.024191254  2.000000000          nan  0.000000000
233.750 -0.702219126  1.000000000  0.142987399  1.000000000          nan  0.000000000
236.250          nan  0.000000000  0.120944010  4.000000000  0.000041443  2.000000000
238.750 -0.576067871  2.000000000  0.252713412  3.000000000 -0.167910022  2.000000000
241.250          nan  0.000000000 -0.110466399  4.000000000  0.075278122  2.000000000
243.750          nan  0.000000000 -0.001179703  2.000000000 -0.262989495  2.000000000
246.250  0.000000000  1.000000000 -0.406559620  1.000000000 -0.264681283  1.000000000
248.750          nan  0.000000000  0.249881965  1.000000000          nan  0.000000000
251.250          nan  0.000000000          nan  0.000000000  0.000000000  1.000000000
253.750          nan  0.000000000  0.429623518  2.000000000  0.000000000  2.000000000
256.250          nan  0.000000000 -0.308945485  3.000000000  0.221402244  1.000000000
258.750          nan  0.000000000  0.000089985  1.000000000  0.069464085  1.000000000
261.250          nan  0.000000000          nan  0.000000000 -0.650006172  1.000000000
263.750          nan  0.000000000  0.318777307  1.000000000          nan  0.000000000
266.250          nan  0.000000000 -0.239055840  3.000000000  0.977411502  1.000000000
268.750  0.000000000  1.000000000          nan  0.000000000          nan  0.000000000
271.250 -0.380972044  1.000000000 -0.362907356  2.000000000 -0.385787077  1.000000000
273.750          nan  0.000000000          nan  0.000000000          nan  0.000000000
276.250 -0.581182268  1.000000000          nan  0.000000000 -0.095952796  1.000000000
278.750          nan  0.000000000  0.276518692  4.000000000  0.631397653  1.000000000
281.250  0.000000000  1.000000000  0.091230062  1.000000000  0.000000000  1.000000000
283.750  0.000052669  1.000000000 -0.003256997  1.000000000          nan  0.000000000
286.250          nan  0.000000000          nan  0.000000000 -0.572647637  1.000000000
288.750          nan  0.000000000          nan  0.000000000  0.042223049  1.000000000
291.250          nan  0.000000000  0.000000000  1.000000000          nan  0.000000000
293.750          nan  0.000000000  0.209848464  1.000000000 -0.072040236  1.000000000
296.250          nan  0.000000000  0.010115359  8.000000000 -0.199569541  2.000000000
298.750          nan  0.000000000 -0.183290156  1.000000000 -0.215984080  1.000000000
301.250          nan  0.000000000          nan  0.000000000          nan  0.000000000
303.750          nan  0.000000000  0.225603810  1.000000000  0.000000000  1.000000000
306.250          nan  0.000000000  0.509313217  1.000000000  0.322712718  2.000000000
308.750          nan  0.000000000          nan  0.000000000          nan  0.000000000
311.250          nan  0.000000000          nan  0.000000000          nan  0.000000000
313.750          nan  0.000000000  0.436500874  1.000000000          nan  0.000000000
316.250 -0.704579213  1.000000000          nan  0.000000000          nan  0.000000000
318.750          nan  0.000000000  0.419307826  2.000000000  0.032715929  1.000000000
321.250          nan  0.000000000  0.024983033  1.000000000 -0.666102447  2.000000000
323.750          nan  0.000000000  0.000000000  1.000000000          nan  0.000000000
326.250          nan  0.000000000          nan  0.000000000  0.018100036  1.000000000
328.750          nan  0.000000000          nan  0.000000000  0.000000000  1.000000000
331.250  0.000000000  1.000000000  0.584069511  1.000000000          nan  0.000000000
333.750  0.000000000  1.000000000  0.011081580  2.000000000 -0.365026005  1.000000000
336.250          nan  0.000000000          nan  0.000000000          nan  0.000000000
338.750          nan  0.000000000 -0.245690657  1.000000000 -0.046975554  2.000000000
341.250          nan  0.000000000          nan  0.000000000 -0.283740532  2.000000000
343.750          nan  0.000000000          nan  0.000000000  0.128646553  2.000000000
346.250          nan  0.000000000 -0.192278492  1.000000000          nan  0.000000000
348.750  0.000000000  1.000000000  0.000000000  1.000000000  0.455511496  1.000000000
351.250          nan  0.000000000          nan  0.000000000  0.000000000  1.000000000
353.750          nan  0.000000000          nan  0.000000000 -0.643277571  1.000000000
356.250          nan  0.000000000  0.154858902  2.000000000  0.730402241  1.000000000
358.750          nan  0.000000000          nan  0.000000000          nan  0.000000000
361.250          nan  0.000000000          nan  0.000000000  0.000000000  1.000000000
363.750          nan  0.000000000          nan  0.000000000          nan  0.000000000
366.250          nan  0.000000000          nan  0.000000000  0.000000000  1.000000000
368.750 -0.432375184  1.000000000          nan  0.000000000          nan  0.000000000
371.250 -0.267153448  2.000000000          nan  0.000000000          nan  0.000000000
373.750          nan  0.000000000          nan  0.000000000          nan  0.000000000
376.250          nan  0.000000000          nan  0.000000000 -0.018862662  1.000000000
378.750          nan  0.000000000          nan  0.000000000          nan  0.000000000
381.250          nan  0.000000000          nan  0.000000000  0.159177814  1.000000000
383.750          nan  0.000000000  0.399906744  1.000000000 -0.347318650  1.000000000
386.250          nan  0.000000000          nan  0.000000000          nan  0.000000000
388.750          nan  0.000000000          nan  0.000000000          nan  0.000000000
391.250          nan  0.000000000  0.243665917  1.000000000  0.085739117  2.000000000
393.750          nan  0.000000000 -0.045095738  1.000000000          nan  0.000000000
396.250          nan  0.000000000          nan  0.000000000  0.000000000  1.000000000
398.750          nan  0.000000000          nan  0.000000000          nan  0.000000000
401.250  0.210636250  2.000000000  0.000000000  1.000000000          nan  0.000000000
403.750          nan  0.000000000  0.768900646  1.000000000          nan  0.000000000
406.250          nan  0.000000000          nan  0.000000000          nan  0.000000000
408.750  0.000000000  1.000000000          nan  0.000000000          nan  0.000000000
411.250          nan  0.000000000          nan  0.000000000          nan  0.000000000
413.750          nan  0.000000000 -0.482303855  1.000000000  0.000000000  1.000000000
416.250 -0.149065268  1.000000000  0.233675964  1.000000000  0.575704082  1.000000000
418.750          nan  0.000000000          nan  0.000000000          nan  0.000000000
421.250          nan  0.000000000  0.235927179  2.000000000          nan  0.000000000
423.750          nan  0.000000000          nan  0.000000000  0.235092755  2.000000000
426.250          nan  0.000000000          nan  0.000000000 -0.345851302  3.000000000
428.750          nan  0.000000000          nan  0.000000000  0.021010367  1.000000000
431.250          nan  0.000000000          nan  0.000000000          nan  0.000000000
433.750          nan  0.000000000 -0.032368573  1.000000000          nan  0.000000000
436.250          nan  0.000000000 -0.720797440  1.000000000  0.000000000  1.000000000
438.750          nan  0.000000000 -0.624873770  1.000000000          nan  0.000000000
441.250          nan  0.000000000          nan  0.000000000          nan  0.000000000
443.750          nan  0.000000000 -0.928997249  1.000000000          nan  0.000000000
446.250          nan  0.000000000          nan  0.000000000  0.179798834  1.000000000
448.750          nan  0.000000000          nan  0.000000000  0.056673456  1.000000000
451.250          nan  0.000000000          nan  0.000000000          nan  0.000000000
453.750          nan  0.000000000          nan  0.000000000  0.727299512  1.000000000
456.250          nan  0.000000000          nan  0.000000000  0.005131586  1.000000000
458.750          nan  0.000000000          nan  0.000000000          nan  0.000000000
461.250          nan  0.000000000          nan  0.000000000 -0.448365504  1.000000000
463.750          nan  0.000000000          nan  0.000000000          nan  0.000000000
466.250          nan  0.000000000          nan  0.000000000  0.000000000  1.000000000
468.750          nan  0.000000000          nan  0.000000000          nan  0.000000000
471.250          nan  0.000000000          nan  0.000000000          nan  0.000000000
473.750          nan  0.000000000          nan  0.000000000          nan  0.000000000
476.250          nan  0.000000000          nan  0.000000000          nan  0.000000000
478.750          nan  0.000000000          nan  0.000000000  0.611729996  1.000000000
481.250          nan  0.000000000          nan  0.000000000  0.160074880  1.000000000
483.750          nan  0.000000000  0.181258182  1.000000000 -0.260737055  2.000000000
486.250          nan  0.000000000          nan  0.000000000 -0.069291961  2.000000000
488.750          nan  0.000000000          nan  0.000000000 -0.333740566  2.000000000
491.250  0.112832868  1.000000000          nan  0.000000000          nan  0.000000000
493.750          nan  0.000000000          nan  0.000000000 -0.286834029  1.000000000
496.250          nan  0.000000000          nan  0.000000000  0.039753037  1.000000000
