#   q     Cout       Nout      Cside       Nside       Clong        Nlong
  1.250  0.194866705          247  0.230653691          235  0.283188248          258  1.545957946            2
  3.750  0.148798227          253  0.240114013          250  0.188584093          241  1.052718001           26
  6.250  0.161068422          236  0.152475226          252  0.131712621          275  0.333057125          111
  8.750  0.148096063          245  0.084028881          233  0.100289553          214  0.200151043          187
 11.250  0.131161916          272  0.104585762          252  0.097223514          231  0.128115380          314
 13.750  0.088093183          230  0.066746992          261  0.065751070          264  0.105763363          423
 16.250  0.040836571          222  0.047882944          238  0.064075384          257  0.084890431          611
 18.750  0.064847680          238  0.050807877          249  0.036062956          247  0.049682640          829
 21.250  0.054453884          257  0.034425877          242  0.019663249          264  0.038356345         1086
 23.750  0.051549286          235  0.025565690          207  0.027479915          240  0.028252612         1335
 26.250  0.037876730          249  0.019290463          258  0.029253864          219  0.027371174         1526
 28.750  0.033235395          234  0.015499559          239  0.014414348          248  0.023472288         1895
 31.250  0.046184718          205  0.017079916          213  0.009892901          235  0.018338225         2146
 33.750  0.047624260          225  0.013695088          269  0.030263039          220  0.013143622         2458
 36.250  0.020321820          229  0.010855573          251  0.012390780          253  0.010699686         2913
 38.750  0.016144398          191  0.007514790          251  0.005731290          221  0.011115429         3334
 41.250  0.008397323          245  0.010164686          269  0.022122885          229  0.007035116         3714
 43.750  0.011664913          238 -0.005647338          252  0.006281462          247  0.008616526         4123
 46.250  0.010575241          216  0.008559471          244  0.006891241          185  0.007732498         4523
 48.750  0.011795464          208 -0.001572118          247 -0.000756649          209  0.004654240         4912
 51.250  0.024986591          194 -0.003840191          238  0.016159751          225  0.005526406         5631
 53.750  0.014985123          197 -0.000173436          250 -0.001669014          221  0.005830261         6199
 56.250  0.029754838          211  0.003900517          221  0.012452991          194  0.002892917         6562
 58.750  0.001085950          183  0.010168608          233 -0.001695287          237  0.003598222         7226
 61.250  0.005549798          201 -0.006116049          218  0.001641914          232  0.006355952         7608
 63.750  0.009235681          160 -0.014826933          240  0.004994080          202  0.002431034         8326
 66.250  0.010241136          184  0.001745171          212 -0.000912461          205  0.002461091         8781
 68.750  0.023286171          207  0.005884929          246 -0.000438905          197  0.000794264         9571
 71.250  0.010860192          194 -0.001142735          245 -0.002415941          194  0.002333182         9992
 73.750  0.012401737          184  0.010782987          217 -0.005869136          213  0.001860668        10735
 76.250 -0.002222076          184 -0.002161635          240 -0.003219059          190  0.002345756        11181
 78.750 -0.001511695          172  0.002426113          224  0.005246923          200  0.002574941        11942
 81.250  0.005489852          210  0.012717278          237  0.001248786          208  0.001290444        12515
 83.750  0.013701939          182  0.000110797          272 -0.005046559          201  0.000910220        13367
 86.250 -0.002611033          170  0.011273999          232  0.006814843          204  0.001553000        13897
 88.750  0.009115436          177  0.006596190          242 -0.000099767          189  0.001908043        14908
 91.250  0.018244376          190 -0.002775418          248  0.005454154          177  0.001347049        15458
 93.750  0.017373130          162 -0.007856183          247  0.009883045          173  0.000066597        16179
 96.250 -0.000585624          168 -0.003987910          246  0.003060781          187  0.001228012        16783
 98.750  0.012264580          160  0.006232232          255 -0.001402754          204  0.002053454        17597
101.250  0.023352832          160  0.002103938          247 -0.005880443          189  0.000827353        18375
103.750 -0.004841503          167  0.009147631          218  0.008170640          168  0.001781512        18850
106.250 -0.001605403          180  0.006090009          238 -0.000510126          155  0.002144733        19802
108.750 -0.001547682          170  0.008185470          261  0.007285281          170  0.000734958        20349
111.250 -0.000264084          147  0.001008513          234 -0.007752621          185 -0.000084557        21454
113.750  0.005442150          155  0.001499767          270  0.018723413          171  0.000682385        22328
116.250 -0.002779096          173 -0.008606051          235  0.004790165          179  0.000239470        22549
118.750 -0.007600445          155 -0.008093896          262 -0.001775838          155  0.001371694        23627
121.250 -0.002869797          148  0.000891478          261  0.007550269          160  0.001144826        24392
123.750 -0.001998844          128 -0.005539993          247  0.005467292          159  0.000103748        25098
126.250  0.002026545          155  0.001267154          242 -0.009326971          184  0.001143034        25828
128.750  0.002781983          131 -0.000836556          264 -0.010458068          180  0.000446640        26626
131.250 -0.016070264          146 -0.012373925          233  0.002318777          142 -0.000938881        27617
133.750 -0.013724540          127 -0.006648391          247  0.011944130          160  0.001123377        28197
136.250  0.013644919          148  0.005696734          242  0.010861169          143  0.001051543        29081
138.750  0.014709897          120  0.003105985          257 -0.001394972          143  0.001923237        30017
141.250 -0.000936538          126  0.013527468          222 -0.005163788          153 -0.000073965        31031
143.750 -0.004018866          128  0.005718507          251 -0.003450696          129 -0.000204150        31546
146.250  0.002991189          135 -0.005588546          269  0.000529026          163  0.000187207        32133
148.750 -0.015703663          127  0.005783216          242  0.001767671          139 -0.000009396        33105
151.250  0.015409890          133  0.001491221          234  0.008467326          144  0.000415209        33823
153.750 -0.001309232          129  0.003715934          235  0.003643935          141  0.000934015        34454
156.250 -0.007077824          121  0.004180887          260 -0.001819457          146 -0.000175698        35222
158.750 -0.017344433          104  0.003212621          262  0.002402846          139  0.000941127        35893
161.250  0.027546410          121  0.004035477          226 -0.000487443          165  0.001046191        36723
163.750 -0.019642825          133  0.009784387          248  0.009903957          144 -0.000265926        37876
166.250  0.012476236          112  0.008601196          240  0.006986395          136  0.000743944        38187
168.750 -0.004611933          108 -0.007505659          252 -0.002831986          119  0.000100634        39722
171.250  0.013125024          110  0.010895833          264 -0.027616847          119  0.000418641        39953
173.750  0.003906518          110 -0.001180808          249  0.002810892          130  0.001454398        40519
176.250 -0.012188063           93 -0.006783684          257 -0.000049042          121  0.000495411        41559
178.750 -0.004019479           96  0.005068555          253  0.010095542          132  0.000818968        41898
181.250  0.029295840           97  0.001133103          290  0.005434563          126 -0.000667113        42850
183.750 -0.003907246          103  0.001077741          249  0.010060154          113  0.000630142        43537
186.250  0.015410614           97 -0.002112857          226  0.018468122          123  0.000027071        44341
188.750 -0.007471945          102 -0.000222051          248  0.008198649          137  0.000548689        45148
191.250  0.007543749          108 -0.001083961          263  0.014256205          123  0.000016729        45691
193.750 -0.008727655          101  0.016072866          236 -0.003920954          112  0.000412049        46544
196.250 -0.013609781           89 -0.004354211          269 -0.006396570          113 -0.000565445        47730
198.750 -0.001088228          102 -0.001287590          239  0.021206516          117  0.000816597        48301
201.250 -0.004481386           99 -0.004979628          249  0.017608119          116 -0.000645007        49094
203.750 -0.006509737           98  0.010608606          239  0.021247918          123 -0.000351433        49261
206.250 -0.009715177           78  0.003212597          243 -0.014572928           99 -0.000532886        49733
208.750  0.000936001           86  0.006961846          258 -0.008965087           98 -0.000194766        51050
211.250 -0.013859361           89  0.004814532          256  0.014346739           98  0.000083671        51967
213.750 -0.005926547           81 -0.000717493          240  0.007528976           83  0.000523904        52277
216.250 -0.000639862           88 -0.001148863          241  0.006438788           92  0.000441805        53052
218.750  0.018819020           77 -0.000601679          250 -0.020627440          109 -0.000329657        53978
221.250  0.006300998           99  0.000428622          254 -0.012367469           93 -0.000322088        54588
223.750 -0.005052906          105  0.004642896          245  0.003059421          102  0.000451067        55391
226.250  0.001458883           84  0.006919191          210 -0.006603276          103  0.000209341        55858
228.750 -0.005739228           97 -0.009551770          229  0.000876695           80  0.000261290        56617
231.250  0.016861662           82  0.002195052          247 -0.002519901           92  0.000465060        57382
233.750  0.002291254           85 -0.000923314          206  0.001943116          101  0.000585909        57831
236.250  0.012651089           80 -0.013806102          249  0.001271430           71  0.000529144        58888
238.750  0.014115223           79  0.008362652          231  0.021763745           91 -0.000467913        59243
241.250  0.001174138           74 -0.002886461          217 -0.005251938          105  0.000222456        59381
243.750 -0.000298405           64 -0.001259577          201 -0.000178698           92 -0.000026121        60617
246.250  0.024463039           75 -0.005022782          235 -0.001339828           90  0.000101086        60979
248.750  0.000544227           75  0.001357144          240 -0.017616856           90 -0.000179900        62313
251.250  0.001176862           67 -0.004208828          235  0.001150456           77  0.000812960        62434
253.750 -0.004431977           77 -0.009193849          203 -0.010099486           66  0.000309422        63375
256.250  0.007222106           87  0.003370742          244  0.009204158           76  0.000108985        63703
258.750 -0.001329852           76 -0.004424632          216 -0.005950825           74  0.000321416        64760
261.250  0.005525684           66 -0.001669376          218  0.009559540           79  0.000595804        65325
263.750  0.024709480           62  0.002822986          224 -0.009944910           94  0.000011388        64995
266.250  0.008958445           68 -0.003203514          218 -0.005509942           79  0.000593983        66658
268.750  0.004442346           69  0.001224204          182 -0.018856957           76  0.000285058        66520
271.250 -0.000629284           65  0.006602019          227  0.010020139           73  0.000042590        67222
273.750  0.011905290           64 -0.001787922          218  0.000849342           77 -0.000318585        67975
276.250 -0.013900585           56  0.010227050          196  0.006488300           68  0.000488869        68781
278.750 -0.002997656           71  0.004819633          225  0.015671099           65  0.000150524        69122
281.250 -0.001718511           60  0.007360875          180 -0.006745527           58 -0.000412553        69749
283.750  0.000551378           61 -0.007687990          223 -0.007818804           63  0.000456652        70242
286.250  0.023568061           82  0.002704418          197  0.006438924           54  0.000301089        70832
288.750 -0.014760029           60  0.006369526          204 -0.004093814           65  0.000261306        71281
291.250  0.000280761           65  0.000945539          211 -0.000101293           50 -0.000206579        72313
293.750 -0.024152874           52 -0.004038416          185  0.000962404           65  0.000475530        71668
296.250  0.006652525           61 -0.004711059          173 -0.001138912           55 -0.000264793        72485
298.750 -0.011847815           66 -0.009817322          164 -0.009798346           58  0.000122152        73030
301.250  0.006832630           70  0.000344205          198 -0.018992937           54  0.000246345        73694
303.750  0.014235250           49  0.001311462          181  0.015013949           64  0.000055966        73870
306.250 -0.000771646           58 -0.000896003          164  0.001615531           65  0.000654183        74969
308.750  0.011922913           61 -0.006569335          171  0.000013019           54 -0.000235535        74821
311.250  0.000071725           50 -0.010268696          134  0.010349272           51 -0.000335316        75510
313.750  0.017941174           50  0.001645139          179 -0.000080483           51  0.000404131        75966
316.250  0.003602868           63  0.008593058          169  0.000086485           46  0.000295051        76920
318.750 -0.009659368           60  0.006894788          186 -0.013243375           49  0.000340319        77363
321.250  0.005861671           61  0.004575737          185  0.001113635           49 -0.000603333        77353
323.750  0.006002528           62 -0.012670272          163 -0.031491740           43  0.000655863        77729
326.250  0.015858275           50 -0.001091446          175 -0.013990574           59  0.000120524        78644
328.750  0.003226936           50 -0.007102425          165 -0.032242308           43 -0.000058534        78370
331.250  0.000979041           48 -0.004658951          173 -0.007865731           39 -0.000112891        78522
333.750  0.017302867           53  0.005056250          178  0.007609495           57  0.000244518        79618
336.250 -0.002090587           65 -0.002079335          159  0.021111182           51 -0.000009016        79311
338.750 -0.009444380           53 -0.009240800          152 -0.006599733           45 -0.000482233        79853
341.250 -0.036310075           58  0.005585672          152  0.000379731           39  0.000291876        80646
343.750 -0.015704088           60 -0.003846959          189  0.000502145           38 -0.000261602        80188
346.250  0.000387903           60  0.001612783          171 -0.020977939           45  0.000978405        81056
348.750 -0.008735919           43 -0.014811107          162  0.000082127           39 -0.000177523        80751
351.250  0.019859732           47 -0.009899076          141 -0.015012194           43 -0.000067825        81471
353.750 -0.010861620           59  0.012838649          144  0.002728867           37  0.000623003        81830
356.250  0.018495667           55  0.000752119          147 -0.003846312           49 -0.000389065        82107
358.750 -0.011968734           46 -0.000826609          136  0.007710997           37  0.000005185        82301
361.250  0.015661131           53 -0.002397148          137  0.000427800           44  0.000014945        82897
363.750 -0.005390267           45 -0.006841361          154  0.014679887           45 -0.000202660        82883
366.250 -0.009088217           56  0.007188974          145 -0.018347662           34 -0.000348135        82881
368.750 -0.000054525           39 -0.003902675          143 -0.014368605           46  0.000558467        83432
371.250  0.010423137           54 -0.006747711          147 -0.000215670           51  0.000479078        83472
373.750 -0.008120058           45  0.001358229          143 -0.007418397           28 -0.000444937        83528
376.250  0.000328601           68 -0.003784264          150 -0.000602122           28  0.000096217        83894
378.750  0.000057374           51  0.004747045          154  0.033895921           26  0.000089594        84067
381.250  0.050412711           54  0.000496871          141  0.044136401           37  0.000362839        84587
383.750 -0.006436218           55  0.002971778          126  0.015450837           29  0.000201492        85239
386.250 -0.000170056           43  0.004858301          134  0.000036679           33 -0.000474510        84789
388.750 -0.007567258           65  0.003478753          146 -0.000784583           35 -0.000362185        84690
391.250 -0.002448990           47  0.005133908          132 -0.019725698           31 -0.000214721        84914
393.750  0.023805630           44  0.001347657          127 -0.009935686           24  0.000366700        85302
396.250 -0.000031092           42  0.001781369          140  0.000049745           23  0.000401668        85214
398.750  0.000185066           43 -0.003379339          147  0.000058718           35  0.000124330        85943
401.250 -0.007381012           47  0.005065613          111  0.000062553           31  0.000060661        85491
403.750  0.013449658           48 -0.012794898          139  0.022108512           35  0.000035177        85430
406.250 -0.000010408           36  0.011529539          111 -0.002340214           26  0.000416889        86142
408.750  0.013090794           44  0.019182079          115  0.000005404           23 -0.000031639        85650
411.250 -0.001449363           48 -0.002544150          104  0.011774286           19  0.000281936        85851
413.750 -0.029366732           59  0.001548622          110  0.001354040           20  0.000431762        86174
416.250  0.023296946           46 -0.000988652          129  0.072176268           24 -0.000017358        86246
418.750  0.000856156           47 -0.006526907          112  0.027536168           23  0.000106937        86085
421.250 -0.007078038           48 -0.000267899          113  0.000039695           20 -0.000384537        86250
423.750 -0.000089546           37  0.003419429          114  0.000049053           24  0.000586368        86287
426.250  0.014436445           40 -0.003198749          110  0.000104268           22 -0.000134496        86238
428.750 -0.000058766           41  0.010121080          145  0.000054210           25 -0.000125624        85853
431.250  0.009253275           43  0.003121829          105  0.008295808           23 -0.000180481        86452
433.750 -0.021498606           41 -0.009137209          108  0.017958910           27 -0.000096005        86117
436.250  0.015214202           51 -0.003392915           87  0.000068619           22  0.000103148        86570
438.750 -0.008553265           53  0.008855208          105  0.005351826           19 -0.000196070        86475
441.250  0.012725592           56 -0.011508348          100 -0.019780457           26 -0.000281586        86802
443.750 -0.000877328           48  0.010267115          106  0.000162914           25 -0.000192804        86254
446.250  0.000580760           42 -0.013258272          104  0.000174050           17  0.000135085        86703
448.750  0.000022347           35  0.003819790           88  0.000033971           13 -0.000097049        85811
451.250  0.005524693           35 -0.002975061          104  0.000042685           17  0.000102817        86001
453.750  0.013061739           56  0.012421303           86  0.000057876           23  0.000398259        85815
456.250  0.009974925           39 -0.009710314           99  0.007685951           16  0.001028729        85632
458.750  0.011133817           46 -0.007121925           92 -0.030859951           18  0.000399780        85702
461.250  0.012199687           31 -0.008366179          110  0.000048417           31  0.000254153        85581
463.750  0.026271596           43 -0.012578402           89  0.000122687           15  0.000095951        85771
466.250 -0.011260081           43 -0.007692072           92  0.000060307           13 -0.000176589        85287
468.750 -0.011963695           37 -0.008055266           80  0.000069275           22 -0.000148180        85137
471.250  0.025348496           41 -0.002496826          107  0.000006499           17  0.000414072        85925
473.750 -0.014606605           49 -0.008287603           92  0.006249470           21 -0.000067104        85212
476.250  0.006045671           44 -0.002030088           84 -0.000004885           19  0.000370607        84391
478.750 -0.014578661           40 -0.008222536           69  0.000598209           18 -0.000081332        85310
481.250  0.000479058           50  0.004001539           89 -0.000001616           14 -0.000258980        84297
483.750 -0.022963711           49  0.002725755           72 -0.057140532           22  0.000636636        84721
486.250  0.000064102           35 -0.003183100           95 -0.035185360           14  0.000046366        84095
488.750 -0.007648800           46 -0.010709260           91  0.000039078           13 -0.000010198        84133
491.250 -0.017671548           42 -0.020561351           64  0.000054131           28 -0.000204934        84302
493.750  0.007746891           37 -0.018236059           79  0.000011368           12 -0.000495215        83885
496.250 -0.002760258           40 -0.016655293          112  0.000038924           14 -0.000358306        83339
498.750 -0.005754838           41 -0.020445308           68  0.059688975           12  0.000696768        82907
