#   q     Cout       Nout      Cside       Nside       Clong        Nlong
  1.250  0.225228598          254  0.295419325          213  0.248887071          235  1.222847892            3
  3.750  0.176453106          252  0.192012946          273  0.236527862          260  0.655373534           38
  6.250  0.169021855          237  0.167692720          213  0.157633235          223  0.385132684           96
  8.750  0.158968840          217  0.119564984          264  0.124485147          254  0.264791053          169
 11.250  0.107049381          234  0.087486914          231  0.098046427          229  0.146549889          295
 13.750  0.084489445          231  0.077741337          231  0.051721006          224  0.102859631          452
 16.250  0.073149891          219  0.047517535          231  0.047993696          272  0.070205290          607
 18.750  0.054519259          242  0.037875363          223  0.053008661          188  0.052470693          795
 21.250  0.047594972          225  0.030548084          244  0.008824016          271  0.042993861         1015
 23.750  0.037844609          236  0.028458005          246  0.034386597          223  0.031729731         1287
 26.250  0.045596900          265  0.018984039          245  0.019163292          232  0.020957863         1582
 28.750  0.029834473          227  0.012210758          247  0.020116213          239  0.018313541         1855
 31.250  0.024898928          206  0.022402075          249  0.010333308          212  0.019336222         2163
 33.750  0.032255960          239  0.020674325          260  0.012405715          223  0.015361656         2498
 36.250  0.028057934          206  0.011906286          213  0.001984162          232  0.014426287         2910
 38.750  0.014530781          196  0.012968322          230  0.005249031          208  0.013794891         3268
 41.250  0.021542937          203 -0.000992075          247  0.010075726          227  0.011050062         3670
 43.750  0.016394403          238  0.018727588          211  0.023026579          210  0.007925021         4174
 46.250  0.022833323          211 -0.002439381          255  0.009841743          223  0.007016840         4676
 48.750  0.019871658          223  0.013083380          234 -0.001964482          240  0.005125415         4975
 51.250  0.015755275          202 -0.003222261          266  0.000013010          188  0.003836578         5500
 53.750 -0.003135318          211 -0.000539478          245  0.002394814          206  0.002796817         6054
 56.250  0.008024573          195 -0.000205996          252  0.010234598          198  0.002455661         6540
 58.750  0.012883562          191  0.001146556          255  0.013106963          216  0.002194973         7155
 61.250  0.019472979          186  0.001144598          231 -0.005384190          188  0.004227954         7703
 63.750  0.008844843          187  0.003482155          232 -0.006087526          223  0.003869839         8154
 66.250  0.005012354          202  0.004531664          243  0.007451502          207  0.003033688         8982
 68.750  0.004065593          201  0.005997393          275 -0.002009885          183  0.003474955         9517
 71.250  0.011807987          193  0.010391107          239  0.016201102          210  0.004525005        10126
 73.750  0.011125497          189 -0.001248237          235 -0.008288725          190  0.001038995        10447
 76.250 -0.003581542          186  0.003360442          239 -0.012245127          226  0.002488057        11305
 78.750 -0.012484313          184  0.004662641          241  0.006391690          199  0.002537467        11995
 81.250 -0.001271801          193  0.013312298          222 -0.010412306          190  0.001887808        12384
 83.750 -0.000000884          168 -0.001380127          241  0.006271044          196  0.000553087        13393
 86.250  0.013565897          192  0.002102680          231  0.012187059          219  0.001289828        13998
 88.750 -0.004390418          170  0.010805326          242 -0.003005562          203  0.002106401        14671
 91.250  0.008423814          160  0.007432311          247  0.002433358          179  0.001898393        15561
 93.750  0.004243319          175 -0.008300680          258 -0.007889181          207  0.000496654        16234
 96.250  0.002823977          185 -0.006250001          256 -0.000232699          190  0.000719046        16975
 98.750  0.008772108          169 -0.000979015          248 -0.001260557          191  0.000831672        17438
101.250  0.003591494          174 -0.003061153          238  0.011154787          178  0.000478184        18057
103.750  0.005573421          144  0.002908573          236 -0.007609531          194  0.001223766        19197
106.250  0.002488319          185 -0.012010626          239 -0.005757674          179  0.000449792        20076
108.750  0.010790595          150  0.005566426          254 -0.008887275          169  0.001880768        20546
111.250  0.005718079          162  0.000353807          244  0.002471712          150  0.000166120        21350
113.750  0.015982097          168 -0.003109448          222 -0.009097326          161  0.001848141        21827
116.250  0.002738457          146 -0.004823272          249  0.011427105          171  0.000754240        22952
118.750  0.016354853          138  0.000186361          239  0.012441831          168  0.000814317        23572
121.250 -0.008114021          162 -0.001358604          229 -0.008600975          163 -0.000069488        24375
123.750 -0.001981686          135 -0.005257743          255 -0.003803920          152  0.000534534        25122
126.250  0.009814013          133  0.004315371          270  0.010549666          172  0.001482008        26101
128.750  0.005805403          137  0.000259722          268  0.002298387          155 -0.000047698        26847
131.250 -0.007936720          153  0.004445886          247  0.000009212          165  0.000473520        27491
133.750  0.015379973          140  0.004110675          245 -0.002686831          167  0.000455803        28232
136.250 -0.002427542          142 -0.005563201          241  0.005996707          153  0.000842836        28908
138.750  0.005217152          147 -0.004357308          255  0.005422370          151  0.000326195        29564
141.250 -0.004164824          126  0.006773343          208  0.001917317          160  0.000891514        30534
143.750 -0.003744705          146 -0.006564820          233 -0.000668265          168 -0.000077320        31308
146.250  0.015798352          129 -0.001148673          243 -0.010135291          164 -0.000527010        32286
148.750 -0.009902744          123 -0.006755208          240  0.011512147          130 -0.000084115        32871
151.250  0.003647879          119  0.003538571          258  0.002874898          144  0.000355325        33573
153.750 -0.007191449          121 -0.005130088          277 -0.006536458          155 -0.000640889        34327
156.250 -0.006019941          112 -0.009533360          232 -0.003162752          123 -0.000072457        34926
158.750 -0.011909212          116  0.002631881          247  0.004159137          141 -0.000451941        36050
161.250  0.009836418          114 -0.010674717          222  0.002257799          138  0.000026043        37083
163.750 -0.002813184          105  0.006855615          256 -0.005273236          117  0.000035840        37586
166.250  0.016685068          115 -0.009279238          245 -0.003128006          127  0.000201925        38314
168.750 -0.004962806          132  0.002512851          256  0.023632439          136  0.000199468        39390
171.250  0.004991773          109  0.010726752          233  0.002191872          149  0.000735160        39845
173.750  0.001318020          115  0.000325363          259 -0.003868148          142  0.000645575        40825
176.250 -0.005651702          108  0.009796896          254  0.002747725          122  0.000587061        41319
178.750  0.012612144          122 -0.002092202          239  0.004928980          123  0.000130482        42115
181.250 -0.013869208          102  0.003135309          276 -0.011226550          141  0.001450392        43078
183.750 -0.008549513          107  0.000504724          269 -0.010781744          122 -0.000244845        44130
186.250 -0.004286719          100  0.000945688          274 -0.004750428          121  0.000152930        44293
188.750 -0.005111301           94 -0.009039494          240 -0.000451983          152  0.000199734        45061
191.250 -0.007944741          115 -0.002717160          238 -0.006277631          118  0.000005886        45885
193.750  0.009997931           99  0.002099536          269  0.001617632          126  0.000841934        46696
196.250 -0.021835144           96 -0.000585535          233 -0.013646717          145 -0.000220118        47181
198.750 -0.007403943           85  0.001246414          275  0.001304060          108  0.000116775        47838
201.250  0.002550248           83 -0.001398303          253 -0.017544241          119 -0.000027474        48654
203.750 -0.014229445           80  0.015927413          223  0.013308908          119  0.000869703        49736
206.250  0.001657309           93  0.006299194          249 -0.007992477           99  0.001211106        50333
208.750  0.020040792           78  0.012701437          250 -0.002138785          105 -0.000698012        50837
211.250  0.000003724           91 -0.001575800          228 -0.000339415          105  0.000111355        51461
213.750  0.006099769           79  0.004368322          257 -0.001745747          123  0.000021823        52614
216.250  0.003539998           84 -0.020282953          222  0.001159669           92 -0.000149732        53281
218.750 -0.001510386           86  0.005802657          238 -0.000642514           92  0.001002734        53829
221.250  0.001507264           87  0.016324650          252 -0.002369343           96  0.000385545        54332
223.750  0.016144298           80 -0.007035461          227  0.010040320           97 -0.000148915        54969
226.250 -0.010231252           85 -0.003565753          231 -0.015585357           93  0.000214959        55823
228.750 -0.005269880           76 -0.003004421          234  0.003638987          101  0.001104885        56780
231.250  0.004082646           84  0.008108373          251 -0.000271419           98 -0.000020196        57348
233.750 -0.014609378           85 -0.000550230          203 -0.002791859           89 -0.000073465        58131
236.250 -0.012575244           87 -0.007087917          222 -0.012346798           82 -0.000773225        58821
238.750  0.029012292           82  0.002907391          246  0.000830769           95 -0.000072894        58945
241.250  0.026237945           77  0.000432984          245  0.014332434           99  0.000217302        59706
243.750  0.004370130           65  0.001411856          234 -0.000083567           96  0.000038532        60734
246.250  0.000794520           70  0.003100284          238 -0.000773016           74  0.000630283        61785
248.750  0.012282421           59 -0.002149629          234 -0.004883561           82  0.000423493        61817
251.250  0.002519344           67  0.009609333          234 -0.008262613           90 -0.000294441        62023
253.750 -0.000609431           85 -0.003646098          197  0.011434848           71  0.000050253        63486
256.250 -0.009676044           71  0.009170759          213  0.007134792           83  0.000410757        63785
258.750  0.003170829           87  0.000837935          201  0.013302446           87  0.000282849        64249
261.250 -0.007635578           64 -0.006862646          224 -0.009606944           90  0.000050717        64972
263.750  0.012834719           69  0.003963800          221  0.015869587           81  0.000027130        65435
266.250  0.002019587           72 -0.004927511          205  0.005017534           70 -0.000101637        65776
268.750 -0.006989808           65  0.001568906          221 -0.001936036           94  0.000423326        66693
271.250  0.009894839           55  0.003509639          218  0.016586869           72  0.000781108        67055
273.750  0.000361610           62 -0.001460397          198 -0.006614039           66 -0.000103181        67884
276.250 -0.028260147           51  0.016482441          219  0.012343737           68 -0.000504477        68389
278.750 -0.003336799           65  0.004543094          182 -0.009060899           63  0.000389350        69031
281.250 -0.003207813           68 -0.000823286          204  0.010870331           58  0.000181711        69915
283.750 -0.000244127           60 -0.005923150          209 -0.001114998           68  0.000049531        69933
286.250 -0.019957971           67 -0.004010067          184 -0.000009525           67 -0.000331793        70036
288.750  0.011816067           67  0.005269746          190  0.027768773           68  0.000124610        71574
291.250  0.012761399           82 -0.000209467          206  0.000589693           65 -0.000149358        71916
293.750  0.012039977           58  0.004529084          195 -0.014015273           56  0.000227606        72018
296.250 -0.006037047           63  0.001018373          202 -0.000032701           67 -0.000080541        72478
298.750  0.001500762           70 -0.003494557          173  0.007078477           67 -0.000014573        73535
301.250  0.000310084           50  0.012908113          170  0.001674871           50  0.000051988        73196
303.750  0.011129453           55 -0.015495997          188  0.012105464           68 -0.000064339        73983
306.250  0.007816499           65  0.011201209          177 -0.019592884           65 -0.000159723        74774
308.750  0.017431344           69 -0.004226723          151 -0.009319306           48  0.000062005        75074
311.250 -0.002088964           58 -0.010067370          173 -0.000053327           59  0.000712109        75540
313.750  0.008083587           59 -0.003702097          184 -0.006873531           54  0.000338491        75916
316.250 -0.005767954           67 -0.009332644          172  0.000757344           41 -0.000045659        76410
318.750 -0.002161944           77 -0.006384189          163 -0.042092479           42  0.000197272        76666
321.250  0.008384368           59  0.001404218          165 -0.002308755           46 -0.000108310        77125
323.750 -0.006166218           61 -0.007013015          159  0.004158012           50  0.000397478        77078
326.250  0.008691120           72 -0.000604980          165 -0.006398731           61 -0.000119596        77901
328.750  0.002201044           61  0.001564602          193  0.017796184           44 -0.000132013        77969
331.250 -0.008601845           63 -0.000120629          185 -0.016586903           60  0.000523522        78647
333.750 -0.022029783           50  0.024837103          166  0.000069760           56  0.000306675        79302
336.250  0.001520802           58 -0.001805542          161  0.000069840           49 -0.000197779        80022
338.750  0.033211058           44 -0.003204352          183  0.007429508           53  0.000410803        80070
341.250 -0.010041281           68  0.009293554          163  0.007563182           61  0.000495573        80432
343.750 -0.000571692           43  0.003480996          178 -0.018313116           50 -0.000115792        80480
346.250  0.000320421           55  0.003401520          156  0.000034807           37  0.000169096        80731
348.750  0.008127844           46  0.001904037          166 -0.020946849           43 -0.000492967        81356
351.250 -0.000314576           47  0.005077533          131 -0.007468943           51  0.000645445        81296
353.750 -0.013955355           57  0.000349164          160  0.001292223           39 -0.000302973        82036
356.250 -0.000341829           61 -0.009761931          154  0.007016864           47  0.000555662        82720
358.750 -0.008712929           57 -0.020465679          160  0.003781250           42  0.000576582        82316
361.250 -0.008354311           50  0.001375859          137  0.024028647           38  0.000193608        82294
363.750 -0.028283200           49 -0.015907295          156 -0.008021047           41  0.000165438        82382
366.250 -0.008979517           54 -0.001540928          133 -0.003861040           41  0.000328417        82927
368.750 -0.001518225           51 -0.007234128          139 -0.001004491           33  0.000362186        83064
371.250 -0.002906932           58  0.013355689          135  0.011517221           36  0.000299419        83777
373.750 -0.004000373           55  0.006236620          148 -0.028433363           33 -0.000210012        83873
376.250 -0.000186972           66  0.025868040          154  0.049646701           26  0.000441457        83959
378.750 -0.018389004           51 -0.005720153          133  0.000125695           28 -0.000219850        83707
381.250 -0.031532761           50 -0.006206449          143 -0.016865969           34 -0.000240196        84546
383.750 -0.003816773           53  0.004658088          128 -0.011925432           35 -0.000136421        84014
386.250  0.019843011           43 -0.009697554          141 -0.006782211           40 -0.000373475        85302
388.750 -0.007984536           34  0.001064013          144 -0.010930766           33 -0.000178857        84144
391.250 -0.002059042           36  0.000205284          127 -0.011758310           25 -0.000044064        85212
393.750  0.012071933           56  0.005610441          132 -0.030086182           35  0.000047980        85343
396.250 -0.020154117           47  0.009814770          122  0.000391700           30 -0.000037766        85627
398.750  0.000937426           43 -0.010166019          110  0.001455564           28 -0.000287510        85262
401.250 -0.000498692           48 -0.009406276          139  0.000029829           28  0.000594674        85333
403.750 -0.005748269           48  0.005510996          127 -0.026997097           35  0.000122738        85578
406.250 -0.002269998           35  0.006095570          110  0.000025931           30  0.000215079        85852
408.750  0.014130962           55  0.008521834          105  0.000004055           21  0.000344619        86542
411.250 -0.020989336           46 -0.017440041          118  0.000312768           23  0.000330421        86290
413.750 -0.037752655           48  0.007819611          118 -0.061414956           22  0.000037094        85845
416.250 -0.000048185           57  0.001735839          132 -0.015237663           23  0.000081890        86824
418.750  0.000567605           42  0.011904006          126  0.037061969           27 -0.000253153        86209
421.250  0.027833926           35  0.000741148          121  0.000125397           30  0.000317507        86327
423.750  0.007995188           46 -0.009158262          103  0.024289881           33  0.000163326        85733
426.250  0.005352058           57  0.003906547           98  0.000019118           13 -0.000018950        86594
428.750  0.009625359           48 -0.007985180          115 -0.018708500           19 -0.000053953        86636
431.250  0.015875296           51 -0.004984526          109  0.021061566           27 -0.000073681        86420
433.750 -0.027085068           46  0.006503348          111  0.001397590           25 -0.000035164        86267
436.250  0.017975246           52  0.000974035          115 -0.003475762           24  0.000479930        85997
438.750 -0.013337601           39  0.027903469          104  0.000041877           18  0.000392586        86603
441.250 -0.005605773           33 -0.001508024           99  0.007357201           16 -0.000172449        86435
443.750 -0.008074436           52 -0.008302980          107  0.007269857           26  0.000404040        86388
446.250 -0.020024385           52 -0.018144234          103  0.039258222           13  0.000290401        86420
448.750  0.000660925           37  0.000461669           87  0.023276929           24 -0.000124382        85971
451.250 -0.015822366           45  0.015127789          116  0.000066132           18  0.000491870        85634
453.750 -0.013063097           48 -0.006572477           93  0.000084235           18 -0.000242812        86065
456.250 -0.000018551           43  0.012824972           91 -0.005016537           21 -0.000260315        85614
458.750 -0.021823914           41  0.002409361           89  0.000092497           22  0.000096223        86283
461.250  0.000080347           34  0.006553978           96  0.037376480           22  0.000277747        85926
463.750 -0.010726110           41 -0.004829092           96  0.022505207           17  0.000559812        85564
466.250 -0.013789819           46 -0.006834332          106 -0.037594189           18 -0.000303551        85286
468.750 -0.019116749           43  0.002914325          109 -0.000078193           20 -0.000199355        85454
471.250  0.018101567           42 -0.001816349          108  0.000032440           15 -0.000003582        85169
473.750  0.003626114           50 -0.000257179           74  0.000019503           21  0.000092023        85472
476.250  0.003527835           42  0.004930496           91  0.000053219           15  0.000670146        85088
478.750  0.005399690           55  0.020946012           83 -0.000326826           12 -0.000175453        84745
481.250  0.017210395           35 -0.009565150           87 -0.007994330           16  0.000255800        84467
483.750  0.007711088           50 -0.000641251           91  0.000031452           19 -0.000778567        84439
486.250  0.011012899           42 -0.014084169           63 -0.042386372           14  0.000088958        84579
488.750 -0.027928173           49  0.010701791           86 -0.000137550           13  0.000631423        84525
491.250  0.019682699           41 -0.001616067           95  0.000025332           15 -0.000217229        84277
493.750 -0.018081804           50 -0.018972837           86  0.000019504           13 -0.000032299        83529
496.250 -0.046780757           46  0.018769177           80  0.069925516            9 -0.000090593        83713
498.750  0.002075442           34  0.003138307           92 -0.032863011           21  0.000228046        83529
