#   q     Cout       Nout      Cside       Nside       Clong        Nlong
  1.250  0.275274588          259  0.353553167          262  0.330996000          266  2.190345812            6
  3.750  0.252265116          230  0.194160266          254  0.229900591          251  0.854864356           50
  6.250  0.167430767          231  0.150505624          232  0.162427710          254  0.444658434           88
  8.750  0.136052824          216  0.148537248          254  0.112623919          220  0.232992096          198
 11.250  0.103390845          251  0.070027001          226  0.071567468          249  0.149591618          296
 13.750  0.082546154          268  0.066233384          227  0.073722321          215  0.098995780          438
 16.250  0.070891660          251  0.046735009          249  0.033061868          224  0.074168121          589
 18.750  0.074274120          237  0.046977543          268  0.031327144          231  0.051453584          816
 21.250  0.042930816          210  0.036236996          236  0.029057445          232  0.042362707         1008
 23.750  0.045234489          231  0.024991344          264  0.029906472          236  0.032088842         1296
 26.250  0.041892949          223  0.024548067          230  0.020878113          210  0.025440372         1621
 28.750  0.039768719          201  0.013887704          245  0.009245514          218  0.021456652         1803
 31.250  0.035682108          235  0.013281555          264  0.005110748          249  0.017832645         2179
 33.750  0.024863436          211  0.010369456          234  0.019237553          238  0.011554319         2500
 36.250  0.025123766          217  0.007088462          221  0.007931262          204  0.016139715         2857
 38.750  0.019229672          220  0.008811621          252  0.013641602          222  0.009707513         3279
 41.250  0.011978443          229  0.005805409          232  0.004460079          216  0.009256912         3670
 43.750  0.031631845          214 -0.004139388          252  0.012348858          236  0.008899367         4181
 46.250  0.021583908          199  0.005332852          265  0.001960148          222  0.006889821         4518
 48.750  0.014480634          184 -0.000767440          249 -0.008418664          208  0.003223207         5175
 51.250  0.016184139          190  0.011420941          226  0.006980075          215  0.006081536         5478
 53.750  0.011614076          208  0.006186945          253 -0.003516301          192  0.002866947         6068
 56.250  0.017213154          187  0.004137271          270  0.011923539          206  0.005191213         6670
 58.750  0.008763010          193 -0.009525801          237 -0.005981123          200  0.006588018         7318
 61.250  0.015781891          199  0.004831085          254  0.004707759          217  0.005509650         7796
 63.750 -0.001550124          186  0.002628409          273  0.008647130          200  0.000589407         8083
 66.250  0.022407725          198 -0.001052464          245 -0.004232235          197  0.002023192         8974
 68.750  0.012032113          204  0.011331921          280  0.002510606          230  0.001175674         9307
 71.250  0.011647892          208 -0.007670833          255  0.003716150          204  0.002338493        10102
 73.750  0.003109654          186 -0.000593683          218  0.003297378          200  0.002470090        10557
 76.250  0.022920415          182 -0.003110428          239  0.012231740          190  0.001578995        11377
 78.750 -0.003948699          194 -0.000506610          239  0.006324554          204  0.002729434        11902
 81.250  0.006996902          186  0.006765083          249 -0.000542456          200  0.001381487        12595
 83.750  0.001965273          168  0.007134404          258 -0.004035950          172  0.002266768        13265
 86.250 -0.001981601          153  0.002089401          238  0.006877950          222  0.000899102        14082
 88.750  0.003819837          183 -0.017144643          201  0.009329822          171  0.000445704        14692
 91.250  0.000843320          174  0.007976479          268  0.004030778          191  0.001055744        15509
 93.750 -0.005172652          166 -0.005423878          242  0.003495412          180  0.001571459        16075
 96.250 -0.008702127          180 -0.007739917          252  0.007146515          184  0.001316890        16646
 98.750  0.002639237          162 -0.000817992          245 -0.007050282          164  0.000738428        17440
101.250 -0.001149681          191  0.010979102          271 -0.009049446          193  0.001375911        18357
103.750  0.004746087          151  0.002223453          241 -0.004950375          166  0.001428344        19298
106.250  0.008208881          152 -0.010474628          243 -0.003302883          165  0.002115019        19933
108.750 -0.003730090          149 -0.002347471          261 -0.009531014          165  0.000378295        20390
111.250  0.011950180          153  0.003995128          256  0.002706741          170 -0.000424066        21362
113.750  0.012794026          164 -0.004768868          231 -0.005543137          169  0.000251230        21918
116.250  0.016203377          138 -0.008314140          240  0.010444199          184  0.001692970        22810
118.750  0.014278557          135  0.001634475          268  0.004058208          177  0.000612068        23938
121.250  0.002242366          164  0.004138434          242  0.005424304          155  0.000395607        24189
123.750  0.000424997          130  0.008399400          221 -0.010895531          160  0.001678227        24870
126.250 -0.001356181          149 -0.002828958          229  0.004093780          154  0.000731616        25969
128.750 -0.012012296          135 -0.004333933          247 -0.008506018          164 -0.000726795        26795
131.250 -0.007260424          164  0.000230579          232  0.007780129          158  0.000745104        27461
133.750  0.010341118          128 -0.000622425          261  0.000929081          159  0.000139781        28153
136.250  0.008084472          139  0.005398372          221  0.011946236          180  0.000613600        29050
138.750  0.009102157          148 -0.001766551          243 -0.001944587          171  0.000837778        29728
141.250  0.006964510          129 -0.000725460          243  0.001897957          169  0.000103754        30912
143.750  0.001588816          162 -0.009176044          251 -0.002038158          165 -0.000361456        31344
146.250 -0.002289499          137  0.004368389          243  0.001973959          169  0.000414450        32064
148.750 -0.007670609          118 -0.000810075          243 -0.008438469          165 -0.000329046        32759
151.250  0.009056670          139 -0.009493672          233  0.013184793          151  0.000009835        33470
153.750  0.007206439          132 -0.008485083          250  0.005538066          145  0.001088031        34297
156.250  0.018469526          129  0.001757184          251 -0.003768701          143 -0.000062267        35242
158.750  0.003899751          127 -0.001231163          243 -0.005731411          149  0.000554563        36338
161.250 -0.002328073          127  0.003857631          260 -0.008055854          156 -0.000024382        36877
163.750 -0.015241105          119 -0.007325368          216  0.011197852          140  0.000453117        37621
166.250  0.014942816          124 -0.000678105          252  0.003432712          149  0.000871317        38476
168.750  0.001609361          111  0.004960136          259 -0.001892942          108 -0.000113993        38986
171.250  0.000886273           94  0.007207120          251  0.002392902          127 -0.000451726        39770
173.750  0.005022433           99 -0.002707137          253  0.010457343          125  0.000268067        40824
176.250  0.015424858          123 -0.006242285          257  0.008261957          128  0.000401200        41358
178.750  0.004897473          110  0.010167567          252  0.010420067          112  0.000492852        42145
181.250 -0.002943650          115  0.008515913          265 -0.002340803          124  0.000340223        43007
183.750 -0.011360248          101 -0.004090601          256 -0.008103653          134 -0.000033318        43347
186.250 -0.000605944           87 -0.002009882          255  0.007425627          125  0.000212080        44557
188.750  0.023765866          122 -0.009743058          240  0.005806714          123  0.000415173        45113
191.250  0.006998893           95  0.001140828          236 -0.007222018          123  0.000471639        45880
193.750 -0.008893239           89 -0.001384507          261 -0.007039418          104  0.000053192        46711
196.250  0.012084006          103 -0.002853823          265  0.001756220          135 -0.000408781        47735
198.750  0.019313025          103 -0.000145210          246 -0.014985397          137 -0.000077999        47797
201.250  0.004309788           85  0.004190387          263 -0.015880638          110  0.000516874        49015
203.750 -0.015627090          104  0.001139124          237  0.002714099          113  0.001083750        49088
206.250 -0.004585013           87 -0.003740808          272  0.003233729           96  0.000841103        50406
208.750  0.002021341           85  0.000642725          240 -0.007241669          132  0.000329875        51117
211.250  0.004520983           77 -0.006295145          236  0.008845840          102  0.000641968        51807
213.750  0.002433321           99  0.009188906          262 -0.003200433          109  0.000206512        52847
216.250  0.000508013           77 -0.005926343          257  0.008944905          100 -0.000161800        52766
218.750  0.011322228           92 -0.002515087          223 -0.001770470           97  0.000419560        54410
221.250  0.024421614          107  0.002383712          231  0.006110662          107  0.000158708        54481
223.750  0.015336809           82 -0.002214593          224 -0.001633618           89  0.001482818        55377
226.250 -0.006240366           89  0.002525002          234 -0.003340384          114  0.000593898        56232
228.750  0.004153818           72 -0.000260426          236  0.003110660           76 -0.000364128        56709
231.250 -0.021298749           79  0.000948693          227  0.028637385           89  0.000369720        57126
233.750 -0.019640368           85 -0.003727741          237  0.003467187           82 -0.000522182        58244
236.250  0.035116011           83  0.002286303          211 -0.001110989           81 -0.000008508        59148
238.750  0.004642775           83  0.005022454          219 -0.009964351          100 -0.000082843        59019
241.250  0.001202342           98 -0.004314226          228 -0.002519712           85 -0.000142191        59933
243.750 -0.013636890           85  0.004554291          234 -0.011227833           92 -0.000395049        60199
246.250 -0.009517126           66 -0.005892761          210  0.002765562           72 -0.000202086        60817
248.750  0.016902101           79 -0.009289776          194 -0.006025339           96  0.000000693        61859
251.250  0.011062369           89 -0.004868945          207 -0.015364093           79  0.000200897        62432
253.750 -0.013473854           81  0.004038703          232 -0.005841991           85  0.000295695        63077
256.250 -0.010932451           61 -0.007948819          185 -0.010442782           81  0.000307770        63972
258.750 -0.001421145           73  0.013296287          212 -0.003823407           79  0.000259513        64287
261.250  0.010894889           74 -0.006846472          195  0.001142883           77  0.000338504        65320
263.750  0.011836341           67 -0.001989557          194  0.006553689           82 -0.000231113        65600
266.250 -0.013518908           65 -0.001472535          227 -0.000805394           79  0.000257096        66265
268.750  0.010569989           80 -0.006342497          222  0.003913519           84  0.000153172        67353
271.250 -0.007531124           68 -0.004800260          201 -0.003579727           70 -0.000391882        67320
273.750  0.012998469           69 -0.004924978          195  0.019097623           71  0.000176221        68093
276.250  0.007470086           79  0.003360383          189  0.007440634           53 -0.000354533        68207
278.750  0.010777889           64 -0.001818194          190 -0.003028452           71  0.000369714        69563
281.250  0.000463356           55  0.013359415          201  0.028284288           59  0.000338936        69914
283.750 -0.003877030           86 -0.006032058          183  0.023883121           55  0.000008603        69616
286.250 -0.000287140           83 -0.000710089          169  0.009999822           66  0.000608678        70846
288.750  0.012244382           84  0.004851843          203  0.015685392           66 -0.000493117        71725
291.250  0.000753423           69 -0.001668240          197  0.005765087           65  0.000450701        72041
293.750 -0.002699581           66 -0.001164908          194  0.027336237           63 -0.000491952        72114
296.250  0.016802698           74 -0.007457320          178 -0.005130498           55  0.000536494        72946
298.750 -0.001478700           69 -0.006561819          188 -0.003030044           52  0.000326394        73198
301.250 -0.013307189           67  0.002764413          164 -0.012570371           67  0.000313205        73730
303.750  0.000708032           86  0.002369942          176  0.000073430           51 -0.000227000        74034
306.250  0.000009088           80  0.004341858          190  0.012877578           57  0.000319083        74623
308.750  0.002533563           62 -0.001660874          195 -0.007753989           59  0.000027606        75284
311.250 -0.011477077           65  0.001490892          179 -0.005755046           54 -0.000416436        75511
313.750 -0.010629146           57 -0.011143678          169  0.010852425           53  0.000483322        75947
316.250 -0.000437358           61  0.009524506          191  0.003670164           63 -0.000424512        76229
318.750  0.000140863           61  0.008576899          188 -0.021445806           52 -0.000240384        76561
321.250  0.007576194           53  0.009050865          170  0.011937513           55 -0.000026411        76962
323.750  0.010010888           59  0.004820281          162 -0.006174801           50  0.000442631        77535
326.250 -0.011188381           59  0.004068128          169  0.000096855           39  0.000135059        78096
328.750  0.020674819           54  0.006390747          158  0.030363036           57  0.000288915        78348
331.250 -0.018376974           55  0.005458566          172  0.000135616           47  0.000298299        78422
333.750 -0.009040169           59  0.002279406          190  0.005667407           40  0.000205430        78950
336.250  0.004165450           54 -0.008490153          155  0.008474463           54  0.000289461        79579
338.750  0.000423663           44 -0.001285650          159 -0.008323119           48  0.001099788        79852
341.250  0.013218661           43 -0.010789028          159 -0.007610002           40  0.000056274        79508
343.750 -0.015795674           56  0.006659141          165 -0.008667147           50  0.000233255        80653
346.250  0.000009677           44  0.004229793          153 -0.008781384           48 -0.000000220        80738
348.750  0.022455212           57 -0.000325291          160 -0.000060888           38 -0.000067542        80621
351.250  0.012552912           63 -0.012155486          169  0.007897936           39  0.000428110        81146
353.750 -0.015524192           62 -0.002911100          164  0.003646215           33 -0.000370247        81186
356.250  0.004648612           65  0.003723498          165  0.001998647           44 -0.000598423        82252
358.750  0.012686263           59  0.012487292          138 -0.000260563           44  0.000221555        81954
361.250 -0.013982041           55 -0.013734387          158  0.024111796           39  0.000737301        82858
363.750  0.009493000           51 -0.003029898          136  0.011608122           34 -0.000505652        82395
366.250 -0.013874786           35  0.001750270          163  0.035311597           39  0.000273919        83365
368.750 -0.012143870           44 -0.001017627          166  0.000938986           28 -0.000395904        83343
371.250 -0.032944628           57 -0.002816230          127 -0.027480629           31  0.000689977        83885
373.750  0.004303272           51  0.008090011          152 -0.010555897           43  0.000000798        83831
376.250 -0.009735350           47  0.000314725          150  0.000500012           33 -0.000095569        84035
378.750  0.005150257           50  0.001834944          130 -0.000003464           30 -0.000651365        83883
381.250  0.000066113           48 -0.004598266          139 -0.025847229           44 -0.000027512        84386
383.750  0.027877327           39  0.019618019          152 -0.003395296           37 -0.000019360        84988
386.250  0.015754071           51  0.004921197          129  0.000077228           20 -0.000336943        84476
388.750  0.006699007           51  0.012123255          126  0.000052111           27 -0.000210460        84924
391.250  0.001287284           55  0.005338616          134 -0.014160189           31 -0.000013123        84995
393.750  0.009830343           50  0.010858237          130 -0.012427216           32 -0.000429680        85123
396.250 -0.001516697           56  0.004239450          138 -0.004525108           28  0.000187917        85207
398.750 -0.007323039           41 -0.008764698          134  0.032006625           38  0.000653679        85684
401.250  0.017168066           52  0.007456611          125  0.030363359           32 -0.000261926        85910
403.750  0.000008482           56  0.003636199          118 -0.020032424           19  0.000586909        85384
406.250 -0.004985891           43 -0.006645069          112  0.013408648           32 -0.000120411        86097
408.750 -0.000016025           48  0.000919811          103 -0.053185031           24 -0.000088116        85507
411.250  0.005094082           46 -0.000580795          136  0.007798755           20  0.000474819        86581
413.750  0.004437524           48  0.010343847          121 -0.000077197           26  0.000004166        85879
416.250  0.008427029           50 -0.007513355          103  0.000010916           19  0.000002099        86344
418.750 -0.020120187           43 -0.001058282          101  0.000072168           25 -0.000281036        85842
421.250  0.002100500           45  0.006947777           96 -0.041181970           21  0.000012820        86184
423.750  0.009980919           51  0.005100008          106  0.000018061           23 -0.000299479        86076
426.250  0.000535507           47 -0.000443651           98 -0.000119421           20 -0.000093033        86440
428.750 -0.017516027           49  0.009872612          112  0.000069477           26 -0.000046929        86891
431.250  0.000019884           47 -0.010437260          100 -0.016059511           25 -0.000116765        86459
433.750  0.000553650           45 -0.001947816          103 -0.016209796           20 -0.000044942        86538
436.250 -0.000032237           49  0.005937543          120 -0.029851997           15  0.000062229        86276
438.750 -0.012987339           43  0.007599809          109  0.000042458           21  0.000254266        86301
441.250  0.049897277           32  0.004430817          113  0.000021125           14  0.000382629        86464
443.750  0.003149499           58 -0.017078565          108 -0.024993463           27  0.000006300        86574
446.250 -0.000020904           44 -0.000211653          109 -0.003553716           22 -0.000230108        86843
448.750  0.000001004           49  0.004682868           96 -0.051829162           14 -0.000182327        86110
451.250  0.020150919           30 -0.005804543           95  0.002033543           27  0.000212414        86065
453.750 -0.001986639           46 -0.003079743           91 -0.027298107           25 -0.000000163        86307
456.250  0.017364972           47  0.008792905          107  0.000015726           20  0.000050835        86079
458.750  0.000003548           38  0.002971193          116  0.000029188           23 -0.000002837        86326
461.250  0.017131253           41  0.004947673          100  0.000030677           12 -0.000179433        85860
463.750 -0.040094619           39  0.011995894           81  0.032479837           21 -0.000113921        85687
466.250  0.009032544           43  0.007364275           92  0.000063983           18 -0.000057098        85636
468.750 -0.016177842           44  0.003713262           99 -0.005591785           21 -0.000065505        85672
471.250 -0.007206200           39  0.004228931          105  0.002505958           20 -0.000126879        85478
473.750 -0.004707238           37  0.015048486           88  0.000124529           17 -0.000113506        85584
476.250  0.001032618           40 -0.004184568           81 -0.000046752           17 -0.000213219        85142
478.750  0.028595167           35  0.015892127           82  0.000040030           15  0.000327296        84970
481.250 -0.001784548           51 -0.022314782           62  0.000047829           18  0.000436830        84726
483.750  0.000126567           42  0.010407537           81 -0.017985354           16  0.000122085        84507
486.250  0.008756740           46 -0.005499046           79  0.041107946           17  0.000450333        84810
488.750 -0.020971262           46  0.028521629           89 -0.000004470           14  0.000054769        84583
491.250 -0.000005653           36  0.018254728           79 -0.006260554           14  0.000600202        84135
493.750  0.000081829           30 -0.013696896           86  0.000040857           16 -0.000051602        84130
496.250 -0.001315924           38 -0.010557028           68 -0.022472913           20 -0.000134334        83744
498.750 -0.007057855           40 -0.000712016           75  0.000012011           12 -0.000060239        83631
