#   q     Cout       Nout      Cside       Nside       Clong        Nlong
  1.250  0.218801722          245  0.326593602          221  0.286429651          238  2.703644418            2
  3.750  0.214796570          253  0.213063107          268  0.192934334          228  1.025491453           28
  6.250  0.164354342          232  0.137553706          217  0.156106582          239  0.424032147           95
  8.750  0.111571645          240  0.100818222          234  0.121308319          248  0.216867208          186
 11.250  0.099433411          248  0.077443420          231  0.085744872          243  0.151980779          283
 13.750  0.102155345          209  0.071324853          256  0.079991705          231  0.088377782          407
 16.250  0.059566030          238  0.050637756          210  0.058491236          262  0.075772621          605
 18.750  0.064498679          216  0.030345165          254  0.058411490          254  0.054548091          841
 21.250  0.048764081          235  0.024854073          270  0.027020891          220  0.039855199         1028
 23.750  0.045145769          240  0.024379843          253  0.027931768          267  0.030088748         1336
 26.250  0.024931329          222  0.011280514          239  0.025302337          236  0.028100807         1586
 28.750  0.022584150          231  0.017812747          244  0.029012700          250  0.018573804         1864
 31.250  0.032836884          238  0.023004901          246  0.017139616          234  0.021755830         2256
 33.750  0.017973411          241  0.011800860          253  0.013307980          217  0.017368745         2552
 36.250  0.018254675          231  0.006831200          246  0.018228621          224  0.013510284         2838
 38.750  0.033396915          215 -0.000449175          248  0.006067303          238  0.007639910         3283
 41.250  0.017890751          213  0.003532241          239  0.004118331          204  0.006704319         3768
 43.750  0.015616411          225  0.011938826          247  0.016523137          196  0.007051720         4084
 46.250  0.021338549          202 -0.001105492          232  0.017645988          206  0.008426099         4621
 48.750  0.007833127          194  0.004450886          230  0.000121033          213  0.008319602         4926
 51.250  0.010492222          183  0.008244516          214  0.013747618          210  0.005384634         5601
 53.750  0.017491042          209  0.007718235          250  0.004391661          216  0.005783338         5915
 56.250  0.013175521          179  0.007189670          232  0.002698898          226  0.004365830         6486
 58.750  0.009215189          220  0.011542030          241  0.000676996          208  0.002883457         7089
 61.250  0.009326515          195  0.009186699          280  0.006618545          210  0.003455279         7652
 63.750  0.003283529          222  0.000273708          237 -0.008837281          194  0.003298414         8370
 66.250  0.000731020          213  0.014518641          249  0.018202463          192  0.004044612         8936
 68.750  0.008132231          182  0.003406425          239  0.005502298          217  0.002486216         9561
 71.250  0.008928304          191  0.001627143          241  0.005313634          192  0.002816364        10071
 73.750  0.013647969          188  0.001944216          248 -0.004312005          207  0.000627921        10557
 76.250  0.007270099          189 -0.002522467          233  0.010054821          206  0.003193515        11317
 78.750 -0.001302820          200 -0.011364322          249 -0.000827780          211  0.002530723        11891
 81.250  0.014059925          175 -0.004216455          243 -0.007420718          213  0.003244825        12701
 83.750  0.018147974          162 -0.007981211          235 -0.003928468          172  0.002180305        13202
 86.250  0.005787021          163  0.000069307          229  0.000524919          198  0.001988934        13773
 88.750  0.001481226          154 -0.006098626          239  0.005785108          188  0.002170670        14755
 91.250  0.007917904          163  0.010961400          230  0.001787893          174  0.002217883        15451
 93.750 -0.000137959          205 -0.000886981          252 -0.013545088          181 -0.000363001        16070
 96.250  0.010884689          158 -0.010980096          249  0.002400457          190  0.001576995        16892
 98.750  0.005646057          170  0.002373669          271  0.012446689          190  0.000610546        17927
101.250  0.013194112          170  0.005024656          220  0.001771185          179  0.001459356        18341
103.750  0.014183083          148  0.001818090          263 -0.003928964          175  0.001807613        19128
106.250  0.006629772          131  0.001875045          266  0.002536252          176  0.001517110        20130
108.750  0.002749011          173  0.008188144          241 -0.004991766          166  0.000452824        20318
111.250  0.003968046          146  0.001215053          243 -0.008758990          184  0.000739336        21349
113.750  0.001317261          149 -0.003588918          247  0.004961464          156  0.001255770        22229
116.250 -0.012752873          169  0.003940227          245  0.008138791          169  0.000918479        22941
118.750 -0.002679831          145 -0.000884128          237 -0.009388708          181  0.000967105        23641
121.250  0.010984596          150 -0.002058259          247  0.020050813          188  0.001561025        24207
123.750  0.002638112          148  0.002171404          266 -0.002774369          165  0.000384521        24818
126.250  0.013045156          125  0.000642656          251 -0.003339564          166  0.000227367        25847
128.750  0.012170824          138  0.009168216          264 -0.015551999          177  0.000296093        26751
131.250  0.006860940          122 -0.000423258          227  0.007137782          180 -0.000309269        27234
133.750  0.002888612          129  0.006931345          242 -0.014391317          139 -0.001233739        28373
136.250  0.002908218          127  0.008403054          226  0.002703792          147 -0.000028198        28939
138.750  0.001145059          130 -0.004421627          265 -0.006579563          174  0.000527683        30109
141.250  0.012462395          126  0.010215906          225  0.008910328          176 -0.000281391        30818
143.750  0.010434106          122 -0.000142253          234  0.005066811          155  0.000960742        31848
146.250 -0.001227560          141  0.003763006          238 -0.008283316          169  0.000183969        32084
148.750  0.004617389          137 -0.004851179          242 -0.007616617          182  0.000956935        32848
151.250  0.003663460          141 -0.000272791          272  0.000324451          130  0.000678208        33722
153.750 -0.001663586          116  0.005027252          252  0.013481278          132  0.001315138        34463
156.250  0.010302479          131 -0.006242949          243 -0.000475992          148  0.000881677        35211
158.750  0.001396519          119 -0.006215878          236 -0.009131710          139  0.000268411        35739
161.250  0.001638532          104  0.007453913          274 -0.006001602          137  0.000203940        36833
163.750 -0.000403565          113 -0.007034598          236 -0.003260197          129  0.000858514        37353
166.250 -0.011051003          108 -0.000560670          235 -0.007106848          138  0.000901804        38634
168.750  0.004262494          121 -0.007325208          239  0.001426581          130  0.000298626        39043
171.250 -0.004446025          138  0.000738002          265 -0.008442246          135  0.000393283        40236
173.750  0.012395174          113  0.002946875          248 -0.000225012          130  0.001030081        40778
176.250  0.002534005          126  0.004390732          246 -0.001744910          130  0.000293080        41101
178.750 -0.000808510          109  0.009457235          226  0.006506207          117 -0.000135597        42200
181.250 -0.009509949          123 -0.001197197          231 -0.010640820          118  0.000590116        42906
183.750  0.015667832          101  0.005464056          250  0.003434331          136 -0.000311904        43868
186.250 -0.004387027          129  0.005878798          294  0.002066523          143  0.000568542        44567
188.750 -0.003003060          118  0.011122398          222  0.007044455          122  0.000324889        45438
191.250  0.003276822          109  0.000822369          243  0.007236730          109  0.000862227        45771
193.750  0.007596548           94  0.010298641          255 -0.011867137          115  0.000522097        46486
196.250 -0.000641445          104 -0.002414068          231 -0.011415563          138  0.000326897        47813
198.750  0.001893116           80  0.000754867          242  0.005181539          119  0.001007638        47971
201.250 -0.002043020          107 -0.007790420          248  0.006243887          108  0.000598446        49248
203.750 -0.015384215           94  0.000655563          248 -0.016079958           90 -0.000311619        49851
206.250 -0.007136610          103 -0.005084540          270  0.015631489          112  0.000090299        49977
208.750 -0.008051353           78  0.001949645          229  0.008296911           96  0.000792154        50792
211.250 -0.015916048          102  0.004607551          256  0.003924379          107  0.000202211        51986
213.750  0.003687663           86  0.012192629          211 -0.000995446          111 -0.000427434        52418
216.250 -0.034663082           76 -0.006267006          259 -0.006893016          103  0.000033390        53161
218.750  0.014083953           79 -0.002855187          268  0.008788736          111 -0.000024464        53910
221.250 -0.006953512           94 -0.005271575          231 -0.006631215          115  0.000557090        54545
223.750 -0.000648211           77  0.005921567          223  0.003890947          108  0.000225413        55217
226.250 -0.000599953           82 -0.003778383          225 -0.017781074           91  0.000084242        55936
228.750  0.013882920           94 -0.002861647          230 -0.008956674           87 -0.000843971        56692
231.250 -0.006889326           87  0.009046203          234  0.007345588          103 -0.000500401        57561
233.750  0.009756496           76  0.007254070          221 -0.004551038          103  0.000229665        57999
236.250 -0.004724337           94 -0.001966992          231  0.002464164           83 -0.000014283        58765
238.750 -0.011243107           70  0.002663082          220  0.000157431           84 -0.000278103        59023
241.250  0.013003351           79  0.012930903          254  0.017081145           93 -0.000253056        60308
243.750 -0.011064337           70 -0.000371648          210 -0.006441715          102 -0.000769194        60670
246.250 -0.025160863           61 -0.004433021          204  0.009561853           82 -0.000006294        61608
248.750  0.001773904           79  0.001388550          247  0.000365372           74 -0.000047954        61614
251.250 -0.021048089           65 -0.002177947          230  0.000197668           72  0.000298459        62716
253.750  0.015629796           63 -0.005600847          203 -0.011905760           78 -0.000116432        63310
256.250 -0.001632464           62  0.006657516          228 -0.012075942           94  0.000206293        63611
258.750  0.012711501           75 -0.005491896          227  0.007598099           69 -0.000694666        64394
261.250  0.012391658           72 -0.007111605          209 -0.008426699           74 -0.000301015        65106
263.750 -0.011373152           73 -0.000628517          222  0.017298304           93  0.000127041        65622
266.250  0.002827796           62  0.002521117          195 -0.009798284           83  0.000290612        66133
268.750  0.005081455           76  0.006569845          180  0.009723861           74  0.000367477        67103
271.250  0.003918629           66 -0.002015799          199 -0.000573159           77 -0.000331144        67496
273.750  0.007882002           61 -0.003243085          198  0.002358931           59  0.000121482        67921
276.250 -0.009650215           76 -0.001599585          218  0.011388425           66 -0.000677772        68208
278.750 -0.004842912           51 -0.005919305          193 -0.003920880           68 -0.000470557        68927
281.250  0.005555098           77  0.003353653          213  0.006635892           76  0.000838456        70192
283.750 -0.005451239           63  0.005000528          176 -0.004966197           80  0.000040938        70223
286.250  0.020859346           62  0.001854178          212  0.008592086           69  0.000052747        70745
288.750 -0.015524894           59 -0.017803762          186  0.002774175           69 -0.000243534        71742
291.250 -0.004340970           73 -0.007535016          207  0.033294643           61  0.000423535        71745
293.750  0.002641303           76  0.004148610          205 -0.005180108           72  0.000360319        72278
296.250  0.002070465           66 -0.002265264          190 -0.003117430           56  0.000780250        72554
298.750  0.020509022           74 -0.006457807          202 -0.041587094           58  0.000344218        73069
301.250  0.001564699           63 -0.006964763          186 -0.002024976           60 -0.000147227        73349
303.750  0.000469431           51  0.002973225          171 -0.000005410           52 -0.000516065        74244
306.250 -0.004241086           65  0.001810195          163  0.036910445           50 -0.000478208        74623
308.750  0.000776176           57 -0.005129813          165 -0.015779317           49  0.000760221        75140
311.250  0.000726442           60 -0.008439503          199  0.017366774           63 -0.000083766        75433
313.750  0.004340099           62  0.005589397          190  0.010352769           56  0.000186992        75877
316.250  0.027430816           48 -0.001164255          181 -0.011543056           50  0.000122793        76289
318.750  0.002424200           52  0.000934958          212 -0.013345253           61  0.000608873        76919
321.250  0.008258259           56 -0.011344426          163  0.000104631           43  0.000277148        76935
323.750 -0.004128193           68 -0.006307118          173 -0.009784313           51 -0.000159565        77496
326.250  0.002390135           60  0.008988227          162  0.003636298           46  0.000149748        78685
328.750 -0.022504300           68  0.014816470          145  0.000014204           51 -0.000057566        78487
331.250 -0.001983014           56 -0.013037861          166 -0.011783479           45 -0.000020090        78850
333.750  0.002261786           60 -0.008065349          168  0.004171916           59 -0.000062418        78960
336.250 -0.010145619           61 -0.001144223          167  0.010345775           47  0.000113673        79572
338.750 -0.004701353           48 -0.007558595          165 -0.001859388           51 -0.000356570        79686
341.250  0.011099084           61 -0.001997167          172 -0.010519414           55  0.000407606        80382
343.750  0.000163876           49  0.008210092          156  0.000519639           39  0.000238650        80642
346.250 -0.024314560           69 -0.009447953          161  0.004589976           55 -0.000169785        80863
348.750  0.003048286           56  0.001171322          153  0.003691274           34 -0.000123767        80868
351.250 -0.006991896           58 -0.011138317          155  0.000068160           34 -0.000073978        81112
353.750  0.000898519           53  0.006616458          161 -0.000902946           40  0.000260928        81615
356.250 -0.008911858           59  0.004164398          165  0.000028255           45  0.000060593        82281
358.750 -0.002608586           68  0.013408252          160 -0.002528480           32 -0.000324266        82982
361.250  0.017916814           56 -0.006042085          147 -0.036580990           42 -0.000267372        82743
363.750 -0.018670932           44 -0.000610477          154  0.003546054           38  0.000222264        82647
366.250  0.000533973           53 -0.004529251          168  0.035493811           36 -0.000101017        82429
368.750  0.004544598           48  0.007891352          147  0.000046299           35 -0.000353541        83272
371.250  0.005230091           48  0.002778304          152  0.004015488           35  0.000143534        83481
373.750 -0.003484247           54 -0.010468318          167 -0.000961497           39  0.000629777        83982
376.250 -0.010378743           57 -0.000127084          142  0.000087352           26 -0.000013561        83771
378.750 -0.022807649           50 -0.006279381          144 -0.017257564           42  0.000332794        84483
381.250  0.008567593           58 -0.000529115          147  0.002954976           26  0.000292140        84823
383.750  0.000663452           50  0.002791856          155 -0.025721453           31 -0.000045448        84288
386.250  0.008720219           46  0.000496239          127 -0.011052187           40 -0.000126889        84952
388.750  0.006894896           58 -0.006146679          132  0.000070785           32  0.000095084        84803
391.250  0.001859927           55 -0.001979279          129 -0.005000014           36  0.000082857        84896
393.750  0.000009855           58 -0.001569891          131  0.013307154           35  0.000266788        85236
396.250 -0.012376016           47  0.006482595          122  0.026871823           28  0.000071935        85064
398.750  0.004449233           45 -0.004040180          131  0.000042829           27 -0.000547234        85159
401.250  0.006989479           49 -0.012064449          134 -0.022776781           27  0.000506003        85887
403.750 -0.011104662           40 -0.007592035          136  0.000045978           30 -0.000171290        85507
406.250 -0.013813749           41  0.002819923          140  0.000086244           21  0.000163005        85614
408.750 -0.004290641           63 -0.018982474          126  0.000004680           36 -0.000037885        85818
411.250  0.000071495           36 -0.005509436          119  0.032924073           31 -0.000279684        85421
413.750 -0.022143769           36  0.007532183          130  0.021949578           30  0.000119627        85908
416.250  0.001633127           40 -0.011932225          122  0.000263738           26 -0.000230252        86307
418.750  0.025403778           45 -0.000793875          108 -0.024706865           24  0.000406020        86302
421.250  0.021988643           45  0.008157360          114 -0.000019144           28  0.000581404        86521
423.750 -0.010835830           49 -0.024416287          104  0.088246279           19 -0.000270284        86209
426.250  0.013933496           53 -0.000050889          110 -0.013861253           27 -0.000112963        86722
428.750 -0.020926619           50  0.000107038          112  0.000354210           18  0.000282118        86255
431.250  0.028447911           43 -0.003747362          128  0.000047910           18  0.000144956        86416
433.750  0.009192458           44  0.008136901           94 -0.010645925           23  0.000439426        86392
436.250  0.000302018           49 -0.008195331          105  0.044987238           25  0.000407256        86608
438.750  0.000503556           42  0.008853762          114  0.002494692           30 -0.000387608        86721
441.250  0.030989031           46  0.009366279          116 -0.030760468           24  0.000202664        86571
443.750  0.005278226           45 -0.017481533           91  0.012626613           27 -0.000028173        86686
446.250  0.008238284           43 -0.002420606           81 -0.004725436           22 -0.000138682        87045
448.750  0.029823099           59 -0.004548871           90  0.000103943           12 -0.000318691        86786
451.250  0.001205837           50  0.000148488          107  0.044222435           24 -0.000293907        86459
453.750 -0.000014035           54 -0.005303900           87  0.000157103           20  0.000321367        85917
456.250  0.015079138           48  0.008778941          107 -0.003650303           17 -0.000127996        85762
458.750  0.016776531           49 -0.014193127           94  0.016793187           20 -0.000547465        86133
461.250  0.000138228           31 -0.005785141           94 -0.003578133           22 -0.000417546        86263
463.750  0.000067101           35 -0.010061228           92  0.000200446           11 -0.000062083        85854
466.250 -0.025250259           38 -0.006390039           89  0.007051919           21  0.000582233        85274
468.750 -0.003522149           40  0.010097512           92 -0.025196797           18 -0.000541688        85305
471.250 -0.000083999           37 -0.015014026           91  0.013452047           16  0.000085443        85163
473.750  0.000264965           47 -0.007672505           80 -0.022151669           15  0.000029654        84857
476.250 -0.008025065           41 -0.012027192           73  0.000012002           20  0.000015822        85135
478.750 -0.024538729           35 -0.002444362           94 -0.000275301           20 -0.000051569        84750
481.250  0.003019331           53  0.002559665           86  0.000040525           18  0.000383383        84930
483.750  0.019219148           34 -0.012965469           74 -0.012897994           24  0.000432599        84730
486.250  0.000872926           44  0.000908195           71  0.000032792           18  0.000385145        84553
488.750  0.006453918           40 -0.006890731           87 -0.000008656           10 -0.000473021        84207
491.250  0.000019473           51  0.006787385           77 -0.019182697           19 -0.000064517        84337
493.750  0.028889747           44  0.009481173           84 -0.051305392           13  0.000618487        84257
496.250  0.001343198           38 -0.008667738           84 -0.000252302           14  0.000030605        83653
498.750  0.014339407           36  0.013701398           88 -0.011274842           17 -0.000330449        83785
