#   q     Cout       Nout      Cside       Nside       Clong        Nlong
  1.250  0.292828605          289  0.392667888          271  0.347405544          252  3.276835640            5
  3.750  0.220769135          215  0.209957208          214  0.264073263          256  1.122513298           39
  6.250  0.147845373          219  0.154787379          231  0.125560818          234  0.441785922           91
  8.750  0.112886001          230  0.095171318          238  0.107785792          259  0.212554190          176
 11.250  0.116923023          251  0.093440495          237  0.095250327          207  0.160055679          287
 13.750  0.103156361          259  0.053691280          272  0.056221185          255  0.096888865          430
 16.250  0.077571115          209  0.052717314          257  0.063864712          250  0.074949387          621
 18.750  0.061118186          243  0.029248776          257  0.047729654          227  0.051641070          841
 21.250  0.042634811          225  0.038359018          228  0.038846692          197  0.043118395         1046
 23.750  0.053857153          264  0.017960023          230  0.030896725          242  0.035897431         1276
 26.250  0.033145970          231  0.034322942          219 -0.005635955          225  0.030990858         1557
 28.750  0.038016618          249  0.012990801          238  0.019707478          244  0.016842240         1819
 31.250  0.028848684          247 -0.000827485          223  0.019729394          227  0.016838926         2162
 33.750  0.041536703          241  0.037689223          229  0.006416260          218  0.014641215         2476
 36.250  0.020404192          218 -0.002161311          233  0.008585445          232  0.010450707         2886
 38.750  0.033334643          219 -0.001701957          222  0.005074454          224  0.010077370         3391
 41.250  0.030737045          228  0.014301377          234 -0.001887556          194  0.008890316         3671
 43.750  0.022072326          230  0.002146792          256  0.006139848          233  0.008748245         4181
 46.250  0.015635424          201 -0.002689422          239  0.005283786          204  0.008383730         4546
 48.750  0.017903528          235 -0.007922578          226 -0.000562591          239  0.006272072         5039
 51.250  0.015351401          230  0.005834339          278  0.002072131          244  0.006789285         5578
 53.750  0.021543756          212  0.002211264          232 -0.010616967          203  0.005327615         6099
 56.250  0.020100205          214 -0.006816653          261 -0.000712447          202  0.004127835         6598
 58.750  0.015853753          219  0.009414923          229  0.003436558          222  0.004801755         7195
 61.250  0.018827260          197 -0.016204421          262 -0.006132175          219  0.003860172         7559
 63.750  0.017562313          228  0.003739938          257 -0.004317209          210  0.004192584         8356
 66.250  0.001486543          215 -0.001054552          250  0.005961380          204  0.002613786         8899
 68.750  0.007556246          211  0.011550291          243 -0.006900771          192  0.002233390         9408
 71.250  0.018540764          193  0.009763470          234  0.003178559          215  0.004583383        10238
 73.750 -0.000269250          184  0.009442333          250  0.010508706          205  0.003655659        10439
 76.250 -0.002388998          165  0.003804027          253 -0.006098339          197  0.001714044        11419
 78.750  0.014522197          163  0.006275004          260  0.006943487          186  0.000609940        11942
 81.250  0.008102879          184  0.002184576          260  0.001644853          169  0.001232771        12714
 83.750  0.005003062          159  0.007026896          236 -0.001975281          208  0.001983055        13431
 86.250  0.006043859          162  0.004454120          216  0.002850757          183  0.001377321        14293
 88.750  0.011535913          182  0.000959780          249  0.011543652          200  0.001414691        14881
 91.250  0.001421500          169 -0.002875018          232  0.014441854          195  0.001744669        15423
 93.750  0.002838445          160  0.000298242          268  0.010408304          197  0.002568139        16038
 96.250  0.004369685          150  0.005768685          253  0.006600992          164 -0.000282303        16868
 98.750  0.007416324          190  0.003145501          270  0.002347993          189  0.000307820        17620
101.250  0.006578933          165 -0.000148091          221 -0.008712863          188  0.000648919        18022
103.750 -0.005864584          167  0.001280551          247  0.004295805          174  0.001976585        19096
106.250  0.006080075          143 -0.006191108          240  0.000574793          197  0.001633155        19975
108.750 -0.001016937          155  0.004066814          257 -0.001536705          176  0.000456487        20577
111.250  0.006278944          163  0.001848025          188  0.008896229          178  0.002098328        21097
113.750  0.016530431          142  0.005151957          243 -0.019101046          160  0.000707621        22075
116.250 -0.008547335          167  0.012296713          274  0.004269336          158 -0.000035466        22960
118.750 -0.005251983          146 -0.000494984          249  0.005825339          186  0.000735323        23491
121.250  0.012577366          158 -0.002051600          255 -0.000063741          162  0.000352918        24316
123.750  0.003910444          156 -0.002868537          278 -0.000096254          160  0.000928746        25264
126.250  0.000940541          147  0.001423444          227  0.012513087          150  0.001042781        25811
128.750  0.005324978          171 -0.006943932          287  0.004303534          155  0.000610669        26757
131.250  0.008474414          164 -0.000230264          247  0.000917395          170  0.000925442        27480
133.750 -0.000576962          150  0.015488256          246  0.009202538          145  0.000496522        28328
136.250 -0.015148276          142 -0.000805971          255  0.008981877          138  0.000600987        29341
138.750  0.017617499          154  0.008279361          240  0.003311377          127  0.000388966        29637
141.250  0.017749326          133 -0.003086522          247  0.003159582          168  0.000252677        30456
143.750 -0.008186122          143  0.002439284          245  0.004610141          136 -0.000748259        31319
146.250 -0.007172493          132  0.001451941          225 -0.001249830          139  0.001212468        32443
148.750  0.007583322          116  0.008648282          256  0.010017811          135  0.000231157        33028
151.250  0.011406648          131 -0.006769401          231  0.010239650          153  0.001160617        34228
153.750  0.013828298          105 -0.003010780          249 -0.001620198          135  0.001134648        34504
156.250 -0.000354260          111  0.006162680          254 -0.011277665          161  0.000305011        35368
158.750  0.014177439          142 -0.001744502          252  0.000612138          149  0.000635432        35409
161.250  0.005860726          127 -0.007099133          239  0.011656663          150  0.000553841        36644
163.750  0.004298544          120 -0.007823155          241  0.001569932          131 -0.000147155        37333
166.250  0.011578094          112 -0.003468793          199 -0.003688348          133  0.000302532        37834
168.750 -0.008186808          111 -0.000466057          225  0.002142389          154  0.000403126        39105
171.250 -0.016285817          102  0.011265592          239 -0.003697411          128  0.000869450        39868
173.750  0.024119877          116 -0.001302977          238  0.003416202          139  0.000152530        40702
176.250  0.001668343           99 -0.008034041          261 -0.002640209          142  0.000818256        41381
178.750  0.011961573          110  0.001595224          254  0.007955800          129  0.000632417        41886
181.250  0.000030808          106  0.001622697          277  0.011574370          131 -0.000027550        43151
183.750  0.005152201          112  0.000823826          244 -0.005981944          114  0.000594554        44094
186.250  0.005506899          107 -0.005561942          268  0.007322673          120 -0.000034522        44354
188.750  0.006791377           89  0.003469396          229  0.016264816          117  0.000095718        44976
191.250  0.007639246          106  0.008372457          225 -0.000240660          116  0.000478472        45877
193.750  0.005793324           97  0.006056269          267  0.009846003          135  0.000910142        46718
196.250  0.001433643           95 -0.001745969          253  0.012339686          112  0.001078190        47229
198.750  0.001252334           85  0.001405743          251 -0.011022763          105  0.000913506        48142
201.250  0.001449968           81  0.007426415          246  0.026859867          125  0.001115251        48773
203.750  0.000940992           94  0.000458531          220  0.014953329          115 -0.000839024        49196
206.250  0.015852398           88  0.001892370          284 -0.005913612          137 -0.000061288        50568
208.750  0.008843428           78  0.009967570          235  0.005587752          113 -0.000277688        50978
211.250 -0.005761589          103 -0.014345150          242 -0.003035869          109  0.000136672        51447
213.750  0.002515745           86 -0.001208044          255 -0.000509808          115  0.000114648        52734
216.250  0.000598987           87  0.001041124          239 -0.013022511           95  0.000214789        53488
218.750  0.000428088           95  0.008617088          244  0.006575226          113  0.000201935        53763
221.250 -0.000412387           83 -0.005759196          228 -0.015699627          108  0.000116999        54446
223.750 -0.018940962           82  0.003822812          226  0.004902639           94  0.000209598        55100
226.250  0.005292427           75 -0.002736567          229  0.002689196          105  0.000105905        55689
228.750  0.011376998           99 -0.003338041          224  0.012130587          103  0.000643390        56522
231.250  0.001426549           85 -0.001420823          225 -0.007949494          111  0.000275650        57200
233.750  0.002615522           75  0.005823411          237 -0.011022052           89  0.000441276        57753
236.250  0.007742759           90 -0.012456598          241 -0.009342480          116  0.000202573        59185
238.750  0.017231081           65  0.006233744          226  0.016041536          100 -0.000284196        59370
241.250 -0.000430770           85 -0.001718653          228  0.012332833           78  0.000293870        59708
243.750  0.004944025           79 -0.001015052          230 -0.001180177           95  0.000985264        60920
246.250 -0.011692810           77 -0.003123537          218  0.000618033           77  0.000105761        61133
248.750  0.007136928           67 -0.005122393          204 -0.003563403           76 -0.000748059        62036
251.250 -0.009304820           60  0.008341032          225  0.009789997           67 -0.000143190        62870
253.750 -0.008647907           90  0.003611653          198  0.007196188           82 -0.000522917        63019
256.250 -0.023372742           76 -0.005106045          230 -0.000799548           73 -0.000100352        63816
258.750  0.009912292           78  0.004488439          230  0.003401148           74 -0.000369512        64461
261.250  0.013416234           60 -0.000925869          208  0.001170845           82  0.000140695        65521
263.750  0.011014252           69 -0.000314999          215  0.002224970           70  0.000371947        65275
266.250 -0.003525542           62 -0.001531624          211  0.000090837           70  0.000411716        66020
268.750 -0.009302045           61  0.001440949          217  0.001995197           72  0.000065367        66746
271.250 -0.002538296           66  0.001720050          209  0.017331518           70  0.000542078        67599
273.750  0.014081354           79 -0.000694388          173  0.027584725           75 -0.000138698        67653
276.250 -0.026196334           71 -0.000776734          209 -0.005929158           76 -0.000010704        68196
278.750  0.000842576           73 -0.003026625          223 -0.002147061           75  0.000166117        69156
281.250 -0.017634207           53  0.001891764          198  0.000161277           67  0.000204412        69572
283.750  0.021892591           63  0.006867851          210 -0.012421644           85 -0.000188554        69943
286.250 -0.003204972           66 -0.002509285          197  0.004083043           47 -0.000595743        70532
288.750  0.016373951           60  0.005834849          178 -0.025595437           59 -0.000125462        71117
291.250 -0.016404904           58 -0.002755807          204 -0.015421074           59  0.000663829        71435
293.750 -0.007251543           71  0.001619452          209 -0.017764852           52  0.000141208        72987
296.250  0.026436325           51 -0.000006665          177  0.009229858           65 -0.000204418        72509
298.750  0.000040386           65  0.003176597          194  0.022340529           68 -0.000103053        73581
301.250  0.015430420           63 -0.005482208          185  0.009390013           50  0.000027956        73773
303.750 -0.005656192           62 -0.008259892          190 -0.000477683           61 -0.000077437        74338
306.250  0.016295744           58  0.000143046          220  0.001201281           47 -0.000095598        74172
308.750 -0.014889073           59 -0.018603748          185  0.024186916           64 -0.000243477        74826
311.250 -0.017707206           62  0.011704169          177 -0.010816279           59  0.000371066        75159
313.750  0.015621337           62 -0.005651514          185 -0.002715425           66  0.000300566        75731
316.250  0.003093974           57  0.006691684          182  0.012695202           70  0.000584266        76800
318.750  0.003670255           57  0.006253917          197 -0.005432024           38 -0.000613302        76803
321.250 -0.009716223           60  0.009295467          176  0.000020188           48  0.000311436        77191
323.750 -0.002517359           60 -0.004719177          199  0.000148757           53 -0.000087379        77553
326.250  0.000139811           51 -0.000295245          177  0.000800327           49  0.000210831        77901
328.750  0.005629895           65 -0.002649256          179  0.004091261           53  0.000304916        78078
331.250 -0.002014352           64  0.002765638          176 -0.001193732           37  0.000348662        79120
333.750 -0.018638763           69  0.006971067          186  0.027366089           55  0.000252725        79214
336.250 -0.009116714           64  0.003936851          169  0.000045285           51  0.000314981        79466
338.750 -0.006261683           63 -0.000004129          156  0.000010126           37 -0.000092574        79771
341.250  0.040850182           51 -0.008204271          160 -0.030766146           40 -0.000055488        80209
343.750 -0.008425501           59  0.014573173          145 -0.024484453           52 -0.000109280        80116
346.250  0.020708384           69  0.003159603          146 -0.010338603           52  0.000087095        81311
348.750 -0.005090218           46  0.002971467          159  0.015143611           48 -0.000371169        81422
351.250  0.019657568           47  0.001562031          140 -0.002114523           41 -0.000301305        81320
353.750  0.000697707           56  0.001787745          154  0.000054260           38  0.000162123        81887
356.250  0.000304278           39 -0.000399240          144  0.025928250           38  0.000091827        81851
358.750 -0.024380780           46 -0.005342452          169 -0.013963938           37  0.000355291        82187
361.250 -0.000373584           48  0.009910815          143  0.005733286           40  0.000094823        82551
363.750 -0.025493340           60  0.007719239          133  0.000017298           44  0.000376370        82748
366.250 -0.019648638           46 -0.004528099          142 -0.000024081           33  0.000065052        82864
368.750 -0.001705137           49  0.009823013          158 -0.034759772           29  0.000425112        82998
371.250  0.029605251           49  0.003612152          163 -0.007792536           35  0.000441955        83691
373.750  0.001805038           52 -0.000943915          157  0.023812894           35 -0.000019608        83937
376.250 -0.008991459           55  0.005958733          121 -0.007662245           24 -0.000203729        84377
378.750 -0.006566237           46 -0.012021635          173  0.000043660           44  0.000063908        84108
381.250 -0.008376131           47 -0.004656784          159  0.062235584           30  0.000306727        83961
383.750 -0.001827291           57  0.002042260          110  0.014547971           35  0.000290927        84420
386.250 -0.040375155           56  0.003337739          145  0.001293701           29  0.001028893        85007
388.750  0.015365694           42  0.001397962          155  0.029909452           31  0.000004377        84770
391.250  0.007419672           50 -0.019612673          133  0.000247488           30  0.000034742        85194
393.750 -0.013576926           57 -0.008810271          122  0.021730956           29 -0.000189388        85393
396.250  0.010953166           60 -0.002421493          139  0.000009368           25 -0.000266283        85157
398.750  0.002669345           54  0.009151225          117 -0.000097906           17 -0.000219574        85869
401.250 -0.013704906           47 -0.000612317          146  0.000020693           35  0.000059740        85641
403.750  0.000202851           65  0.004650366          137 -0.015754973           31  0.000152581        85763
406.250 -0.001913680           42  0.023726639          122  0.000042298           35  0.000088812        85691
408.750  0.002568956           56 -0.001146510          108  0.020847272           29 -0.000312281        85425
411.250 -0.006105542           59  0.002161599          118 -0.000018268           33  0.000287258        86131
413.750  0.010676405           56 -0.002538211          133  0.001132837           28 -0.000145089        85868
416.250 -0.015036753           37  0.005490446          133  0.000036852           25  0.000052524        86315
418.750  0.002864563           40  0.013353039          112  0.029477741           18 -0.000037111        85721
421.250  0.000942981           51 -0.011954201          114 -0.012887623           21 -0.000421003        86074
423.750  0.006628358           50 -0.004598217          145 -0.007728549           25  0.000167584        85822
426.250  0.006974758           45  0.005268841          120 -0.002150620           22  0.000442540        86327
428.750 -0.013017954           39  0.000113455          114 -0.002281501           16  0.000203007        86142
431.250 -0.000041464           56  0.005561689          130  0.000906432           19  0.000044784        85935
433.750 -0.019156816           46 -0.007143905           95 -0.015332070           20  0.000427438        85982
436.250  0.002399687           43 -0.018098456          100 -0.000002950           15  0.000179603        85861
438.750 -0.005354573           38  0.017929592          119  0.045059324           26  0.000582280        86271
441.250  0.000012580           42  0.002556788          106  0.000071205           16 -0.000250075        86411
443.750 -0.022055668           44  0.032710722          108  0.000049565           21  0.000316347        85866
446.250  0.010144570           53  0.014442909          103 -0.006842972           26 -0.000089685        86352
448.750  0.010289051           55 -0.001161175           98 -0.002747402           20 -0.000353785        86429
451.250 -0.038404547           42 -0.022343213          114  0.000049891           23  0.000354809        86676
453.750 -0.000009404           36 -0.002144023           98  0.000057542           27 -0.000052646        85877
456.250  0.000173858           36  0.004116173           89 -0.000243638           18 -0.000178694        85540
458.750 -0.007357256           41 -0.015229933          102 -0.000065871           25  0.000111426        86099
461.250  0.000156216           38  0.003810948          112  0.000163397           17 -0.000006726        85463
463.750 -0.000937566           48 -0.003177264           89  0.000077285           17 -0.000161899        85651
466.250 -0.017102783           48 -0.002708859           90  0.000316358           16  0.000181547        85548
468.750  0.000057924           40  0.013330586           87  0.008680560           19  0.000443689        85410
471.250 -0.002321500           30 -0.001749825           90  0.000042492           24  0.000152495        85050
473.750 -0.001083858           49  0.021001602           64  0.058630061           20 -0.000152144        85629
476.250 -0.006360160           54 -0.008894910           96  0.000001629           14 -0.000371015        85105
478.750  0.000113672           35 -0.007321474           83  0.003273161           21  0.000086719        84668
481.250  0.007590367           31  0.002623379           99 -0.015705779           18  0.000218320        84861
483.750 -0.014894423           39  0.015493423           88 -0.007001189           16  0.000886620        84852
486.250 -0.004233655           59  0.003208246           93  0.000099602           20  0.000910499        84409
488.750  0.023521485           40  0.012941286           71  0.000272742           10  0.000492143        84471
491.250 -0.024798478           34  0.005992677           75  0.015371340           10  0.000559873        84101
493.750  0.005082452           41  0.000556608           78  0.024870466           22  0.000534563        84000
496.250  0.012944828           37 -0.016158533           68 -0.000001433           10  0.000095521        83841
498.750  0.000080002           39 -0.003342342           81 -0.088316040           12 -0.000095438        83390
