  10 13
  30 39
  50 49
  70 83
  90 96
 110 138
 130 146
 150 156
 170 174
 190 203
 210 217
 230 246
 250 236
 270 247
 290 258
 310 274
 330 274
 350 247
 370 257
 390 271
 410 273
 430 303
 450 284
 470 286
 490 274
 510 238
 530 286
 550 250
 570 265
 590 264
 610 232
 630 230
 650 232
 670 246
 690 216
 710 196
 730 224
 750 223
 770 198
 790 164
 810 205
 830 186
 850 152
 870 163
 890 168
 910 149
 930 148
 950 126
 970 125
 990 118
1010 105
1030 115
1050 104
1070 106
1090 121
1110 74
1130 105
1150 99
1170 79
1190 81
1210 77
1230 69
1250 69
1270 61
1290 57
1310 60
1330 43
1350 61
1370 50
1390 35
1410 37
1430 45
1450 41
1470 42
1490 40
1510 41
1530 31
1550 40
1570 30
1590 30
1610 29
1630 23
1650 20
1670 28
1690 25
1710 14
1730 19
1750 20
1770 17
1790 21
1810 13
1830 14
1850 12
1870 9
1890 24
1910 12
1930 8
1950 6
1970 12
1990 13
2010 7
2030 10
2050 9
2070 7
2090 7
2110 8
2130 10
2150 6
2170 3
2190 8
2210 4
2230 4
2250 6
2270 4
2290 2
2310 3
2330 4
2350 7
2370 3
2390 3
2410 5
2430 5
2450 4
2470 2
2490 2
2510 2
2530 3
2550 2
2570 1
2590 2
2610 2
2630 5
2650 2
2670 3
2690 1
2710 1
2730 3
2750 0
2770 1
2790 0
2810 0
2830 1
2850 3
2870 2
2890 0
2910 0
2930 1
2950 1
2970 0
2990 1
3010 0
3030 0
3050 0
3070 0
3090 0
3110 0
3130 0
3150 0
3170 0
3190 0
3210 0
3230 0
3250 1
3270 1
3290 0
3310 1
3330 0
3350 0
3370 0
3390 0
3410 0
3430 0
3450 0
3470 0
3490 0
3510 0
3530 1
3550 0
3570 0
3590 0
3610 0
3630 0
3650 0
3670 0
3690 0
3710 0
3730 0
3750 0
3770 0
3790 0
3810 0
3830 0
3850 0
3870 0
3890 0
3910 0
3930 0
3950 0
3970 0
3990 0
