  10 2
  30 3
  50 6
  70 11
  90 13
 110 18
 130 28
 150 24
 170 23
 190 29
 210 25
 230 37
 250 41
 270 44
 290 56
 310 50
 330 58
 350 47
 370 50
 390 69
 410 54
 430 58
 450 67
 470 79
 490 69
 510 87
 530 73
 550 77
 570 91
 590 75
 610 79
 630 84
 650 85
 670 81
 690 96
 710 88
 730 88
 750 88
 770 105
 790 76
 810 81
 830 80
 850 82
 870 74
 890 90
 910 84
 930 85
 950 88
 970 80
 990 80
1010 64
1030 85
1050 85
1070 81
1090 75
1110 84
1130 93
1150 69
1170 81
1190 63
1210 63
1230 53
1250 66
1270 69
1290 58
1310 59
1330 48
1350 63
1370 54
1390 59
1410 47
1430 49
1450 47
1470 49
1490 58
1510 46
1530 42
1550 29
1570 39
1590 27
1610 32
1630 31
1650 27
1670 33
1690 39
1710 35
1730 27
1750 36
1770 27
1790 21
1810 26
1830 27
1850 12
1870 14
1890 26
1910 20
1930 14
1950 20
1970 21
1990 16
2010 17
2030 17
2050 13
2070 21
2090 15
2110 14
2130 16
2150 12
2170 13
2190 11
2210 12
2230 16
2250 11
2270 11
2290 6
2310 15
2330 7
2350 9
2370 5
2390 9
2410 7
2430 7
2450 3
2470 5
2490 10
2510 5
2530 3
2550 7
2570 6
2590 9
2610 6
2630 3
2650 2
2670 9
2690 3
2710 5
2730 1
2750 4
2770 2
2790 4
2810 1
2830 4
2850 9
2870 2
2890 1
2910 3
2930 1
2950 2
2970 2
2990 1
3010 2
3030 2
3050 3
3070 1
3090 2
3110 1
3130 1
3150 1
3170 3
3190 0
3210 1
3230 1
3250 1
3270 0
3290 1
3310 1
3330 1
3350 0
3370 0
3390 0
3410 0
3430 1
3450 1
3470 0
3490 0
3510 0
3530 0
3550 0
3570 0
3590 0
3610 0
3630 0
3650 0
3670 1
3690 1
3710 0
3730 0
3750 1
3770 0
3790 0
3810 0
3830 0
3850 2
3870 1
3890 0
3910 0
3930 0
3950 0
3970 1
3990 0
