#   q     Cout       Nout      Cside       Nside       Clong        Nlong
  1.250  0.068173355          236  0.012848023          247  0.035426385          249  0.000793370            2
  3.750  0.060636036          249  0.028430772          226  0.026116692          257 -0.360445521           41
  6.250  0.094575087          253  0.102810834          257  0.084937279          243 -0.098600489           99
  8.750  0.110541996          244  0.114313492          233  0.118828798          243  0.040889926          196
 11.250  0.101840293          244  0.142305660          245  0.120731544          218  0.106347276          294
 13.750  0.094497012          224  0.126372977          242  0.153064992          240  0.128641660          411
 16.250  0.106371785          238  0.101060583          259  0.107670910          249  0.125927207          613
 18.750  0.092199354          231  0.149235128          261  0.102637740          230  0.113483990          791
 21.250  0.046934143          225  0.127468297          252  0.083998204          226  0.082774542         1048
 23.750  0.063756520          218  0.086944577          243  0.082285114          222  0.080026102         1327
 26.250  0.049003429          217  0.058295689          240  0.053447166          214  0.035472334         1514
 28.750  0.035026884          199  0.071273709          252 -0.000363570          213  0.051421165         1834
 31.250  0.039084089          239  0.016617518          248  0.058607540          253  0.010862872         2124
 33.750  0.051204892          212  0.014760229          238 -0.010703908          265  0.003396036         2618
 36.250 -0.070060416          237  0.029674156          248  0.012591226          231 -0.009233823         3057
 38.750  0.020684605          221 -0.010804072          275  0.010728128          233  0.004119043         3295
 41.250 -0.058024191          224 -0.015680188          234 -0.009837801          232 -0.010641173         3760
 43.750  0.014340521          212  0.010420197          222 -0.021440195          225  0.000917023         4176
 46.250 -0.008143207          212  0.013048920          243  0.007802607          236 -0.011362572         4591
 48.750  0.042719424          176  0.035680962          206  0.014818694          238 -0.002511137         5074
 51.250 -0.012266881          225  0.025430309          257  0.011312570          214 -0.002752963         5507
 53.750 -0.034132096          189 -0.025699772          229 -0.030344778          222 -0.002114485         6023
 56.250  0.008081464          201 -0.048224045          241 -0.002397176          229 -0.004555663         6618
 58.750 -0.024531774          193 -0.027975498          239  0.051459530          215 -0.001473919         7147
 61.250  0.013071232          209 -0.004591867          250  0.067231842          215  0.002614492         7659
 63.750  0.047340237          217  0.063003495          269 -0.001357097          184 -0.000337737         8382
 66.250  0.056723485          185  0.020158997          247 -0.091642546          204 -0.005633714         8686
 68.750 -0.043635742          211  0.000089779          253  0.033766990          212 -0.008198639         9401
 71.250  0.011428398          174  0.078054649          224  0.053781198          183 -0.006169611        10012
 73.750 -0.013246087          188 -0.043200702          235 -0.000341870          205 -0.001086601        10689
 76.250  0.024766290          188  0.030080034          260 -0.004016652          216 -0.011154565        11423
 78.750 -0.021042738          203 -0.016841085          289  0.078482941          202 -0.002733354        12006
 81.250  0.011881021          173 -0.043722039          271 -0.032223700          195 -0.005072031        12719
 83.750 -0.015933200          166 -0.016592909          224  0.052919985          201 -0.006190742        13246
 86.250  0.007870773          183 -0.037482237          234 -0.019433750          198 -0.000310021        14043
 88.750 -0.057773985          176 -0.033554317          258 -0.025590922          194 -0.002850906        14451
 91.250 -0.059753473          165  0.027902504          210 -0.077364090          170 -0.005056894        15386
 93.750 -0.038303873          151  0.048762330          233  0.029034966          178  0.005438683        15983
 96.250  0.012762069          173  0.030882627          256  0.059822445          189 -0.001761967        17065
 98.750  0.131883488          139 -0.035883483          244  0.026194270          204  0.001456107        17617
101.250 -0.060330900          140 -0.003440172          247  0.013012729          226 -0.003275663        18399
103.750 -0.006199709          158  0.044542782          263  0.103029887          173 -0.001812420        19329
106.250 -0.046726636          156 -0.008263012          246  0.032392014          195  0.000029880        19862
108.750 -0.048754937          150 -0.078103901          255  0.025475867          178  0.000658927        20602
111.250  0.008043489          151 -0.010497976          246  0.018073264          174 -0.001033855        21232
113.750 -0.005776618          143  0.011599264          248  0.016438744          178  0.001938042        21853
116.250  0.059308915          160 -0.017116269          239 -0.055274875          185 -0.005645657        22850
118.750  0.026367604          151 -0.014916360          244 -0.008384756          166 -0.001457018        23603
121.250 -0.062284990          153  0.000343435          255  0.032978841          186 -0.004058964        24410
123.750 -0.089736614          152  0.023879563          252 -0.013347851          174  0.004229704        25073
126.250  0.038688764          147  0.020531707          253  0.017517729          164 -0.002884506        25782
128.750 -0.039356267          143 -0.005632944          231  0.040865451          140  0.006002464        26594
131.250 -0.047012753          128 -0.063162336          266 -0.051474341          164 -0.000555328        27763
133.750 -0.030057853          132 -0.033061335          232 -0.034192704          180  0.001288750        28330
136.250 -0.057889909          113 -0.008087636          233  0.091135974          159  0.002189785        29139
138.750  0.071769516          140  0.045798052          247  0.006644961          157  0.000628202        29843
141.250 -0.035993320          133 -0.006004207          237  0.114769832          165 -0.002111987        30742
143.750 -0.028656416          152  0.000498256          230  0.036406352          154 -0.005876739        31553
146.250 -0.071476139          127  0.035496265          258 -0.019669940          132  0.001202963        32382
148.750 -0.084584065          129 -0.032304373          256  0.094501537          144 -0.000560212        32885
151.250 -0.035737756          116  0.027246605          252 -0.018978371          146 -0.002932205        33683
153.750 -0.078923738          122  0.023055761          233  0.031414091          132  0.001984274        34363
156.250 -0.058538344          113 -0.014510298          231  0.065262340          129 -0.002250653        35123
158.750  0.075708219          107 -0.005370727          265 -0.041982039          128  0.000481360        36190
161.250  0.056066897          116 -0.020209291          233  0.001901497          135 -0.001297906        36691
163.750  0.064115852          108  0.010827800          258 -0.052459953          132  0.000106427        37524
166.250 -0.042128887          117 -0.020051925          254  0.011600833          141  0.001215071        38528
168.750  0.039062568          106  0.014815151          229  0.001441403          133 -0.003715980        38977
171.250 -0.001046139          108  0.017942159          239 -0.051146483          137  0.000040938        39520
173.750 -0.056033149          103  0.007537950          251  0.004058031          148 -0.001087319        40583
176.250  0.054242488          119  0.013826077          276 -0.024702951          142 -0.001267384        41302
178.750 -0.059982828           98 -0.014309161          256 -0.031834777          127  0.000663271        42125
181.250 -0.022493682           98  0.006148667          251 -0.031394584          152 -0.001287911        42998
183.750 -0.073083534          114  0.011337946          239 -0.054541475          123 -0.001479317        43406
186.250  0.054240217          110  0.015027834          262 -0.015967308          118  0.000468160        44604
188.750  0.008660173           98 -0.003834750          278  0.023925303          117 -0.000348042        44731
191.250 -0.034827866          112 -0.011245733          258 -0.020403384          108 -0.000124746        45905
193.750  0.033263535          109 -0.016915125          259  0.009544133          124 -0.001319809        46997
196.250  0.139876255           84  0.018387177          241  0.033788974          108  0.000986767        47165
198.750 -0.008392069           86  0.013154684          252 -0.033420053          144  0.002326267        48084
201.250 -0.001997561           94  0.005944565          252 -0.043235226          134 -0.000772760        48919
203.750 -0.008845156           90 -0.037179887          252 -0.027940031          125 -0.001972708        49420
206.250 -0.049886268           96 -0.019707515          238 -0.013538669          119 -0.003317767        50029
208.750  0.008710656           93 -0.035105130          243  0.005165778          115  0.000198102        51053
211.250  0.014114333           67 -0.006502118          227  0.017385911          105  0.001238779        51526
213.750 -0.054678627           85 -0.038959854          243 -0.020054255          100  0.000591121        52434
216.250  0.038622366           93 -0.014262743          253 -0.013246145          118 -0.001963617        53712
218.750  0.002160630           88 -0.017966332          235 -0.024403080          117 -0.000063748        53791
221.250 -0.017496143           80 -0.005490877          209  0.047067271          117  0.002402044        54316
223.750  0.024285000           90 -0.010220571          255 -0.011133272          111 -0.002543349        55192
226.250  0.023248776           96  0.015895866          253  0.026266654          103 -0.000664765        55968
228.750  0.016177792           80 -0.012797287          225 -0.016392906           92 -0.002660043        56498
231.250 -0.009664376           83  0.045775208          213 -0.033705540           85 -0.000920939        57132
233.750 -0.011225138           87 -0.007894931          230  0.025910159          105 -0.000752703        58084
236.250  0.003883244           97  0.032934127          227  0.036896809           99  0.001404374        58875
238.750  0.049697493           76  0.009224130          218 -0.013483860           85 -0.000035347        58826
241.250 -0.017219352           89  0.008744678          217 -0.027551008           87 -0.000283980        59947
243.750 -0.035282191           58 -0.014266794          228  0.046504042           73  0.000206233        60823
246.250 -0.042785169           79 -0.016574372          194  0.022228773          106  0.001916581        61574
248.750 -0.077883280           78 -0.004697057          226 -0.041151412           87 -0.000526752        62218
251.250 -0.045089492           84 -0.006404213          239 -0.011874585           87  0.000101691        62521
253.750 -0.019463281           77  0.003983376          241 -0.005937689           83  0.001622990        63353
256.250  0.039816891           64  0.008762440          212  0.011639598           86  0.001079849        63747
258.750 -0.028458711           81  0.003396857          204 -0.036423194           89  0.000643063        64693
261.250  0.016910077           56  0.024486351          223 -0.020114850           77  0.000190219        64746
263.750 -0.057187729           68 -0.038886548          224 -0.051176562           68 -0.000334274        65701
266.250  0.071873988           78 -0.002439024          213 -0.049882269           81  0.000086703        66354
268.750  0.008291937           62 -0.001268504          243 -0.015401175           75  0.001017387        66654
271.250 -0.046641581           80  0.014986237          212  0.005034869           69  0.000076659        66864
273.750 -0.000038930           61  0.009592316          218 -0.021611562           74 -0.000383125        67919
276.250 -0.041425063           57  0.007846185          195  0.034178428           70 -0.000908111        68653
278.750 -0.043836352           69 -0.041805834          200 -0.023192986           63 -0.001015862        68995
281.250 -0.020950647           55 -0.009531242          210  0.040838930           65 -0.000377109        69572
283.750  0.016679698           59 -0.006874904          206 -0.054915448           66 -0.000871925        69940
286.250  0.030350563           82  0.028526392          218  0.024896193           68 -0.001168580        70230
288.750 -0.023149830           56 -0.036960257          202  0.023955736           52  0.000098026        71051
291.250  0.032743024           60  0.032387943          217  0.037725429           67 -0.001228085        71845
293.750  0.024178534           60 -0.006872791          193 -0.023614855           59  0.000854145        72178
296.250 -0.007255529           76 -0.001886223          177 -0.092881258           71 -0.000667408        72977
298.750 -0.026638281           79  0.012456939          201  0.080315634           64 -0.000425315        73285
301.250 -0.019309180           74  0.011913110          199  0.024549508           67  0.000220584        73748
303.750  0.017265418           47  0.012035321          190 -0.094457758           52  0.000479555        74185
306.250  0.030218082           61 -0.000108269          206  0.002496622           61  0.001241038        74585
308.750 -0.020876237           65  0.003685373          187  0.025810368           62 -0.000918825        75740
311.250  0.046600294           53  0.010200165          185  0.067013645           42  0.003231529        75545
313.750 -0.006221460           67 -0.023694949          188  0.100031783           58 -0.002290717        76638
316.250  0.008900886           57 -0.009454241          185 -0.053611947           58 -0.001160137        76114
318.750  0.073798904           68  0.043609144          174 -0.006747565           60 -0.000309490        76780
321.250  0.021108437           56 -0.013914685          190  0.033708115           63  0.000450925        77166
323.750  0.022928771           65 -0.005440908          180  0.026279344           55  0.001135422        77710
326.250 -0.034867438           60  0.003779056          180 -0.007402579           49  0.000658254        77561
328.750  0.015649289           60  0.010395591          168  0.036664042           51 -0.001358688        78003
331.250 -0.079639846           60  0.007926917          159  0.002953761           49 -0.001500801        78912
333.750 -0.061752267           60 -0.013777385          158  0.010817005           47 -0.000935084        78948
336.250 -0.095488627           56  0.010763826          151  0.053024856           39  0.000583730        79823
338.750 -0.032951381           51  0.021450577          142  0.024756930           41  0.001654431        79892
341.250 -0.029597039           68 -0.020041784          153  0.134991314           46  0.001210055        80150
343.750 -0.023018984           78  0.003060582          164  0.006585714           45 -0.001390966        80616
346.250  0.022407755           45  0.018476593          167 -0.059761459           33  0.000589342        81101
348.750  0.025178334           51 -0.000115463          172 -0.012540477           46 -0.001342433        81147
351.250 -0.089525641           41  0.040136498          154 -0.012076804           30  0.000880054        81650
353.750 -0.003034626           63  0.004298185          155 -0.045624946           42 -0.000289598        81237
356.250  0.015367509           52 -0.015410894          158 -0.034454861           33  0.000274263        82210
358.750  0.019232717           64  0.040201897          193  0.023888785           42 -0.001047948        82784
361.250 -0.024920382           56 -0.003410365          145  0.013203116           30 -0.000369013        83096
363.750 -0.021152825           48  0.029476878          153 -0.020410064           40  0.001332757        83058
366.250  0.040746019           58 -0.007980589          152  0.015954529           30  0.000272394        83749
368.750  0.020242905           62  0.025979340          136  0.025282862           34 -0.000327804        83616
371.250 -0.073617174           39 -0.018467755          132  0.085231947           32  0.000660978        83836
373.750 -0.056024422           47 -0.002782614          141  0.007724825           35  0.002015816        83057
376.250 -0.033733322           51  0.046436206          162  0.000498353           37  0.001075291        83862
378.750  0.095193221           43 -0.005799016          147  0.056897638           31  0.000160846        83964
381.250 -0.044241829           43  0.011838308          142  0.061528154           36  0.001419244        84209
383.750 -0.013106396           51  0.013518258          126  0.080143131           30 -0.000804263        84081
386.250  0.052754687           45  0.011454696          138 -0.051739746           36 -0.000321027        84736
388.750  0.085678485           53  0.009412878          132 -0.104358327           31  0.001812029        85138
391.250  0.051989377           51  0.004609998          117  0.079662535           30  0.001142028        85083
393.750 -0.001617168           48 -0.027358848          144  0.041433923           30  0.000213667        84818
396.250  0.034489109           54  0.033843833          128 -0.009729898           38  0.000450930        85588
398.750  0.005161462           42  0.009757586          132 -0.004421822           33  0.000232667        85500
401.250  0.042202788           37  0.013325612          117  0.038908422           24  0.000369915        85964
403.750 -0.011191375           57 -0.018890134          136 -0.021713042           25  0.001570731        85375
406.250 -0.012497474           48 -0.006389164          142 -0.049314532           29  0.001949554        86074
408.750 -0.047248521           53  0.009265252          132 -0.044850893           23  0.000764427        85747
411.250  0.048869177           51  0.026275403          121 -0.108830257           24  0.002107471        85956
413.750  0.053764142           38  0.026000804          114  0.089186844           26  0.000473656        86149
416.250  0.011534713           46  0.023403097          137  0.148827617           20  0.000165974        86334
418.750 -0.054461251           46 -0.034469773           99 -0.076940010           20  0.000374355        86717
421.250 -0.010871769           54 -0.035769807          113  0.005152439           26 -0.002224078        85965
423.750 -0.006348418           43  0.021263943          115 -0.085987068           26  0.002128976        86839
426.250 -0.003955205           56  0.025770500          135 -0.062032945           23  0.002444063        86420
428.750  0.011411870           47  0.034632338          101 -0.048678000           26 -0.000051797        85677
431.250 -0.019518313           40  0.000080143          112 -0.033926184           24  0.001592483        86108
433.750 -0.081720165           56 -0.023831233           90  0.022819443           32  0.000974268        86276
436.250  0.063072086           42  0.018354162          122 -0.103345080           23  0.001343605        86566
438.750 -0.058082256           45 -0.004890680          107  0.022231906           30 -0.000487809        86104
441.250 -0.058804294           48 -0.014503114          109  0.079658554           11 -0.000263878        86127
443.750 -0.004241602           46  0.006850419          105 -0.026765332           20  0.000464914        86341
446.250  0.006748137           52  0.025252040           96  0.058780003           20  0.001125456        86381
448.750  0.004553680           36 -0.063409504           87 -0.013792534           20  0.002504595        86325
451.250  0.090428690           40 -0.018272617          101 -0.041780578           18  0.000340119        86091
453.750 -0.039505083           38 -0.029157648          107 -0.056099557           12 -0.000879284        86397
456.250  0.028454930           29 -0.012575341          110  0.001409690           22  0.001164580        85780
458.750 -0.059742315           41 -0.010738416           92 -0.005163370           14 -0.000380947        85944
461.250 -0.028941084           40 -0.051841694           89 -0.000706660           20 -0.000483862        85524
463.750 -0.019693224           39 -0.001345097           79  0.071796728           12  0.000998418        85794
466.250  0.050216083           59 -0.000803362           91 -0.066550878           20  0.001457034        85474
468.750  0.028408129           41  0.006990551           73 -0.114684397           21  0.001002339        85680
471.250  0.017006202           45  0.035768021           84 -0.053236569           18 -0.001101437        84760
473.750  0.040336991           40  0.005270571          100 -0.072249152           13  0.001430644        85261
476.250 -0.078153125           42  0.022465265           81 -0.103012002           23  0.000086902        85405
478.750 -0.084883804           50 -0.023471522           94 -0.029395113           12 -0.001431255        85129
481.250  0.020834824           48 -0.015690687           71  0.102573696           13 -0.003076136        84732
483.750  0.022795820           40 -0.057754264           88 -0.003899309           18 -0.001923068        84311
486.250 -0.021653950           33  0.040712010           75 -0.039970900           19  0.001130683        84752
488.750  0.017007290           49  0.061596677           78  0.149173501           10 -0.000944199        84583
491.250  0.020083547           40  0.056045576           79  0.103042613           12 -0.001150368        83683
493.750  0.011607586           43  0.023621511          110 -0.016245156           16  0.000592041        84240
496.250 -0.007606175           41 -0.011191600           78  0.032649713           22 -0.001606977        83618
498.750  0.040490979           43  0.068571242           74 -0.021341435           14 -0.001496667        83793
