#   q     Cout       Nout      Cside       Nside       Clong        Nlong
  1.250  0.090752900          258  0.000055064          243  0.053664015          226 -0.140393112            6
  3.750  0.095929225          244  0.073940150          264  0.050811168          261 -0.295012479           31
  6.250  0.058925648          277  0.099069631          241  0.094147481          238 -0.086441271           92
  8.750  0.096956232          229  0.125854642          254  0.113569035          246  0.050993679          182
 11.250  0.104800147          246  0.116271306          250  0.127288932          259  0.110026655          300
 13.750  0.123781295          239  0.150484064          241  0.121704287          263  0.116505498          449
 16.250  0.098882716          219  0.097866493          229  0.154382686          219  0.126366557          631
 18.750  0.088148281          225  0.108271848          250  0.109426199          237  0.107225417          817
 21.250  0.037696232          222  0.076663443          263  0.091388570          227  0.080560417         1005
 23.750  0.036320114          220  0.076388505          232 -0.005044209          241  0.050513831         1225
 26.250  0.047437189          205  0.068581018          233 -0.011585590          257  0.023954111         1624
 28.750  0.007842713          233  0.027852968          273  0.010933734          257  0.024126526         1895
 31.250  0.021919039          228  0.043369305          231 -0.027250849          236  0.009736938         2118
 33.750  0.013602285          202  0.013630361          218 -0.021378645          206  0.007356159         2457
 36.250 -0.022935030          216  0.019149994          275 -0.051553962          260 -0.001745175         2883
 38.750 -0.072745170          219 -0.005179152          234 -0.025919863          238 -0.012788582         3333
 41.250 -0.006614078          227  0.011773407          225 -0.007227233          210  0.014950849         3717
 43.750  0.028623349          218  0.036368113          242 -0.019323435          230  0.000034314         4074
 46.250  0.012207263          211 -0.011905325          238  0.012239145          200 -0.020729442         4538
 48.750 -0.039127575          194  0.040459939          254 -0.026426678          247 -0.009781880         5104
 51.250 -0.072728826          236 -0.062378779          237 -0.052565855          217 -0.004770401         5492
 53.750 -0.008082239          221  0.047106794          259  0.017309072          234 -0.005281254         6190
 56.250  0.045609567          184  0.004087213          241  0.065743428          209 -0.008480733         6559
 58.750 -0.035685991          209 -0.069258845          242  0.016635476          201  0.000027644         7159
 61.250 -0.002729881          177 -0.024290482          242  0.009323727          204 -0.003966915         7716
 63.750 -0.015345472          208  0.000293755          241 -0.073295658          203  0.003394062         8304
 66.250 -0.007217779          208 -0.001938361          239  0.038778635          223  0.000471097         8868
 68.750 -0.037150741          197 -0.055059260          262  0.004065034          187 -0.012049805         9443
 71.250  0.001559661          214  0.033848697          246  0.024378927          223 -0.000735792        10070
 73.750  0.015263042          193  0.038000891          242  0.078094040          195  0.000412842        10608
 76.250  0.019651567          174 -0.020101653          248  0.010062821          188 -0.005324915        11315
 78.750  0.060439456          174  0.003577845          232  0.025807521          207 -0.006284155        11847
 81.250  0.061230845          172  0.011211139          242  0.023215437          180 -0.003297337        12699
 83.750  0.027157478          179 -0.005332754          267 -0.004136284          195 -0.003869732        13574
 86.250 -0.067276556          186  0.007586442          251 -0.017229342          210 -0.002899067        13918
 88.750 -0.041224831          169  0.026994208          233 -0.041697471          189 -0.009602480        14753
 91.250  0.021134951          169  0.074302207          247  0.015565716          196  0.002608720        15457
 93.750 -0.065669293          170  0.017127657          228 -0.078082487          189  0.003316898        15938
 96.250 -0.015362680          159  0.007122766          224  0.024251068          187 -0.003170294        16934
 98.750  0.001938978          154 -0.023484736          263 -0.003072555          164 -0.001839441        17408
101.250  0.013103724          159 -0.049807168          249 -0.025281294          182 -0.001396056        18204
103.750  0.037762959          169  0.014061070          258 -0.037279997          187 -0.000723516        19055
106.250 -0.016932343          162  0.037987944          241  0.011003325          189 -0.001235908        19958
108.750  0.066600797          154 -0.038714146          242  0.053224260          164 -0.005128938        20385
111.250  0.001669955          119 -0.006543953          251  0.008387768          148  0.000187394        21324
113.750  0.025626417          159 -0.007502166          252 -0.093348040          169  0.001061632        22241
116.250  0.016913153          141 -0.003092371          223  0.006464701          154 -0.003579148        22835
118.750 -0.002463482          148  0.034443706          246  0.017201987          184  0.002501303        23760
121.250 -0.010511017          159  0.023419996          238 -0.027065068          177  0.001345775        24307
123.750  0.029459044          165 -0.022422351          222  0.038881047          178 -0.001509452        24899
126.250  0.031213673          147  0.001352445          255 -0.020002968          147 -0.002524633        25808
128.750 -0.052212168          141  0.007521363          244 -0.024946671          163 -0.003084179        26825
131.250 -0.022737615          146 -0.011258529          251  0.003948067          119 -0.002059143        27156
133.750  0.022328511          137 -0.062957138          272 -0.027366624          153 -0.001348016        28048
136.250  0.034194897          140 -0.055618598          259  0.094278667          152  0.000888141        29261
138.750 -0.050869978          155  0.015333122          230 -0.018859139          143 -0.004778427        30080
141.250  0.022398326          127  0.040033660          260 -0.029904674          153 -0.000084069        30797
143.750  0.034396186          131  0.014788998          253 -0.001474364          157  0.002795284        31170
146.250 -0.021700926          139  0.035998118          260  0.016678001          149  0.001571108        32126
148.750 -0.032394466          124  0.001015326          220  0.028479546          150  0.002555197        33012
151.250 -0.031400168          118 -0.020119518          256 -0.031266233          122 -0.000646019        33671
153.750 -0.033804847          128 -0.010866973          247  0.019234841          151 -0.000423701        34377
156.250 -0.096312196          124 -0.001107792          231 -0.036640220          155 -0.000814543        35359
158.750  0.024988270          132 -0.034319041          245  0.029769014          136 -0.001097827        36220
161.250  0.008783203           94 -0.016002725          248 -0.000388922          142 -0.002797539        36844
163.750  0.003839584          125  0.013287162          223  0.022767269          141  0.001795889        37217
166.250 -0.051513008          107  0.003557523          249 -0.010893022          144 -0.000857125        38390
168.750 -0.032631989          128 -0.027663413          252 -0.008304774          131  0.001205344        39233
171.250 -0.009803794          106  0.012248246          245 -0.007285587          128 -0.001631646        40119
173.750 -0.055483471          105 -0.015916546          238  0.009224750          140 -0.000957257        40811
176.250  0.020074303          112  0.011321805          214  0.009137083          108  0.000377318        41245
178.750 -0.000665401          118  0.028621958          259 -0.011205768          137  0.001413659        42290
181.250 -0.010979425          119  0.018724616          241 -0.010832158          116 -0.000001098        43102
183.750 -0.019760908           84  0.001876940          242 -0.022040127          108  0.000217180        43534
186.250 -0.011856522           92  0.012144252          253 -0.002286155          133 -0.000359278        44076
188.750  0.063165941          119  0.003735281          215 -0.035416055          117 -0.000371408        45060
191.250  0.003940670           93  0.035596727          222  0.053345647          120  0.003114772        46045
193.750  0.018389167           76 -0.009423329          271  0.001966946          104  0.002694020        46367
196.250  0.044726105          103 -0.015072716          247  0.012088504          108 -0.000861327        47436
198.750 -0.007224564          116 -0.010188628          241 -0.030063480          107  0.000094202        47939
201.250 -0.020677375           89  0.021842862          245  0.031850997          111  0.000148134        49006
203.750  0.086970661           83  0.024999224          241  0.033094540          112  0.002312175        49130
206.250  0.003161746           95  0.003083645          229 -0.006857851          120  0.001331324        50098
208.750  0.021343438           86  0.032190508          253 -0.005821001          120  0.000666050        50646
211.250  0.025896461           89 -0.034250005          244 -0.044530593          107 -0.000284026        51330
213.750 -0.056432243           93 -0.011424800          250 -0.026864755          115 -0.002308067        52369
216.250 -0.012211418          111 -0.001499516          233  0.036538005           93  0.001049921        53256
218.750  0.006228634           90 -0.008901152          242 -0.043718718          103 -0.000492380        53932
221.250 -0.037558716           76 -0.001600530          237  0.037311543          113 -0.002214207        54990
223.750 -0.011832944           77 -0.005864692          224  0.012202978          110  0.001384057        54966
226.250  0.020996671           81 -0.018657610          221  0.033438628           87  0.000329908        55372
228.750  0.000636799           83  0.010065180          233  0.025349914           92 -0.000553065        56830
231.250 -0.041789683           89  0.001151814          228 -0.011711019          119  0.000011099        57143
233.750  0.030386949           81  0.029652439          230  0.002829744           95  0.001997720        57818
236.250 -0.004902375           77 -0.023351765          244  0.033621604           88 -0.002116388        58693
238.750  0.040835786           93  0.017341575          251 -0.035013807          101  0.001762000        59314
241.250 -0.023738945           82 -0.010710623          192 -0.003590017           95  0.000991332        59647
243.750 -0.008052768           72  0.024043545          241 -0.001551227           87  0.000526207        60195
246.250  0.021678538           71  0.044268663          210  0.006858087           83 -0.000303151        61326
248.750  0.101117159           73  0.006237353          211  0.023071688           99 -0.000839466        62134
251.250  0.013094958           76 -0.010127186          206 -0.011249117          103 -0.000204747        62369
253.750 -0.032044119           70  0.016830589          224 -0.036260260           71  0.001118351        62965
256.250 -0.124121940           79 -0.013501208          240  0.036095017           87 -0.001116271        63190
258.750 -0.003124415           62 -0.016470295          195 -0.026213651           96 -0.002053610        64468
261.250  0.000909645           71  0.021379644          217 -0.037144816           84 -0.000537405        64678
263.750  0.095859425           67 -0.003967980          202  0.034054582           80 -0.000069671        65763
266.250 -0.013924217           74  0.023354747          185 -0.009109351           95  0.000979310        66244
268.750  0.031771985           79  0.017379395          219  0.029696188           80  0.001751842        66443
271.250  0.041121125           74 -0.009688583          219  0.025696542           97  0.000505070        67646
273.750  0.012539998           65  0.035589041          218 -0.077997701           54 -0.000449275        68309
276.250 -0.009702031           67 -0.015383063          200 -0.023792962           63 -0.001471328        68445
278.750 -0.006973269           61  0.017152707          209 -0.029772228           51  0.000232589        68965
281.250 -0.022227091           54  0.002432034          211  0.024258042           66 -0.001813071        69707
283.750  0.044098022           58 -0.008075744          199 -0.080669237           66 -0.001014793        70494
286.250 -0.008897570           72 -0.020466617          183  0.052063236           66  0.001243394        70912
288.750  0.032672125           67  0.020478666          185  0.017200498           58  0.001963784        71437
291.250 -0.001162007           67 -0.015555558          201  0.054955337           64 -0.000055094        71465
293.750 -0.005398816           73 -0.023933467          177 -0.001272922           56 -0.000105752        71413
296.250  0.028744877           63 -0.010495024          201  0.007734220           71  0.000440564        72625
298.750  0.006071878           55  0.012380921          197  0.046183691           61 -0.000116262        73485
301.250 -0.037455604           66  0.007003808          189 -0.016576909           57  0.000104588        73893
303.750 -0.023942267           51 -0.013930954          184  0.010894460           63 -0.000017225        73544
306.250 -0.000409737           73 -0.003105275          206 -0.011372292           61 -0.000938900        74497
308.750 -0.057263519           70  0.004385835          199  0.001515682           52 -0.002315374        75055
311.250  0.039199857           62  0.043676848          168  0.002208733           45  0.000643161        75435
313.750  0.004193037           57  0.005065594          193  0.003886390           58 -0.001902962        75495
316.250 -0.044734255           54  0.056404735          193  0.051419825           43 -0.000495468        76572
318.750  0.017501237           54 -0.012647102          170  0.013502564           64  0.000258620        76732
321.250 -0.038671184           64 -0.012465238          198 -0.073904375           55  0.000034375        77086
323.750 -0.009362577           57  0.000490983          169 -0.047342139           42  0.000159809        77608
326.250 -0.039425515           58 -0.001770443          172  0.047743376           58  0.000099670        77871
328.750  0.037846651           57  0.007149254          167  0.001970696           48 -0.000991083        78458
331.250  0.076831024           45  0.041764356          162 -0.047670835           48 -0.001166834        79220
333.750 -0.124327142           59 -0.007598209          175 -0.024260665           53  0.000556043        79221
336.250  0.098692864           56  0.005105490          157 -0.033744601           30 -0.000692952        78829
338.750 -0.030001979           55  0.000585277          159  0.051818388           55 -0.000788262        80001
341.250  0.006123282           59  0.015318724          165 -0.006720380           50  0.000848600        80079
343.750 -0.023701611           62 -0.026899025          158 -0.034816228           58  0.001433981        80660
346.250  0.025828678           51  0.027577085          175 -0.030584328           40 -0.001584861        80726
348.750  0.017709509           54 -0.009773580          172 -0.030132518           46 -0.000239492        81368
351.250 -0.023747110           60 -0.017963318          147 -0.007270601           38  0.001365732        81734
353.750 -0.024540734           42 -0.012352738          161  0.027919284           39  0.001080290        81862
356.250  0.016374997           59  0.027560828          132 -0.002505576           45  0.000506088        81369
358.750 -0.064736094           65 -0.005269445          132 -0.048025887           44  0.000163686        82546
361.250 -0.013791674           54  0.011434052          146  0.005418843           44 -0.001127650        82245
363.750 -0.040406585           52  0.005436001          171  0.015163728           35  0.000419696        82922
366.250  0.050773349           54  0.007841199          143 -0.040915461           41 -0.000202834        82968
368.750  0.009825127           45 -0.000826111          166 -0.013467623           26 -0.000245385        83345
371.250 -0.023622217           53  0.013521989          136  0.060847271           35 -0.000931809        83798
373.750  0.054460872           46  0.003262076          124 -0.037421011           44  0.000571908        83165
376.250 -0.035753979           49 -0.010198687          153 -0.057759259           35 -0.000192017        84377
378.750  0.038135475           43  0.055472467          138 -0.035694036           39 -0.001117019        83337
381.250  0.032683860           48 -0.005219703          141 -0.034931775           42 -0.000265375        84233
383.750  0.036815190           40 -0.002154161          133  0.032103668           28 -0.000306519        84518
386.250 -0.048115797           46 -0.041808096          122  0.004460965           26 -0.000612598        84650
388.750  0.027516613           53  0.011214558          160  0.060999446           30 -0.002151307        85021
391.250 -0.001013107           53  0.023112748          123 -0.068755615           32 -0.000284391        85267
393.750 -0.036289593           46  0.010365505          145  0.014073622           21  0.000553866        85229
396.250 -0.054107040           54 -0.009542168          155  0.030756455           23  0.000865147        85230
398.750 -0.013093209           50 -0.018305252          141  0.028105102           25  0.000733345        85322
401.250  0.026431248           58  0.024716778          124  0.113341917           23 -0.000359468        85755
403.750 -0.080698154           45  0.006167810          139 -0.040723228           37  0.000493603        85525
406.250  0.046835139           53 -0.004093538          117  0.060327286           24  0.001042058        85771
408.750  0.118005145           46 -0.008507295          123  0.006381136           26 -0.000917402        85895
411.250  0.037876001           40 -0.048675144          100  0.011252680           30  0.000985790        86053
413.750 -0.019121168           39  0.022160740          119  0.098719269           32  0.001292039        85404
416.250 -0.044456028           46  0.003179387          113  0.010581562           24  0.001838134        85824
418.750  0.021817257           41  0.011170924           98 -0.010778706           31 -0.000267824        86073
421.250 -0.057720233           35  0.041016124          114 -0.001812594           22  0.000411933        86031
423.750  0.021973597           51  0.023716901           97 -0.026939893           21  0.000958610        86622
426.250  0.013231697           57  0.008288143          111 -0.066106300           23 -0.000921152        86580
428.750  0.040884623           42  0.035375013          100  0.021116927           24 -0.000294263        86427
431.250 -0.010693688           50  0.017187595          117  0.075155937           27 -0.000222911        86328
433.750 -0.008770805           28  0.016336542          105  0.182438013           16 -0.000599966        86116
436.250 -0.030557529           58  0.016369289          116 -0.091982667           17 -0.000879687        85605
438.750 -0.039339544           57 -0.049510759          100 -0.073643902           21  0.002388050        86114
441.250  0.055715561           51  0.000542313          122 -0.022197378           17  0.001169452        86557
443.750 -0.058941595           44  0.031229795           91  0.052756086           24 -0.000280504        85822
446.250 -0.060243237           37  0.030909488           95 -0.022657314           22  0.000755245        86301
448.750  0.008637425           59  0.027364180           96 -0.062911566           18 -0.001690972        86396
451.250 -0.002008334           59  0.007944929          115  0.080581781           27  0.001064780        86347
453.750  0.028432574           65  0.013754766          104 -0.000906544           14 -0.000838501        86004
456.250 -0.046212018           35 -0.006138237          121 -0.033461264           20 -0.000095652        85919
458.750  0.011938367           47  0.011071081           73  0.157662373           16 -0.000069171        85323
461.250  0.018765180           50  0.020788085          105  0.016658259           23 -0.000480230        85769
463.750 -0.132232442           39  0.008113741           76  0.123382742           14 -0.001251272        85643
466.250 -0.035258559           51  0.019797667           70  0.011531073           23  0.000349535        85916
468.750 -0.044239346           50  0.034693360          103  0.024190221           19  0.001669168        85426
471.250 -0.065723471           55 -0.029522737           94  0.048676060           18  0.000518035        85207
473.750  0.061635170           38 -0.003173950          106 -0.028710836           16 -0.000365622        85281
476.250 -0.008437101           42 -0.005897437           85 -0.167273119           24 -0.000477027        85257
478.750 -0.094625422           51  0.035870469           85 -0.077181076           13 -0.000170479        84706
481.250  0.005016037           55  0.021425953           79  0.075476359           16 -0.001221623        85223
483.750  0.042656955           52 -0.025505248           92 -0.006469145           16 -0.000279170        84952
486.250  0.011514516           51  0.005450966           76 -0.100534603           14 -0.000631808        84564
488.750  0.034292946           43 -0.028967069          102  0.035240437           17 -0.000763255        84530
491.250 -0.027731908           40 -0.036183176           79 -0.043219389           21  0.000616711        84398
493.750 -0.055721118           54 -0.000651403           79 -0.008030867           20 -0.000370279        84312
496.250  0.030932968           37  0.005347573           76 -0.242669185            9  0.000919126        84014
498.750  0.079990890           28 -0.026765861           67  0.167743215           11  0.002218145        83670
