#   q     Cout       Nout      Cside       Nside       Clong        Nlong
  1.250  0.013925465          263  0.007051674          255 -0.002567340          251 -0.650936042            7
  3.750  0.047134757          251  0.075579533          294  0.068197396          288 -0.280325536           42
  6.250  0.107260327          249  0.084138974          219  0.083896346          233 -0.077427149          102
  8.750  0.095178847          242  0.106186313          236  0.094016340          252  0.033599546          210
 11.250  0.115003126          265  0.141543944          232  0.149366266          237  0.121876528          309
 13.750  0.104288250          236  0.073996367          270  0.092595753          245  0.115516721          454
 16.250  0.091043975          257  0.090979566          247  0.119166456          217  0.090369339          631
 18.750  0.043161755          261  0.030142789          243  0.066233905          264  0.089757943          820
 21.250  0.049130732          235  0.074524899          263  0.041515832          255  0.064778131         1125
 23.750  0.093928890          237  0.090045970          248  0.012825204          235  0.030445214         1320
 26.250  0.025560173          224  0.028132942          231  0.096326088          246  0.048846849         1591
 28.750  0.003018678          237 -0.009242496          270  0.060300325          255  0.046426817         1942
 31.250  0.047454924          258  0.042414810          256  0.021941779          227  0.028344978         2241
 33.750  0.046195621          243 -0.004713129          237  0.045488531          248  0.005781620         2536
 36.250  0.009491342          213 -0.063081028          218 -0.034152605          229  0.004335166         2934
 38.750 -0.009199438          208  0.007284622          214  0.043563221          234  0.002986154         3172
 41.250 -0.027087506          215 -0.000876727          236  0.055377888          207 -0.011233204         3640
 43.750  0.004778888          194 -0.013149652          245  0.045000084          217  0.004574549         4167
 46.250 -0.001962330          224 -0.022126640          227 -0.007626851          208 -0.021369745         4569
 48.750 -0.026359729          208 -0.010936506          211 -0.053291401          231 -0.002677435         5165
 51.250 -0.006311747          203  0.009715253          213 -0.079980190          238 -0.012037319         5588
 53.750 -0.027290173          200  0.031472093          251  0.005127555          233 -0.010945144         6136
 56.250 -0.057337962          195 -0.043521840          261 -0.000246025          238 -0.001121383         6503
 58.750  0.014733119          193  0.015297746          247  0.054988743          207 -0.009220750         7093
 61.250 -0.054206529          186  0.041616710          245  0.059110353          219  0.006941297         7721
 63.750  0.002899633          188 -0.092003711          235  0.033909489          216  0.004160835         8304
 66.250  0.015832792          205 -0.009075507          243  0.056140840          209  0.001125643         8875
 68.750  0.021508300          191 -0.027420935          255  0.001763614          177 -0.003948393         9484
 71.250 -0.013311711          185 -0.034348350          231 -0.062172239          208 -0.007258929        10093
 73.750 -0.007980923          187 -0.035087349          241  0.009517720          199  0.004362741        10525
 76.250 -0.017660451          191  0.024571873          233  0.004420810          202 -0.005932239        11219
 78.750 -0.065456752          186  0.022867402          259 -0.088710142          189  0.000641218        11856
 81.250  0.033740901          185  0.034750513          229  0.063140253          187 -0.009065204        12743
 83.750 -0.046811080          197  0.063897968          253  0.010537519          199  0.001652524        13288
 86.250 -0.046730066          177  0.004618291          258 -0.040581001          186 -0.001819804        14154
 88.750  0.012072029          181 -0.014606098          255  0.002313640          209 -0.001977806        14703
 91.250 -0.019446955          158  0.010277877          216 -0.009614192          175 -0.002764365        15443
 93.750  0.025796788          165 -0.023204416          242  0.000515859          184 -0.000740907        15720
 96.250 -0.032633990          168 -0.002481381          240 -0.009694913          204 -0.001100165        16892
 98.750 -0.051867426          150 -0.012899289          252 -0.059585056          185 -0.002954881        17596
101.250 -0.072420879          157 -0.040974246          247  0.006512984          183  0.000308098        18541
103.750  0.100686683          188  0.001522037          246  0.044805128          174  0.001378545        18928
106.250  0.055740395          184  0.011777925          269  0.031680469          182 -0.006882641        19885
108.750  0.065730169          135 -0.044932483          223 -0.025255104          181  0.000084931        20582
111.250 -0.000513581          160  0.003295774          277  0.022429006          188  0.006104879        21358
113.750 -0.033274430          143 -0.011599340          249  0.012109999          168 -0.006244441        21964
116.250  0.053205027          163  0.001065867          270  0.005459075          175 -0.006888609        22770
118.750  0.036295887          169 -0.031020493          222 -0.041933738          167 -0.001965255        23407
121.250  0.036020848          141 -0.053791843          264 -0.020827793          162  0.001193347        24517
123.750 -0.002090771          142  0.015938314          249  0.010989626          159 -0.003392076        25159
126.250 -0.061950476          131  0.019732894          243  0.032319652          173 -0.000251671        25816
128.750  0.022601420          130 -0.044421741          236  0.019311243          163 -0.005528540        26591
131.250  0.007773580          140  0.010603405          221 -0.024163594          194  0.001039005        27561
133.750 -0.043961264          165  0.012940396          264  0.010568012          170 -0.000048518        28368
136.250 -0.061196681          142 -0.004026830          229 -0.044554716          163 -0.000278568        29072
138.750 -0.031521838          144  0.032426221          240  0.017113950          164  0.000361953        29934
141.250 -0.086208598          136  0.066593154          254 -0.019665447          142  0.000746813        30899
143.750  0.001192268          133  0.011026088          229  0.017439657          156  0.000237190        31293
146.250  0.030848098          122 -0.006037603          230 -0.044915992          155 -0.003526317        32353
148.750 -0.048146745          121 -0.032989966          266 -0.060216458          175  0.001449994        33020
151.250 -0.068882236          125  0.008611266          241  0.031174428          160  0.002537757        33787
153.750 -0.023473144          138  0.007856122          265 -0.009636373          155 -0.003703642        34410
156.250 -0.072145821          125 -0.025967171          212 -0.002889305          121 -0.000903827        35108
158.750  0.025081047          142  0.017426182          285  0.000480511          138  0.001521473        35918
161.250  0.073603133          117 -0.043814173          237  0.024872038          147 -0.000600303        37282
163.750 -0.051578726          126  0.022116863          244  0.005193522          160 -0.000748149        37572
166.250  0.036324556          106  0.006112714          233  0.045818963          108  0.002637111        38509
168.750 -0.022328197          119 -0.012645066          225  0.035674562          141 -0.003656763        38656
171.250 -0.023182285          117  0.037590292          216 -0.014092405          149  0.000738075        39650
173.750 -0.139397776          115  0.012750821          260 -0.030966611          146 -0.000485329        40485
176.250  0.149358871          103 -0.008348187          250  0.004592262          111 -0.000307771        41303
178.750 -0.001428573          130  0.011691021          217 -0.017866119          124 -0.001064721        42082
181.250  0.020999937          102 -0.004348484          257 -0.026504968          117 -0.000852106        42992
183.750 -0.048225221           90  0.038357258          274  0.049940234          103  0.002219633        43751
186.250  0.050069394          109  0.020894328          236 -0.007897636          107  0.000945971        44527
188.750 -0.070594664          101 -0.005881934          237  0.011759710          143  0.000101174        45065
191.250 -0.030020212           93 -0.012516131          237 -0.038260886          119 -0.001186545        45957
193.750 -0.003534503           83  0.015425483          263 -0.007023529          112  0.000127590        46611
196.250  0.007625815           85  0.007035056          233 -0.031327985          105  0.000996252        47351
198.750  0.030322261           97 -0.014580750          224 -0.024174804          133  0.001254415        48042
201.250 -0.081792438           81 -0.050755043          250  0.005494042          121 -0.000698848        48829
203.750 -0.014527188           88  0.042921851          257  0.014285363          102  0.000228759        49321
206.250  0.024148864           91 -0.017215712          249  0.040970967           90  0.002169139        50275
208.750 -0.029307934           93 -0.018417471          247 -0.025116888          123  0.001304937        51080
211.250 -0.011422653          102 -0.018414328          225 -0.024211406          102  0.001547768        51954
213.750  0.042188397           93 -0.000437939          241 -0.009351143          132 -0.002026750        52335
216.250  0.065588543           84 -0.000604560          216  0.006882898           91  0.000833018        52876
218.750 -0.038876114           83 -0.021628302          211 -0.042486656          104 -0.000052224        53386
221.250  0.055959058           99 -0.010777139          228 -0.035317699          107  0.000312155        54606
223.750 -0.020572652           73 -0.011118383          196  0.053024743          105 -0.001612876        55257
226.250 -0.054762306           75 -0.005314721          224  0.008405188           80  0.001059269        55983
228.750 -0.007897150           89 -0.009670544          204  0.012956605           80  0.000251710        56352
231.250  0.102201389           75 -0.033226979          229  0.012037790          105  0.000250345        57038
233.750 -0.030743099           74  0.020268493          216 -0.006765468           99  0.000565483        58184
236.250  0.024547642           70  0.015667824          236  0.045614611           89 -0.000157127        58552
238.750  0.021827051           94  0.001957975          238 -0.038297145           71 -0.000851402        59259
241.250 -0.014504870           78  0.011374288          245  0.008608552           90 -0.000398535        60211
243.750 -0.084383209           72  0.014204218          254 -0.019936432           80 -0.000060019        60676
246.250  0.049698204           72  0.009319610          213 -0.039429099           84 -0.001972639        61779
248.750 -0.020496204           68  0.006736874          231  0.021246410           77 -0.000741809        61881
251.250  0.023418186           79  0.004933310          208  0.004827788           76 -0.000300564        61992
253.750 -0.083763013           69  0.018693295          227 -0.006859788           69 -0.001050443        63189
256.250  0.009654955           72  0.003529721          206  0.073620178           73  0.002039007        63770
258.750  0.001592924           54  0.009195851          210  0.048791332           71 -0.001033289        63903
261.250 -0.016282011           80  0.043703116          201  0.067807230           88  0.000332706        65063
263.750 -0.017990704           65 -0.001048392          209  0.031261983           79  0.001212767        65745
266.250 -0.059871783           67 -0.023979924          223 -0.026497286           85  0.000596545        65788
268.750  0.018052650           67  0.009968473          210  0.048649894           74  0.001074004        66945
271.250  0.044296357           44 -0.002884328          225 -0.012352713           57 -0.000985013        67172
273.750  0.011930354           53 -0.009327414          204 -0.038880109           64 -0.001786486        68197
276.250  0.057891265           56 -0.006811717          217 -0.057763154           60 -0.001589872        68319
278.750 -0.041491003           65  0.011332106          207  0.037863239           76 -0.001150042        69075
281.250  0.039777670           72 -0.018023525          215 -0.009493948           71 -0.001999291        69143
283.750  0.022923570           64 -0.026913034          193  0.081522448           71  0.001057447        69969
286.250  0.012536266           71  0.014114503          199 -0.023017166           68  0.000121361        70472
288.750  0.052550655           58 -0.000241629          211 -0.094642582           63 -0.000422713        71101
291.250 -0.002850504           51  0.050997893          181  0.031791897           65 -0.001342566        71302
293.750 -0.004101088           48 -0.010471730          202 -0.071906330           63  0.002153041        72517
296.250  0.056987034           67 -0.006107724          198 -0.008413492           65  0.000435073        72393
298.750  0.073152347           53  0.016548212          177  0.127284275           62  0.001435084        73127
301.250 -0.002660145           52 -0.006967667          203 -0.035907847           51 -0.001402933        73878
303.750 -0.007043027           56  0.023788344          172 -0.035881358           49 -0.001476166        74411
306.250  0.011656742           48  0.009797213          193 -0.025865029           55 -0.000785767        74877
308.750  0.079379980           53  0.026018978          200 -0.008887432           55  0.000054042        75048
311.250  0.095211242           70  0.033731412          173 -0.012800505           62 -0.001203599        75466
313.750 -0.032349980           53  0.015580983          156  0.079052615           72 -0.000621426        75541
316.250  0.063678806           60  0.026496452          182 -0.020612887           53 -0.000495130        76505
318.750 -0.009997392           74  0.026254598          198  0.023858859           40  0.000567508        76916
321.250 -0.024718903           52 -0.034157928          177 -0.084979130           54  0.000027064        77609
323.750 -0.001505004           52  0.031274172          168  0.026323817           42 -0.000189515        77694
326.250  0.080947512           58  0.011926821          173  0.059777426           45  0.000076998        77830
328.750 -0.008479212           58 -0.015426258          192  0.014834887           51 -0.000608505        78271
331.250  0.007434686           40  0.024023987          171  0.077619818           43 -0.001344360        78929
333.750  0.042155445           57  0.024624542          170 -0.048817658           49  0.000598102        78866
336.250  0.042530935           43 -0.003068013          159  0.063691667           54 -0.000624179        79544
338.750  0.091379650           48 -0.034569872          172  0.034785392           52  0.000092382        79660
341.250  0.001143490           63 -0.011396733          164  0.073766308           55  0.000073067        80324
343.750 -0.056986579           61  0.022685423          159  0.076242900           40  0.001336042        80572
346.250  0.003614795           72  0.008944797          136  0.002975244           37  0.001385760        81092
348.750  0.002223330           66  0.011797465          152 -0.011207996           46 -0.002381604        81106
351.250 -0.008840521           61  0.007654644          152  0.045527878           38  0.000300445        81644
353.750  0.002203193           53 -0.003040860          158  0.026429887           35 -0.000397518        81919
356.250  0.054787556           46 -0.007060965          158  0.010929333           54 -0.000179846        82106
358.750  0.055971128           37  0.014565939          151 -0.096664531           43 -0.002455923        82359
361.250 -0.024087562           59  0.010935704          147  0.021892758           37 -0.000543058        82698
363.750  0.026689936           65 -0.008146599          146 -0.041763798           38  0.000834587        82797
366.250 -0.035704836           57  0.061564141          167 -0.038718537           35  0.000072286        83217
368.750  0.004251696           48  0.001798526          165  0.058046948           38 -0.001040546        82713
371.250  0.069485631           42  0.041797042          159  0.022904019           43 -0.000549925        83605
373.750 -0.007136645           58 -0.018354914          126  0.003216110           41 -0.000153797        83232
376.250 -0.003664943           48  0.031546215          130  0.016771612           30 -0.000130668        84115
378.750  0.070197398           51  0.044563457          143  0.017824179           37 -0.000186449        84445
381.250  0.003808487           52  0.006704030          124 -0.080250613           21 -0.002319344        84722
383.750  0.017693029           65 -0.010079110          143 -0.015080382           36 -0.001821861        84395
386.250 -0.003719119           44  0.029064497          134 -0.032603456           28 -0.000982954        84931
388.750 -0.016989682           48 -0.009723682          121  0.001449505           41 -0.000742447        84648
391.250  0.014538709           67 -0.015730935          129  0.071901776           29 -0.000385218        85222
393.750  0.012474943           50  0.008533886          125 -0.025633211           27 -0.000882932        85389
396.250  0.028675819           52  0.012163076          131  0.022815923           27 -0.000040700        85261
398.750  0.014268826           59 -0.025705478          122 -0.005200129           36  0.000156263        85922
401.250  0.013951907           43  0.037159969          116  0.041019565           31  0.000375602        85379
403.750 -0.041896859           43 -0.032293272          143  0.083537480           30 -0.003285552        85323
406.250  0.064675847           67 -0.006215755          125  0.005562203           32 -0.000805801        85390
408.750  0.003622949           38  0.040756270          113 -0.044885623           27  0.001374811        85387
411.250  0.062312635           45 -0.042831239          111 -0.003243495           29  0.000744200        85912
413.750 -0.092093954           39  0.000969156          106 -0.012406746           18  0.000277582        85815
416.250  0.022474727           49 -0.017098654          115 -0.043632307           27 -0.000527246        85931
418.750  0.064390004           56  0.013378966          110 -0.015499308           21 -0.000406474        86446
421.250 -0.044428877           42  0.010557353           75  0.082729436           16 -0.000141121        86237
423.750  0.019854078           51  0.024123866          104  0.086250711           26  0.001605592        85966
426.250  0.044491220           39  0.014469227          101 -0.088518095           22  0.000429590        86645
428.750 -0.033898448           39 -0.016701268          114  0.046626522           27  0.001733157        86329
431.250  0.052534136           47 -0.072729108           99  0.024869667           17  0.000752906        86762
433.750  0.031956477           55 -0.039189296           96 -0.026806719           19 -0.000709428        86173
436.250  0.074538303           46 -0.033925331          110  0.059880185           23  0.000010315        86563
438.750 -0.130244200           41  0.003957617          113  0.026153295           28 -0.001222122        86702
441.250  0.030182094           47  0.019089489          105 -0.026413705           20  0.000309430        86288
443.750 -0.024320612           50  0.007605808           94 -0.014172637           24 -0.001297789        86131
446.250  0.027428614           35  0.013810686           98  0.087469811           22  0.000599000        86159
448.750 -0.034084548           48  0.005568672           99  0.030177911           26 -0.000095947        85970
451.250 -0.007095837           64  0.023654196          107  0.008592629           21 -0.001493732        85712
453.750 -0.016789229           55  0.027437787           92  0.024046485           13  0.000594086        86119
456.250  0.000692813           34  0.019597847           92  0.055095488           20  0.000936498        85934
458.750  0.014941633           53  0.003076965           93  0.129491248           17 -0.001159499        85747
461.250  0.055775701           57 -0.040515543          109 -0.127835716           17 -0.000533306        86028
463.750  0.010456939           44 -0.019024462          102 -0.129939012           22  0.001199059        86003
466.250 -0.052959248           55  0.014973140          100 -0.017257753           18 -0.001038689        85899
468.750 -0.032165694           46 -0.061613426           87  0.144255238           13  0.000716001        84958
471.250  0.027784346           32 -0.000957441           75  0.066043096           19 -0.000660004        85009
473.750  0.009518270           33 -0.000499400           80  0.066157318           15  0.002208441        85354
476.250  0.059534832           51  0.078540048           72 -0.040856753           21 -0.000530941        85154
478.750  0.054592048           42 -0.051101629           71  0.023804049           17 -0.000355059        85014
481.250 -0.051192653           41  0.055246070           88 -0.088079705           16  0.000492072        84651
483.750 -0.034254336           53  0.011413138           91 -0.093710169           14  0.002294987        84450
486.250  0.019125168           45 -0.023497674           85  0.044939487           15 -0.000942637        84295
488.750  0.057200138           39 -0.067627088           65 -0.008991597           16  0.000601662        84531
491.250 -0.062194808           40  0.019041050           82 -0.028974319           18 -0.000137836        84318
493.750 -0.033315823           32  0.003654923           98 -0.155947347           14 -0.001851040        84079
496.250 -0.033379588           43 -0.052040452           96  0.032814072           14  0.000072751        83698
498.750 -0.143525461           30  0.056189800           70  0.251609723           13  0.001621695        83223
