#   q     Cout       Nout      Cside       Nside       Clong        Nlong
  1.250  0.069048140          246  0.001991904          249  0.018944757          238 -0.208478704            4
  3.750  0.039211992          254  0.028885351          243  0.042134644          285 -0.364571709           38
  6.250  0.090177126          285  0.100945337          261  0.091435816          233 -0.063293201           95
  8.750  0.115574703          249  0.105943057          233  0.096220791          265  0.043399639          199
 11.250  0.111029236          211  0.125474961          282  0.131842386          229  0.089496328          314
 13.750  0.069890696          258  0.123203021          235  0.116091115          253  0.112824432          450
 16.250  0.081810032          242  0.130744168          224  0.109890787          265  0.123342064          599
 18.750  0.080146878          266  0.159823514          238  0.128294039          223  0.101948102          857
 21.250 -0.021688114          248  0.051666564          257  0.101393095          238  0.074379935         1058
 23.750  0.084123230          238  0.061185235          248  0.032430681          237  0.044740517         1302
 26.250  0.045044303          218  0.097403249          232  0.038391687          224  0.042575464         1553
 28.750  0.028324648          228  0.037509390          273  0.070462384          238  0.026176945         1870
 31.250 -0.000885239          217  0.008726403          239  0.056897565          226  0.006078514         2120
 33.750 -0.048090663          219  0.041185608          233 -0.010005101          215  0.010468798         2496
 36.250 -0.046267634          198  0.026266064          224 -0.045349144          237  0.008563206         2989
 38.750  0.040133267          214  0.083589201          245 -0.019832144          215 -0.006933540         3218
 41.250  0.036970268          208  0.000316511          258  0.008729118          218  0.000884649         3784
 43.750 -0.031693335          230 -0.010238692          262 -0.019981737          237 -0.007756189         4032
 46.250 -0.043466428          201 -0.009523990          230  0.000868792          224  0.004807709         4590
 48.750 -0.038565715          230 -0.011219890          219 -0.015998698          232 -0.008547008         5022
 51.250 -0.036555394          234 -0.069554341          240  0.016585730          197 -0.006208011         5527
 53.750 -0.063731596          229 -0.027159279          240  0.008677891          203 -0.011697973         6027
 56.250 -0.032130151          193 -0.047122018          240 -0.076791651          235 -0.001289913         6647
 58.750 -0.057858405          204  0.019377330          239 -0.028724135          215 -0.002421457         7126
 61.250 -0.057209296          203 -0.047057096          237 -0.073197419          209 -0.006876017         7653
 63.750 -0.016677914          163 -0.028064213          238 -0.013423907          220 -0.002963246         8361
 66.250 -0.026287718          180 -0.007345697          261 -0.024979166          218 -0.007303584         8741
 68.750 -0.014738329          194  0.014684124          282 -0.041486511          189  0.000554879         9421
 71.250 -0.009381999          188  0.042259469          245 -0.039131026          215 -0.003698161        10094
 73.750  0.006918279          198  0.086384291          252 -0.025536375          198 -0.009451272        10678
 76.250 -0.019894611          195 -0.038685363          263 -0.064647799          209  0.000517301        11375
 78.750  0.015578154          176  0.014327506          261 -0.019313950          205 -0.010993645        12067
 81.250  0.022559723          181 -0.012341675          256 -0.033558315          196 -0.000155148        12760
 83.750  0.031333308          179 -0.042917915          242  0.001732769          193 -0.007137043        13331
 86.250 -0.019215220          160 -0.015105635          219 -0.021273113          180 -0.000099675        14230
 88.750  0.003708268          169  0.004408708          276  0.101808161          182 -0.005843747        14740
 91.250  0.003429457          170 -0.024103495          254  0.088319971          192 -0.001150862        15429
 93.750 -0.030126336          185  0.007808751          251  0.021277766          200 -0.006112321        16185
 96.250  0.012982080          155 -0.030479886          268  0.031835609          195  0.002698632        16854
 98.750 -0.085409337          167  0.057672169          239  0.009640527          176  0.000195398        17752
101.250  0.049620288          160 -0.029875908          217  0.001581957          158 -0.002445973        18458
103.750 -0.091715645          159  0.016900785          284  0.119729900          158  0.002682441        18802
106.250 -0.058690214          176 -0.005036950          246  0.081539306          183  0.003474213        20024
108.750 -0.016631877          160  0.003113249          257 -0.003461091          173 -0.002189920        20555
111.250 -0.014189938          124  0.012387538          240 -0.009574739          174  0.000330886        21248
113.750  0.074239364          146  0.001314782          259  0.055486656          151 -0.000925520        22391
116.250  0.026544459          162 -0.028871907          255 -0.036924137          174 -0.004807524        22773
118.750  0.007905289          142 -0.006286130          221 -0.012974486          201  0.000093386        23438
121.250  0.055719799          136  0.060005840          246  0.013200875          171 -0.001787316        24339
123.750 -0.041131378          155 -0.022209891          243  0.045356555          185  0.004962043        25067
126.250  0.019304091          126  0.018340169          285  0.033281716          178 -0.003388473        26046
128.750 -0.003386570          168 -0.009106537          241 -0.029529219          169  0.001635532        26553
131.250 -0.013850836          160 -0.017306692          263 -0.013075311          164  0.001678253        27292
133.750 -0.027761032          141 -0.025192992          227  0.017725203          150 -0.005291595        28243
136.250  0.012770970          135 -0.030347672          244  0.047681597          148  0.001936165        29405
138.750  0.076746111          125 -0.007965513          263 -0.014238495          141  0.002574303        30127
141.250  0.019079758          136  0.040344876          243  0.019357048          164 -0.002454170        30483
143.750 -0.035389946          107  0.022228911          260 -0.052522377          134  0.000551149        31528
146.250 -0.036811146          134 -0.002027007          228  0.060499545          166 -0.000198601        32184
148.750  0.026312072          102  0.061447648          237  0.010818411          136 -0.000862225        32911
151.250 -0.009159041          136 -0.013725578          253  0.033973560          136  0.001136953        33922
153.750 -0.060090163          129 -0.015341794          223 -0.060412514          130 -0.000815055        34224
156.250  0.102991447          121 -0.008795768          212  0.020241092          145 -0.002714635        35397
158.750 -0.010231118          137  0.008067465          270 -0.027427170          141  0.002238271        36136
161.250  0.016557270          142  0.032029989          244 -0.012933245          128 -0.000421885        36917
163.750 -0.037384055          123 -0.022859756          233  0.009101007          133  0.001286452        37587
166.250 -0.051657694          142  0.009110929          284  0.062452309          141 -0.003438917        38804
168.750 -0.053346046          119  0.019290756          246  0.014027207          142  0.000165515        39154
171.250  0.077497334          119  0.018119730          268  0.003289495          143 -0.002426770        39981
173.750 -0.020940595           87 -0.005578001          235  0.010656839          150  0.003368634        40919
176.250 -0.029526292          125 -0.015633625          232 -0.012672840          136  0.002378232        41247
178.750 -0.007547457          104 -0.007238984          193 -0.050081135          124 -0.003211111        41914
181.250 -0.048061374          122 -0.014892916          245  0.013091867          115 -0.001031654        42894
183.750  0.003465936          102  0.015030004          229 -0.010703945          114  0.000851940        43799
186.250 -0.046053039          104  0.010936737          242 -0.057067346          112 -0.001035739        43984
188.750 -0.034392083          118 -0.027244685          237  0.035419380          129 -0.002055456        44920
191.250 -0.068478344          105  0.002530573          225  0.033025103          144 -0.001320632        45875
193.750  0.058314648           99  0.017879251          224  0.018096522          104 -0.000472408        46629
196.250  0.080279252          115 -0.017631708          271 -0.040982605          110 -0.000544799        47385
198.750  0.054162305           92  0.011363928          237  0.055403962          117 -0.000508494        48139
201.250  0.014548235           81  0.010475174          248 -0.011798573          111 -0.000012928        48857
203.750 -0.035376338           99 -0.004245070          244 -0.033847080          104  0.000144732        49702
206.250 -0.026459669           87 -0.005078690          236  0.027447562          120 -0.000431755        50468
208.750 -0.001615374           86 -0.018384943          214  0.026764027          118 -0.000696508        50773
211.250 -0.038511445           93  0.019904685          238  0.000731104          124  0.001135552        51466
213.750  0.079402084           80 -0.006721641          252 -0.058261563          101 -0.000167303        52342
216.250  0.017735095           81 -0.028552510          249  0.007594270           96  0.001466288        53360
218.750  0.062106128           86  0.043616216          224 -0.003768818          102  0.000227419        54164
221.250 -0.016146867           76  0.011168044          237 -0.032001595          102  0.000416048        54548
223.750 -0.035240132           75  0.024190881          251 -0.000394120           97  0.001692521        54932
226.250 -0.032935847          103  0.028324339          242 -0.009152507           86 -0.000684509        55932
228.750  0.013794891           91 -0.015233927          225  0.032614340          101 -0.004204309        56762
231.250  0.017590182           87  0.041363387          236  0.038851112           89 -0.000579382        57238
233.750  0.004489156           77  0.021666032          237  0.055906578           93  0.000930081        57822
236.250  0.067395850           77 -0.000383229          211 -0.041071109           98 -0.000032368        59002
238.750 -0.017571253           77  0.023405421          220 -0.024471691           90  0.000551115        59256
241.250  0.032319305           74 -0.015872581          248 -0.007826514           82  0.000516113        60050
243.750  0.063209529           76 -0.027360385          232  0.027266076          101  0.000486482        60453
246.250 -0.028729426           67 -0.018246328          247 -0.104056222           81 -0.001465301        61175
248.750  0.032010602           92  0.033747761          193 -0.027449019           98 -0.000262653        62201
251.250 -0.017956988           62 -0.017553516          205 -0.028750671           89  0.002093546        63097
253.750 -0.049428626           74 -0.000175369          198  0.010255859           92  0.000981243        63423
256.250  0.037332681           72 -0.017575746          254 -0.033655367           74 -0.002842048        63407
258.750 -0.046674395           63  0.004364924          228  0.029384901           76  0.000328377        64329
261.250  0.076692511           62 -0.030264356          231  0.007021321           79 -0.000967789        64825
263.750 -0.042952844           64 -0.004788418          231  0.018047262           75  0.000851540        65309
266.250  0.118050065           58 -0.034252148          196 -0.088354822           70 -0.000865643        65989
268.750  0.124845343           59 -0.043862495          221  0.025291898           74  0.000562775        66455
271.250  0.048560728           70 -0.005381325          228 -0.038693534           78 -0.000105338        67099
273.750 -0.041814086           61 -0.011015759          207 -0.037187167           83 -0.000884842        67989
276.250  0.095859256           49  0.036515423          204 -0.060912389           77 -0.000705134        68466
278.750 -0.017201971           77 -0.000537245          225  0.041467905           74  0.000044448        69435
281.250  0.125477708           52 -0.026659958          220 -0.037747228           72 -0.001982631        69863
283.750  0.046639966           61 -0.030045002          179  0.039918792           70 -0.000108375        69899
286.250 -0.037896755           54 -0.014311790          190  0.060260179           65  0.001179171        70874
288.750 -0.052305612           53  0.006293236          191  0.069904930           62  0.001482164        71197
291.250  0.002464860           45  0.042073274          184 -0.026524015           51 -0.000189175        71482
293.750 -0.019731285           65  0.011412400          223 -0.040330503           86 -0.001068961        71793
296.250  0.033942566           56 -0.010771777          194 -0.025615211           73  0.000167573        73020
298.750 -0.061505698           51 -0.003664596          199 -0.048832174           61 -0.001394404        73325
301.250  0.001615418           46 -0.024832798          190  0.016102964           60  0.002040080        73833
303.750  0.013587892           64  0.004772423          174 -0.013190776           52  0.000463301        74584
306.250 -0.053332258           54  0.016612059          201 -0.021878092           66  0.002276219        74889
308.750 -0.023139709           62  0.014577524          223  0.022226488           80  0.001019481        74834
311.250  0.054371950           65 -0.018258941          186  0.101667524           47 -0.002155695        75259
313.750  0.072094858           71  0.016016306          192 -0.004487387           52 -0.000406559        76165
316.250  0.036384395           52  0.001186050          195 -0.040008675           59  0.000713704        76271
318.750 -0.071547460           63 -0.011432272          212 -0.024890591           61  0.000362798        76610
321.250 -0.015188491           63 -0.019788070          202 -0.058500606           46  0.001015733        77056
323.750  0.039253071           65 -0.000717550          175  0.002245560           56  0.001084892        77973
326.250  0.006325826           71  0.029388132          200 -0.017344450           55  0.000070579        78213
328.750  0.026911934           50 -0.009138224          164 -0.083522523           36 -0.001546428        78262
331.250 -0.013714217           38  0.032343393          161 -0.020403065           42  0.001559521        78682
333.750 -0.031804810           51 -0.072200787          148 -0.072650614           38  0.001227841        78898
336.250  0.045463751           47 -0.012636713          143 -0.064614680           58  0.002490851        79933
338.750  0.099990206           45  0.000853884          146  0.042005672           46 -0.001461991        79949
341.250  0.041632738           49 -0.002644519          184 -0.045333640           30 -0.000221012        80093
343.750  0.059761140           51 -0.006409555          187 -0.022179400           30 -0.000212682        80173
346.250 -0.079215732           53  0.000194725          146 -0.043178105           58 -0.000671910        81256
348.750  0.065026103           45 -0.038573424          167  0.112010368           43  0.000808009        81119
351.250  0.069623999           49 -0.011721860          156  0.055705839           39 -0.001853112        81568
353.750 -0.013372038           64  0.024689990          152  0.022123339           39  0.001518186        81826
356.250  0.048031601           62  0.040768401          133  0.009751915           41 -0.000070504        81981
358.750  0.000521121           60  0.009344751          168  0.019953174           54 -0.000292669        82733
361.250 -0.022551174           64  0.027820332          141  0.013912554           34  0.001587110        82751
363.750  0.056116654           57 -0.010615069          156 -0.013530332           49  0.000343736        82680
366.250 -0.036293254           44 -0.017407235          175  0.047224205           41 -0.000822505        83368
368.750  0.093059995           49  0.022241085          138 -0.016936339           36  0.001091578        83273
371.250  0.041412796           59 -0.017306014          161 -0.024599951           40  0.000913959        83703
373.750 -0.042188989           48  0.040640853          128  0.067628285           44 -0.000534690        83742
376.250 -0.013512601           34 -0.051432881          149 -0.000370863           38 -0.000814872        84476
378.750 -0.021108873           45  0.049166514          136 -0.039239223           31  0.000994649        84150
381.250 -0.028000115           49  0.014504452          136  0.102804968           31 -0.001293606        84401
383.750 -0.001662167           50 -0.039679332          120 -0.118514843           27  0.001235292        84649
386.250 -0.033547558           51  0.040886955          114 -0.041869651           39  0.000597242        84278
388.750  0.078328631           53  0.011755794          120  0.025731131           39 -0.000150673        85031
391.250  0.100796054           43  0.007155112          128  0.013681548           16  0.000217344        85236
393.750  0.021203335           57  0.006734379          138  0.009969264           29 -0.000088774        85109
396.250 -0.080720505           55 -0.051027962          131  0.054262802           24  0.000049059        85353
398.750  0.056000856           43  0.035301715          132  0.092767361           32  0.001515269        85117
401.250  0.011303479           52  0.031193001          140 -0.043732053           25 -0.001009808        84778
403.750 -0.041113411           53 -0.008048930          137 -0.081366550           31  0.000207955        85808
406.250  0.005481472           49  0.014335728          121  0.025159884           34  0.001761935        85410
408.750  0.017029630           59  0.025720219          128 -0.036583906           31  0.001239619        86169
411.250  0.073154384           46 -0.006618838          127  0.024177529           26  0.000755126        85938
413.750  0.068789999           49 -0.029343279          122 -0.037001239           36 -0.000190521        86028
416.250 -0.002559825           61  0.025693023          124 -0.025595045           30  0.001704107        86180
418.750  0.017700138           50 -0.053553503          117 -0.006421836           24  0.001190165        86441
421.250 -0.042113181           45 -0.045220218          107 -0.041886552           18 -0.000396409        85704
423.750 -0.035571507           44 -0.007178604          115 -0.046881162           28 -0.000205806        85669
426.250  0.057307176           53  0.014488976          109 -0.028864928           19  0.002119511        85970
428.750  0.035561694           45 -0.051824249          123  0.063144333           26 -0.001324188        86139
431.250  0.068205816           35  0.019268382          118  0.163589178           25  0.000259032        86294
433.750  0.033056849           34  0.005448046           90  0.029201378           28  0.000362247        86372
436.250  0.017385935           61 -0.043841302          110 -0.045956743           23 -0.000840306        85958
438.750 -0.006038441           51 -0.035935372          115 -0.006953270           22  0.000002090        86217
441.250  0.011962577           51  0.006283331           93 -0.007924959           23 -0.001778478        86318
443.750  0.005355105           44  0.036658203           95  0.091528342           22  0.000303618        86567
446.250 -0.014131097           48 -0.049981491          104  0.366162300           15 -0.000454166        86113
448.750 -0.054837458           31  0.001582791          121  0.035997298           25 -0.001663540        86001
451.250 -0.024205034           43 -0.028614995          100 -0.037220343           22  0.000582409        86536
453.750 -0.007369188           41 -0.017734057          104  0.002427996           23  0.000585171        85954
456.250  0.005062097           41 -0.005507974          106  0.033149086           19 -0.001152551        86547
458.750  0.051898759           37 -0.005885738           99 -0.088365055           14 -0.000005515        85715
461.250  0.069369361           41 -0.040303671          107 -0.059567384           21 -0.000489399        85688
463.750 -0.046236344           53  0.005946711           83  0.027987721           20  0.000482229        85727
466.250  0.033923284           46 -0.013415590          108 -0.020774298           19  0.001356508        86090
468.750 -0.065229987           47  0.035695514           93  0.128033333           24 -0.000689555        85277
471.250 -0.069814455           43 -0.000704829          101 -0.059706146           15 -0.001823567        85418
473.750 -0.027397210           47  0.005148239           90  0.045066747           17  0.000101495        85113
476.250  0.001392895           49  0.052209316           78 -0.077224130           18 -0.001601692        85448
478.750 -0.021111802           44 -0.003210038           66 -0.136929486           15  0.000808129        84726
481.250  0.003629089           43 -0.025502345          106  0.042960119           21 -0.001377481        85054
483.750 -0.000454177           31 -0.065903557           85 -0.080229633           16  0.001897317        84668
486.250  0.011058664           48  0.005784056           82  0.057200901           16  0.001193505        84566
488.750 -0.003521730           46 -0.035535443           71  0.069643707           14 -0.001037220        84150
491.250  0.031498212           44 -0.002099318           80 -0.056902433           11  0.001338352        84253
493.750 -0.015365399           42  0.030376632           83 -0.018840895           19 -0.001295722        84129
496.250 -0.029743731           48  0.036795270           80 -0.101526205           19  0.000950600        83232
498.750 -0.024754977           41  0.003422490           83 -0.129693846           13 -0.001986991        83809
