#   q     Cout       Nout      Cside       Nside       Clong        Nlong
  1.250  0.029747018          227 -0.004698342          217  0.018046834          261 -0.588027368            3
  3.750  0.077471067          228  0.034557970          218  0.031199157          218 -0.338214269           34
  6.250  0.078197605          234  0.092561687          222  0.072670050          249 -0.081880228           70
  8.750  0.052101695          235  0.088018839          243  0.097907832          248  0.039661008          167
 11.250  0.106682298          244  0.123718157          247  0.111940150          225  0.088594599          300
 13.750  0.075560612          252  0.076996757          273  0.095688177          219  0.108509379          446
 16.250  0.101303225          252  0.127608285          210  0.152276899          236  0.112198611          580
 18.750  0.085565559          222  0.102649115          223  0.095798326          270  0.104184030          812
 21.250  0.087624677          236  0.073898345          235  0.040501195          228  0.083011558         1059
 23.750  0.066989376          233  0.055861726          261  0.027145896          221  0.043945310         1265
 26.250  0.044961462          220  0.097029579          257  0.038934015          239  0.048310594         1596
 28.750 -0.003835003          225  0.071498200          282  0.001023908          238  0.039916941         1860
 31.250  0.036818423          221 -0.006736699          254  0.076445824          230  0.009601531         2209
 33.750 -0.023101089          229 -0.005403537          270  0.058461849          229  0.010053818         2592
 36.250 -0.010987279          217  0.010332790          257 -0.023895540          247 -0.001649530         2880
 38.750  0.015992415          213 -0.026190137          242  0.027689883          230 -0.001205882         3359
 41.250 -0.021926437          190 -0.003806833          259 -0.005481036          202 -0.004475615         3705
 43.750  0.017353198          220 -0.007948314          240  0.007260174          245  0.007987906         4094
 46.250  0.030711589          214  0.062716820          217 -0.008518812          225 -0.003139743         4614
 48.750 -0.054553373          198 -0.019386167          264 -0.026221326          239 -0.013998421         5128
 51.250  0.043073850          191 -0.015037671          242  0.014141891          196 -0.015164954         5465
 53.750 -0.019085903          200 -0.000980365          259  0.048085443          219 -0.009203846         6036
 56.250 -0.111181824          204  0.041439185          237 -0.032657652          195  0.001819625         6646
 58.750  0.061400421          180  0.041280884          236 -0.044220752          172 -0.001320750         7050
 61.250 -0.044353671          192  0.005230402          239  0.023652777          184 -0.000786168         7732
 63.750 -0.015240064          196  0.005282359          235  0.056519819          203 -0.005441005         8297
 66.250 -0.002193339          189  0.022469413          253 -0.010252725          219  0.003592286         8931
 68.750 -0.040286325          182 -0.001139224          227  0.057680826          231 -0.006495505         9442
 71.250 -0.026237453          203  0.011358919          252 -0.027595724          219 -0.007203177         9874
 73.750 -0.022932597          209  0.031673026          241 -0.001972950          195  0.003257682        10620
 76.250  0.008080766          185 -0.066276196          241  0.032022465          210 -0.003233445        11331
 78.750 -0.007706431          180 -0.056551732          239 -0.040840811          201 -0.004626352        11907
 81.250 -0.016244037          191  0.032312191          241 -0.005551645          196  0.003398011        12687
 83.750  0.002721253          184  0.036572946          265  0.027074271          185  0.009725814        13273
 86.250 -0.000221267          159 -0.014629385          249  0.025650847          188  0.003539113        13993
 88.750 -0.049640044          178 -0.038226193          227  0.006731258          207  0.006725248        14919
 91.250 -0.044828261          155 -0.025567838          241  0.035763074          178 -0.007893415        15757
 93.750 -0.022202777          185  0.028755915          202  0.005596694          200 -0.002045549        15915
 96.250  0.046817975          155  0.059089724          252  0.059111803          170 -0.004380937        16865
 98.750 -0.009845505          178 -0.061169834          236 -0.057799094          179 -0.003462284        17471
101.250 -0.012572476          156  0.032322085          223 -0.048066253          170 -0.000913370        18361
103.750 -0.074693931          145  0.003629925          243  0.014793228          181 -0.000300698        18950
106.250 -0.009286558          133 -0.028450744          233 -0.024520749          194  0.002020503        19905
108.750  0.072893060          155 -0.003723143          253  0.067457958          169  0.000733251        20477
111.250  0.011914243          152  0.002206585          239  0.005475219          177 -0.002456949        21453
113.750  0.019754422          134  0.000915016          230 -0.013780740          150  0.002514358        21957
116.250 -0.066963505          142  0.028728254          233 -0.063100364          183 -0.002349942        22656
118.750 -0.016327654          149  0.016968723          226  0.018690607          162 -0.000399264        23478
121.250 -0.061296997          152 -0.007183669          260 -0.002155120          144 -0.005086391        24348
123.750  0.028608313          148 -0.056802603          232 -0.067499807          143 -0.002345200        24854
126.250 -0.019415583          161  0.023367940          271 -0.045647851          151  0.000969979        25761
128.750 -0.031216960          130  0.008701388          239 -0.051792870          166  0.002842831        26736
131.250 -0.000167146          143  0.019736879          226 -0.009870760          165  0.005769993        27854
133.750  0.002272652          150  0.003980064          276 -0.019522648          163  0.004608028        28331
136.250  0.096808849          120  0.011289667          260 -0.040845551          144 -0.002481612        29366
138.750  0.015932843          144  0.008924800          251 -0.017961726          175 -0.000401462        29882
141.250  0.059221426          145  0.005901593          243  0.015421805          154 -0.003731078        30525
143.750  0.061888593          127 -0.007733640          254 -0.018321226          159 -0.001435250        31355
146.250  0.019477624          129 -0.026786120          228  0.077861253          139 -0.002514934        32344
148.750  0.038498650          131 -0.056381565          260  0.006085464          144  0.004004488        32912
151.250 -0.003503372          117 -0.013109064          258  0.004838334          149 -0.000150642        33598
153.750 -0.030273663          118  0.000300176          213  0.040166684          143  0.003377877        34959
156.250 -0.035811279          130 -0.008345546          243 -0.037014833          155  0.002047709        35270
158.750 -0.019943581          127  0.000529225          250  0.024206122          135 -0.002210983        36057
161.250  0.005695520          106 -0.001183255          290 -0.014474049          150 -0.001383058        36831
163.750  0.001043716          133  0.003622491          248 -0.049212778          141 -0.000181446        37824
166.250 -0.038329659          112  0.003596451          256  0.055100780          142  0.000669133        38279
168.750  0.007798467          128  0.023829310          247 -0.023966229          152  0.000881596        39118
171.250  0.032451467          111  0.003929513          255 -0.012400639          143  0.000937443        40178
173.750  0.028677869           91  0.002815258          251  0.021698389          132 -0.001217663        40468
176.250 -0.013707080          112 -0.011504060          215  0.009644990          114  0.000728962        41353
178.750  0.047617000          103 -0.025322528          225  0.024036220          134  0.001354966        42197
181.250 -0.007595399          102  0.000045954          266 -0.034260651          131  0.003616265        43203
183.750  0.006361810          102 -0.019539156          248 -0.010319529          108 -0.001949394        43397
186.250  0.028788363          108  0.005650330          234  0.000878119          118 -0.001391615        44298
188.750 -0.051466799           90  0.046875027          268  0.029237436          134 -0.000093305        45342
191.250  0.006776531          136 -0.016865037          264 -0.041713140           99  0.001238774        46158
193.750  0.096089075          110  0.016451793          226 -0.022788194          137 -0.001205556        46275
196.250 -0.061575114          132 -0.013720045          256  0.001128093          126  0.001018351        47600
198.750  0.048158158           96 -0.012338653          251  0.018572910          117  0.000020564        48218
201.250  0.051889593          110 -0.005824857          281 -0.005801083          117 -0.002741221        48917
203.750 -0.043496172          119  0.002644764          248  0.025301567           98  0.001121547        49463
206.250  0.002411801           86  0.025361347          275  0.032882762          121  0.000498583        50266
208.750 -0.062267094           84  0.005874353          237  0.041975470          119 -0.001570000        50996
211.250  0.043012908          112  0.002854345          228 -0.035822742          103 -0.001344765        51661
213.750  0.040863736          101 -0.007249511          249 -0.063749557          104  0.001666730        52479
216.250 -0.022333029           86 -0.009381498          235  0.014782776          108 -0.000737541        53470
218.750  0.013361991           89 -0.017843698          266 -0.009158439          105 -0.000026588        53834
221.250  0.022577535           98  0.028504196          225  0.013418466           85 -0.001200010        54478
223.750  0.018285034           97 -0.015774574          229 -0.016443537           88 -0.000252444        55043
226.250  0.023479042           89 -0.011950458          254  0.008375088          108 -0.001044348        56108
228.750  0.038476805           76  0.017602992          233 -0.032398395           90  0.000313977        56388
231.250  0.057101002           95  0.008374079          219 -0.002787937          121 -0.001609004        57259
233.750 -0.019167026           81 -0.005354597          227  0.018989669          111 -0.000875089        58114
236.250 -0.048283733           88  0.008300606          238 -0.002285436           70  0.000602715        58364
238.750 -0.007097757           82 -0.010308926          216 -0.008052210          104  0.001538175        59512
241.250 -0.066280693           70  0.041575884          231  0.017241342           94 -0.001961593        60719
243.750  0.056077225          105  0.002564449          202 -0.083292978           96  0.000927312        60557
246.250  0.016028425           68 -0.001801396          209  0.031275088           85  0.002021607        61179
248.750 -0.105627087           54 -0.016674833          241 -0.017936321           87 -0.000744925        61765
251.250 -0.059206708           95  0.012444810          204 -0.001505736           98  0.001291362        62249
253.750 -0.024735033           70  0.008830800          218 -0.032422725           97  0.000080111        63298
256.250  0.043005941           82 -0.008061836          186 -0.038379063           88  0.000515614        64148
258.750 -0.044076072           82 -0.002525307          201 -0.026187842           72 -0.001543789        64376
261.250  0.018092860           78 -0.000559538          217 -0.006997203           60  0.000095805        65053
263.750 -0.050656900           91 -0.019111995          205 -0.054056771           67  0.000717226        65605
266.250  0.016005071           86  0.011083584          239 -0.079520230           75 -0.000180433        66119
268.750  0.043963417           64  0.012225781          217  0.017796534           78  0.000005370        66927
271.250 -0.041532475           59  0.022588863          212  0.027034495           77 -0.000571288        67797
273.750  0.002613951           77  0.036297432          223 -0.011097826           64 -0.000276776        67815
276.250  0.022637832           54  0.033491059          205 -0.003654673           65 -0.000939581        68380
278.750 -0.015785112           55 -0.015479059          209  0.014177925           78  0.000416546        69619
281.250 -0.070341492           58  0.023568190          226  0.004547597           64 -0.000471689        69406
283.750 -0.033600770           65  0.046389629          187 -0.003134523           84 -0.000437880        70123
286.250 -0.007176557           57  0.021779557          188  0.007664221           71 -0.000046146        70601
288.750 -0.051090514           71 -0.014372371          189 -0.069033717           63  0.000613291        70924
291.250 -0.071199536           60  0.002327042          189 -0.041780614           59  0.001433695        71727
293.750  0.033325411           48 -0.039712233          170  0.072114099           57 -0.000518844        72180
296.250  0.037782254           50  0.021625796          205  0.004791566           67  0.000325006        72473
298.750  0.016454415           58  0.052488536          176  0.074412587           61 -0.001055447        73354
301.250 -0.069147853           65  0.019735375          181  0.037827382           70  0.000489462        73710
303.750 -0.036465686           51 -0.055530079          170 -0.033648022           55 -0.000375583        74202
306.250  0.014721144           52 -0.011961115          184 -0.027952517           59  0.000827281        74065
308.750 -0.065760097           51 -0.019423542          175  0.069472136           53 -0.000601499        74501
311.250  0.023836313           53 -0.020348733          187  0.001374407           59 -0.001919400        75158
313.750 -0.040468535           62  0.001581182          178 -0.019085110           56  0.001188252        76296
316.250  0.009994450           63  0.010677597          158 -0.015512537           62  0.000732318        76763
318.750 -0.006038782           67 -0.013032236          176  0.053163485           56 -0.001778710        76855
321.250 -0.018090857           57  0.012742365          196 -0.051374174           47 -0.000346198        77484
323.750  0.067611022           66 -0.006245459          148 -0.043529275           56  0.000425195        77913
326.250 -0.000200829           73  0.001686760          156 -0.002137373           55 -0.002827380        78467
328.750 -0.034369052           53 -0.034471249          173  0.003185673           60 -0.001065282        77732
331.250  0.106110837           52 -0.004359536          180  0.012038230           51  0.000323478        79187
333.750 -0.023048788           64  0.011857497          145 -0.051390760           52 -0.000322478        79264
336.250  0.013609409           58  0.018290868          184  0.044153570           51  0.000333818        79418
338.750  0.024896099           74 -0.050153410          170 -0.049947175           57  0.001115574        79532
341.250  0.045597324           57 -0.018852335          184  0.021588068           49 -0.000991804        80496
343.750  0.039890886           58  0.022481313          149  0.056433163           39 -0.000288820        80441
346.250  0.045829743           59 -0.019677009          142  0.021329604           45 -0.000080522        80712
348.750  0.008560285           53  0.014824579          169 -0.018060575           42  0.001303053        81147
351.250  0.005445814           61 -0.019592285          161 -0.056158526           41 -0.001372606        81438
353.750  0.023345768           43  0.025723168          157  0.013073800           37  0.000943102        81162
356.250  0.040000849           56  0.001882752          162 -0.065911573           42  0.001599875        82085
358.750  0.040971774           69  0.005963754          164  0.035442936           39  0.000361096        82539
361.250 -0.001968788           50  0.077415817          136 -0.052204709           38 -0.001457146        82180
363.750 -0.002013709           50 -0.018534413          151 -0.064552896           36 -0.000286579        82466
366.250 -0.032559540           53 -0.021473373          126  0.142647894           32 -0.000066632        83025
368.750 -0.033768181           54  0.012491036          153 -0.071724949           47 -0.000511370        82642
371.250 -0.008013271           53  0.000610053          155  0.014066476           41  0.000154425        83527
373.750 -0.033060250           46 -0.051320392          140  0.000585347           33 -0.000048075        83820
376.250 -0.066960287           37 -0.019575496          147  0.008653336           31 -0.002158347        84478
378.750 -0.047228131           45  0.001625746          149 -0.038672623           23  0.000108463        84216
381.250  0.066209778           57 -0.001102902          127  0.021783015           40  0.000101455        84347
383.750 -0.038124722           64 -0.031988459          143 -0.002437140           35 -0.000771349        85195
386.250  0.041774045           47  0.012538849          139  0.003279053           37  0.001801337        85137
388.750  0.003757006           46 -0.007141139          139 -0.001026088           32 -0.000703207        84732
391.250 -0.057626800           48  0.006421013          151 -0.101453754           35 -0.001555966        85189
393.750 -0.086844580           53  0.022100581          134 -0.118004821           39  0.000673960        85328
396.250  0.057840491           46  0.013728054          137 -0.050335014           35  0.000601796        85350
398.750  0.005226193           46  0.016052381          135  0.090491022           26 -0.000460262        85841
401.250 -0.017829223           49  0.003120902          124 -0.072250412           28 -0.000809987        85636
403.750  0.054922293           45  0.035714221          119  0.020534569           17 -0.000411505        84939
406.250 -0.040170584           50 -0.030313040          110  0.032226655           27  0.000874565        85813
408.750  0.057774775           39  0.012929544          137 -0.070128922           40 -0.000057204        86031
411.250 -0.088902117           55  0.002822738          117 -0.014299384           24  0.001631886        85828
413.750  0.008301548           46  0.005739079          122  0.004046691           24  0.000794917        86435
416.250 -0.017502273           42  0.029360102           99  0.064507437           27  0.000326798        85864
418.750 -0.042707094           52 -0.027601552          117 -0.173597810           19  0.001456293        86317
421.250 -0.005179872           41 -0.036228631          104  0.132230143           23 -0.000276262        86194
423.750  0.050884254           36 -0.004386702          115 -0.015039528           27  0.002168541        86262
426.250 -0.025592046           48  0.044297785          109  0.019164596           26  0.000063987        86510
428.750 -0.000647392           53  0.022546922          104  0.075562730           34 -0.000103830        86320
431.250 -0.097510901           39  0.007993225          129  0.080963908           20  0.003454262        86332
433.750 -0.026751895           54  0.058720220           96  0.030766005           28  0.000344265        86244
436.250  0.023184672           44  0.026748160           93 -0.094168224           29 -0.001207655        86266
438.750  0.111305713           52  0.014536489           94  0.013154249           28 -0.001899947        86429
441.250 -0.062885815           53  0.053249636           94  0.062948896           26  0.000069113        86918
443.750  0.045685036           32  0.026559206          102 -0.091515747           19  0.000870017        85774
446.250 -0.030297179           47  0.033892352           89 -0.029814325           30 -0.000964334        86848
448.750 -0.049806303           63  0.007148009          106  0.055175812           17  0.000599455        86291
451.250  0.044725811           48  0.022251772          105 -0.009480713           15 -0.001387641        86260
453.750 -0.033719923           50 -0.047485962           85 -0.037085140           20 -0.000184153        86323
456.250  0.023990376           59  0.019966225          111  0.056526864           21  0.000717623        86063
458.750  0.029090452           50 -0.008959392           92  0.058639182           25 -0.000387868        85700
461.250  0.035767620           41  0.001599380           72  0.044515891           16 -0.001436015        85442
463.750 -0.015835809           58 -0.029132959           81 -0.033594457           24 -0.001071065        85452
466.250 -0.023042238           42  0.002103654           99 -0.076100612           17 -0.000035267        85872
468.750 -0.011027992           64  0.003241362           92 -0.020576707           15  0.001783115        85445
471.250  0.041974663           38 -0.007815941           90 -0.022905245           17 -0.000494995        85737
473.750 -0.055598784           52  0.000516495          105 -0.055862062           12 -0.001424794        85062
476.250 -0.093230032           38 -0.067003977           87 -0.035582906           26 -0.000395501        85127
478.750  0.012137689           35  0.022417886           90  0.100146927           14  0.002177167        85121
481.250  0.022850402           40  0.078766466           79 -0.019111346           14  0.000939622        85272
483.750 -0.027687489           37 -0.057677655           69 -0.136793960           21 -0.000913074        84943
486.250  0.033551558           35 -0.021631020           86 -0.082009851           17 -0.001620580        83856
488.750 -0.017960543           34 -0.021029795           85 -0.032290867           22 -0.000055873        84125
491.250  0.037355699           44  0.033504552           95  0.005681013            9  0.000058720        84530
493.750 -0.001163566           36  0.005390539           86 -0.019489137           10 -0.001336027        83724
496.250  0.008431149           36  0.047531036           93 -0.011621021           16 -0.001453513        84042
498.750 -0.011195473           34  0.053508683           68  0.004006945           18 -0.001124566        84148
