#   q     Cout       Nout      Cside       Nside       Clong        Nlong
  1.250  0.093193047          240  0.062928681          245  0.039153820          271  0.000013138            2
  3.750  0.078513622          269  0.057163292          265  0.057545149          242 -0.224862642           39
  6.250  0.073205164          241  0.095603229          235  0.096616928          259 -0.075681006           91
  8.750  0.148051080          265  0.100002532          226  0.100885711          238  0.057953960          195
 11.250  0.114352475          248  0.159236247          265  0.146344265          241  0.094149179          315
 13.750  0.099320450          241  0.129952922          268  0.173193502          253  0.150799544          414
 16.250  0.076559664          236  0.114970227          271  0.065740514          228  0.107708790          617
 18.750  0.063763290          213  0.132533085          243  0.149554331          253  0.107006708          848
 21.250  0.125159414          194  0.093745616          235  0.072471033          233  0.080266083         1011
 23.750  0.040654789          272  0.062741943          241  0.101617618          224  0.073822835         1285
 26.250  0.065538131          253  0.013750844          263  0.057781427          236  0.033466572         1559
 28.750  0.008134353          240  0.040863427          239  0.021777424          224  0.038351026         1924
 31.250  0.029508127          233  0.030102620          228  0.022830701          232  0.029362054         2089
 33.750 -0.038541138          206 -0.025860499          228  0.027904512          187  0.003025876         2494
 36.250  0.085870962          214  0.039973934          246  0.039346711          215  0.003926972         2870
 38.750 -0.076068447          203  0.035610874          245  0.039265821          222 -0.008722285         3360
 41.250 -0.021925020          243 -0.013693391          253 -0.021024702          227 -0.002745476         3757
 43.750 -0.021035719          220 -0.038330615          235  0.014191884          225 -0.010232686         4116
 46.250 -0.017769772          229  0.008100367          244  0.016716394          205 -0.011489159         4569
 48.750 -0.031654769          214 -0.024859818          252  0.017674804          229 -0.000841580         4984
 51.250 -0.030840025          201  0.018306617          255 -0.096854965          249 -0.017473400         5704
 53.750 -0.025451132          192 -0.050799519          237  0.013647528          221  0.000510479         6213
 56.250  0.049649339          207 -0.062046506          234 -0.046456824          215  0.005074882         6615
 58.750 -0.000257656          198 -0.021535331          258 -0.043638169          212 -0.005515021         7282
 61.250 -0.005374225          181  0.003468270          232  0.030067592          219  0.008910830         7738
 63.750 -0.055867784          194 -0.009569471          238  0.037253863          212  0.003241869         8275
 66.250 -0.069720663          201 -0.015717657          244  0.052876692          214 -0.011278982         9007
 68.750  0.000382138          192 -0.003783737          274  0.038698833          186 -0.010525366         9308
 71.250 -0.003825845          167  0.061628753          272  0.016521418          186 -0.003046009        10199
 73.750 -0.036012629          172  0.032198160          271 -0.014427090          225  0.005098216        10772
 76.250 -0.010098367          193  0.028236698          238  0.049668961          202  0.005172555        11177
 78.750  0.034539527          214 -0.065974265          244 -0.002148924          191  0.001928923        11897
 81.250 -0.002024804          189 -0.000827014          254  0.027663218          184 -0.008055838        12667
 83.750 -0.015888423          175 -0.039052058          238  0.000485631          186 -0.004568207        13244
 86.250  0.032531915          178  0.069289897          247 -0.027276139          208 -0.000327612        14142
 88.750 -0.000527929          192  0.034528207          229  0.014427647          184 -0.000214249        14829
 91.250 -0.031808957          171  0.017851014          222 -0.005530469          179 -0.009647202        15438
 93.750 -0.000846686          173 -0.022959878          237  0.004002995          192 -0.004705689        16369
 96.250  0.040646615          187  0.022500467          241 -0.014154165          173  0.001468620        16992
 98.750  0.069921676          180  0.034723583          274 -0.018122504          194  0.005746065        17729
101.250 -0.056111997          169 -0.019070181          258  0.005789668          188 -0.001066935        18301
103.750 -0.032319471          163 -0.021614392          264  0.022601337          200 -0.004167043        18859
106.250 -0.000235578          179  0.017568131          229  0.031322481          205 -0.004361297        19784
108.750  0.033156170          169 -0.030984961          250 -0.014445118          176  0.000510811        20445
111.250  0.051239200          154 -0.010858127          236 -0.022457222          186 -0.003769042        21245
113.750 -0.007226324          173  0.042294963          252  0.024263893          171 -0.001288950        22260
116.250  0.010813187          146 -0.017000479          285  0.045735454          175  0.001361883        23044
118.750  0.036564031          140  0.019932706          234 -0.040639064          154  0.002769995        23726
121.250 -0.089169369          149  0.015039854          244  0.005314551          160 -0.005044488        24440
123.750 -0.088374936          148 -0.014967225          246  0.046081416          181 -0.001980203        25044
126.250 -0.040341568          137 -0.028540500          216 -0.032269354          142 -0.004198820        25817
128.750 -0.066591501          138  0.024078959          252  0.049567851          179 -0.002172641        26912
131.250 -0.006341566          129 -0.033812708          278 -0.020448361          149 -0.004725857        27562
133.750  0.029079132          146  0.046815146          275  0.021326352          151 -0.007245668        28277
136.250 -0.044215679          152 -0.040422194          253  0.003155197          172 -0.007771577        29128
138.750 -0.078892384          143  0.018186843          246 -0.013694646          152  0.002220395        29792
141.250 -0.081201256          116 -0.042722288          255 -0.095383129          140 -0.000039572        30423
143.750 -0.045650690          142  0.003235271          238 -0.056873273          157 -0.001383286        31538
146.250 -0.031684836          120  0.014381046          259  0.024677128          150  0.001403947        32228
148.750 -0.021174124          119 -0.005786571          249 -0.007972289          134  0.004570839        32810
151.250  0.005884108          136  0.008510482          284  0.038382274          154  0.001243435        33579
153.750 -0.021555127          122 -0.046377753          239 -0.013445459          162  0.001104505        34650
156.250  0.015743252          132  0.014687502          251  0.033051780          162  0.001563947        35042
158.750  0.106257506          126  0.004577715          240 -0.024564944          136  0.004173758        35970
161.250 -0.018417553          118 -0.012679117          232 -0.001415622          144 -0.000064517        36989
163.750 -0.027657243          116 -0.015712778          247  0.006984621          134  0.002072390        37236
166.250  0.057597826          108  0.009030987          248  0.016011465          139 -0.001419370        38363
168.750 -0.030201939          110  0.006849139          241 -0.010266825          125  0.001512805        39065
171.250  0.017110362          120  0.026832181          260 -0.020302345          134  0.002629729        40496
173.750 -0.009256349           98 -0.002773356          255  0.055883208          123 -0.000193152        40219
176.250 -0.025056834           95  0.027919984          234  0.002748121          130 -0.001515587        41514
178.750  0.002130596          114  0.035821246          223  0.066375290           97 -0.001627530        41956
181.250 -0.021014657          118 -0.009708942          273 -0.009060072          131 -0.000077207        42764
183.750 -0.064173780          117  0.015977617          229 -0.026017780          124  0.000700010        43970
186.250 -0.071129395          112  0.004978586          247 -0.016789587          119 -0.002502648        44541
188.750 -0.073125427          101 -0.003896421          259  0.007705878          117  0.000796759        45251
191.250  0.043082197          104  0.020255177          244  0.010728584          120  0.002156462        45694
193.750 -0.006323861           87 -0.019055182          236  0.023428604          127 -0.001617963        46749
196.250  0.012295630           85 -0.011685712          245  0.055801286          119 -0.001857827        47167
198.750 -0.038124058          112  0.015425812          249 -0.014627290          134 -0.000166164        48219
201.250 -0.018594846          113  0.030906329          272  0.009618096          111  0.001040602        49069
203.750  0.085544478          109 -0.006443982          251 -0.026963231          101  0.000002211        49485
206.250 -0.005671527           92  0.004222348          270 -0.033938928          111  0.000364391        50173
208.750  0.056685111           89 -0.008848309          282  0.016946843          113 -0.001706011        51120
211.250 -0.048645298           87  0.016772979          244  0.076110012           95  0.001004821        51801
213.750 -0.051031261           74 -0.004392489          236 -0.001249207          101  0.000573420        52031
216.250  0.102600768           81 -0.006474882          266 -0.021252978          108  0.000302926        53055
218.750  0.003233179           85  0.011618588          242  0.030790862           86 -0.002415979        53896
221.250 -0.041780944           89  0.009595231          229 -0.012524091          116  0.001304173        54883
223.750 -0.019969428           79 -0.014389933          251  0.051302905          108  0.000507305        55209
226.250 -0.017244948           69 -0.013040498          237 -0.013428560           99  0.001113270        56004
228.750  0.008580074           86  0.012783351          212  0.018362110          101 -0.000737819        56914
231.250 -0.030315044           88 -0.000325321          255 -0.015411030           97 -0.000960395        57554
233.750  0.101485737           80 -0.010678477          230  0.024464525           97 -0.000135567        58177
236.250  0.098616234           75  0.006750588          209 -0.015176700           79 -0.000515654        58452
238.750  0.021376546           75 -0.008695855          233 -0.017871187           78 -0.001588242        59233
241.250 -0.107404120           74  0.010287300          215 -0.010470749          100 -0.000774197        60067
243.750  0.062764770           61 -0.027909206          241 -0.025323102           74 -0.000211254        60679
246.250  0.012793743           81 -0.005798969          223  0.004752162           84  0.000601158        61514
248.750  0.035381289           72 -0.009562130          192 -0.019009297           75 -0.000463354        61731
251.250  0.003916208           75  0.005563480          240 -0.008887411           86 -0.001955526        62335
253.750  0.000076847           85  0.056180334          216 -0.056354060           87 -0.001442492        63165
256.250 -0.006949006           60 -0.011715719          240 -0.067469014           78  0.000228874        64372
258.750 -0.001083819           86 -0.013470686          213  0.041038549           89 -0.000226517        64213
261.250  0.069437480           78 -0.000015814          203  0.060330647           79  0.000589629        64842
263.750 -0.019008515           72  0.003154522          194  0.029431047           69 -0.000032210        65934
266.250  0.000721862           62  0.032150854          207  0.009090426           76  0.000559999        66006
268.750 -0.033421323           71  0.004836833          232 -0.012767745           84  0.000683081        66410
271.250 -0.022832786           68 -0.000154324          205  0.016007065           63 -0.000893693        67230
273.750 -0.024725436           76  0.026663031          202 -0.002985009           78  0.001871078        68037
276.250  0.041263395           63 -0.031244832          209  0.033201745           91  0.000101497        68278
278.750  0.068332101           57  0.009079602          192 -0.025891914           70 -0.001272397        69222
281.250 -0.020248454           62  0.011618416          195 -0.004054428           85 -0.000421741        69693
283.750  0.017855763           62  0.007310486          217 -0.024665446           61  0.001915146        70017
286.250  0.058191361           62 -0.019525985          179  0.048678318           70  0.000903131        70846
288.750 -0.087760152           64  0.007293271          175 -0.071268140           61 -0.000995531        71206
291.250 -0.035528363           62 -0.033587226          176  0.023311209           75  0.001175773        71584
293.750 -0.021650917           62  0.004237645          196  0.020503968           77 -0.000578051        72191
296.250 -0.032651031           70 -0.021267680          224 -0.065256370           55 -0.001228478        72560
298.750  0.026703894           79 -0.028823685          212 -0.002238887           54  0.000121685        72915
301.250 -0.030423500           54 -0.003530374          186  0.029047658           68 -0.000540062        74153
303.750 -0.010616987           59  0.017372106          164 -0.005848163           55  0.000090819        73955
306.250 -0.029053795           63 -0.047124387          196 -0.041569476           60 -0.000836164        74537
308.750  0.072410790           51  0.001126429          177 -0.043176987           53 -0.000674155        74604
311.250  0.001328706           57  0.007287129          198  0.009212981           58  0.000615609        75577
313.750  0.014258969           69  0.025523672          177  0.069687864           59  0.000997851        75898
316.250  0.002816749           72  0.020729468          201  0.131844061           54  0.000240491        76066
318.750 -0.014130227           61 -0.021022764          162  0.073154536           61 -0.000100045        76795
321.250 -0.103847856           50 -0.000478863          165 -0.075431991           56  0.001069656        77452
323.750  0.001150205           49 -0.021207592          183  0.024756354           48  0.000825596        77352
326.250  0.049883722           50 -0.013975941          176 -0.073739769           49  0.002599091        77642
328.750 -0.041398935           64 -0.027783920          162  0.023770079           49 -0.000128195        78738
331.250 -0.025742085           76 -0.035718117          163 -0.001834399           47 -0.000383896        78169
333.750  0.006550718           57  0.000151947          190 -0.033178343           48 -0.001546146        79407
336.250 -0.050941744           62 -0.018588064          154  0.057717163           48  0.001771043        79474
338.750 -0.013977704           58  0.016411777          168 -0.003884039           52 -0.000438017        80189
341.250 -0.027819170           56  0.020453850          162 -0.059923530           43 -0.000624801        79983
343.750 -0.035344153           53 -0.038788304          157 -0.044743010           50  0.000766140        80442
346.250  0.068451777           57 -0.021198167          159 -0.010272542           49 -0.002136330        81079
348.750  0.049646584           49 -0.006789144          171  0.103994393           37 -0.001207826        81388
351.250 -0.061117794           53  0.036600684          158  0.027167391           41 -0.001349799        81784
353.750 -0.002415120           57 -0.010084078          173  0.018999163           42  0.000426553        81786
356.250  0.013416572           49 -0.058813429          144 -0.041282924           42 -0.000313120        82211
358.750 -0.008403783           53  0.037004351          136  0.005922722           41 -0.001030205        81981
361.250 -0.016333528           52 -0.019701858          161  0.019132690           38 -0.002103852        82572
363.750  0.028161912           52 -0.029813162          154 -0.039227447           40  0.001102430        83019
366.250  0.031205699           53  0.019754592          132 -0.005258152           22 -0.001055653        83156
368.750  0.025230740           56 -0.030280645          112 -0.043919000           35 -0.001517925        83769
371.250  0.084343343           49  0.010468431          137 -0.017228234           31 -0.000499920        83329
373.750  0.002194918           59 -0.004935902          152  0.024599047           38  0.001236349        83691
376.250 -0.023650225           50  0.018839169          158 -0.015575017           32 -0.000538449        83923
378.750 -0.000642922           49 -0.012133079          142 -0.019372401           37 -0.001174510        84146
381.250  0.011434425           51  0.014965439          147 -0.058462693           38 -0.001545273        84235
383.750 -0.013546365           45 -0.000857843          129 -0.030711025           19 -0.000062994        84782
386.250  0.029681561           49  0.026243172          137  0.031522948           42 -0.000771235        84904
388.750 -0.037083809           47 -0.024766631          142  0.022993807           27  0.000844896        84235
391.250 -0.036498526           41  0.002419413          124 -0.093007837           32  0.000187521        84811
393.750 -0.026109097           45 -0.025571491          132 -0.054034018           33 -0.001465036        85330
396.250 -0.038130803           58  0.002868328          127 -0.111873358           37  0.001287164        85418
398.750  0.035148751           47  0.013223405          125  0.059290524           31 -0.002539534        85430
401.250  0.002595053           48  0.028565187          109 -0.085621932           36  0.000861674        86140
403.750 -0.045794315           62  0.021021524          131  0.027771804           33 -0.001116097        85608
406.250 -0.019121458           37 -0.077387361          111 -0.013893025           28 -0.000352062        85636
408.750  0.035394454           47 -0.038811349          127 -0.036667241           23  0.000691527        86244
411.250 -0.011497387           52 -0.022512427          132  0.019861765           29 -0.000076999        85378
413.750 -0.037304904           47  0.045228689          120  0.043572128           24 -0.000706476        86198
416.250 -0.052396387           50 -0.027712575          112  0.045137936           23 -0.000059668        85998
418.750  0.032635186           58  0.005558531          111  0.085594070           34 -0.001474210        85980
421.250 -0.077128966           46  0.006889571          120  0.053708116           28 -0.001517462        86342
423.750 -0.013050443           47  0.012892111           99 -0.050365260           23  0.000785815        86243
426.250 -0.016061257           56  0.024081464          109  0.002366660           20 -0.000818333        86277
428.750  0.057041553           56  0.004955690          103 -0.076084572           22  0.000485285        86369
431.250 -0.074186671           36  0.026963882          118 -0.043957895           25  0.001885348        86128
433.750 -0.022670966           66  0.012026957          105 -0.128386074           26  0.000795955        86007
436.250 -0.067220729           42 -0.060642006           98  0.005563438           26 -0.001344519        86233
438.750  0.016429423           49 -0.001482752          101  0.009651178           23 -0.000354655        86351
441.250 -0.002834414           43 -0.054583920          107 -0.110346736           21  0.000221570        86210
443.750  0.027201404           54 -0.006492703           90 -0.010983656           28 -0.002125734        86098
446.250 -0.066258719           46 -0.040937328          107 -0.008201573           23  0.000414201        86341
448.750  0.058005866           45  0.016101579           92 -0.030668238           27  0.001479820        86452
451.250 -0.106761463           37 -0.019252556           98 -0.108641378           14 -0.000534095        86166
453.750 -0.017989932           43 -0.009803372          103 -0.094624734           19 -0.000399526        86921
456.250  0.010088120           47  0.046514274           94 -0.007685992           20 -0.002132260        85791
458.750  0.030938761           52 -0.016159190           91  0.049123001           24  0.000005993        85915
461.250  0.010225135           43  0.009972693          107 -0.042770829           14 -0.001401559        85523
463.750 -0.022331284           33 -0.000300303          113 -0.016509937            9 -0.000785678        86241
466.250  0.025942987           44  0.019745779          101 -0.016108038           21  0.000769367        86222
468.750  0.069080890           41 -0.055368355           90 -0.009402762           23  0.001024761        85515
471.250  0.063511065           39  0.015252370           84  0.020100005           16  0.000777907        85476
473.750  0.007648206           41 -0.014540208           85 -0.009939616           18  0.000774256        84914
476.250 -0.003965869           32  0.022550662          103  0.056289941           11 -0.000542048        84662
478.750 -0.077650310           43  0.011981745           98  0.003402486           11  0.000547967        84612
481.250  0.029475695           52  0.016760131           82 -0.042994928           12 -0.000052708        84825
483.750 -0.054318062           49  0.027345369           57  0.047994283           12  0.000666857        84950
486.250  0.001910319           37  0.032939798           90  0.230848415            9  0.000456972        84160
488.750  0.014484355           49  0.016727279           77 -0.047403608           25  0.001011433        84020
491.250 -0.022876901           38  0.071238141           64  0.083991278           12  0.000607555        84613
493.750  0.059782537           36 -0.006108559           88 -0.023763411           15 -0.000963429        83586
496.250  0.002228738           40  0.003249065           57  0.019429727           15 -0.001123757        83860
498.750 -0.010849520           35 -0.081071820           87  0.021140508           20  0.000861912        83889
