#   q     Cout       Nout      Cside       Nside       Clong        Nlong
  1.250  0.055871349          245  0.006136597          221  0.023669650          238 -0.456645927            2
  3.750  0.051709114          253  0.036647965          268  0.041156387          228 -0.362239401           28
  6.250  0.080595799          232  0.085883107          217  0.059384977          239 -0.108153255           95
  8.750  0.092867911          240  0.108000607          234  0.129306697          248  0.027121923          186
 11.250  0.132228797          248  0.127520733          231  0.101357509          243  0.112275955          283
 13.750  0.095220007          209  0.140262601          256  0.149537473          231  0.113644098          407
 16.250  0.076766674          238  0.135533484          210  0.127570329          262  0.121610510          605
 18.750  0.075635136          216  0.060775228          254  0.125258329          254  0.098424408          841
 21.250  0.049929452          235  0.077143315          270  0.110627465          220  0.089070987         1028
 23.750  0.070610843          240  0.027014627          253  0.079250522          267  0.047535929         1336
 26.250  0.068184600          222  0.019602813          239  0.054055947          236  0.038406444         1586
 28.750  0.029095943          231  0.074047158          244  0.021864220          250  0.024368446         1864
 31.250 -0.050177949          238  0.037168383          246  0.030407520          234  0.020342774         2256
 33.750 -0.020972708          241  0.016769455          253  0.011031050          217  0.004293238         2552
 36.250 -0.016219611          231  0.008049965          246  0.000460041          224 -0.004462083         2838
 38.750  0.040115205          215  0.044929146          248 -0.002360369          238  0.009446126         3283
 41.250  0.069263750          213 -0.032326460          239  0.012639073          204 -0.006929681         3768
 43.750 -0.033675252          225  0.040057778          247  0.053447090          196 -0.009495520         4084
 46.250 -0.050508562          202  0.083806167          232  0.012986775          206  0.012064256         4621
 48.750 -0.030785378          194 -0.007696612          230  0.042982285          213 -0.004890124         4926
 51.250 -0.016625464          183  0.005277895          214  0.051724670          210 -0.002043039         5601
 53.750 -0.046706945          209  0.002487104          250 -0.045579142          216 -0.000782468         5915
 56.250 -0.045522436          179 -0.034764179          232 -0.047351606          226 -0.004581930         6486
 58.750  0.001112447          220 -0.032660615          241  0.005431747          208 -0.001926472         7089
 61.250 -0.014543870          195  0.011733110          280  0.041667197          210  0.000433363         7652
 63.750 -0.047418831          222  0.009886829          237 -0.024593841          194 -0.014598483         8370
 66.250 -0.021119055          213  0.031814558          249 -0.020745976          192  0.000090878         8936
 68.750  0.055978507          182 -0.037734567          239  0.023635055          217 -0.012372015         9561
 71.250  0.050957545          191  0.002813506          241  0.014496655          192 -0.000224156        10071
 73.750  0.044776012          188 -0.009128442          248  0.061470389          207 -0.001301137        10557
 76.250 -0.019667053          189  0.004355995          233  0.020416768          206 -0.000565927        11317
 78.750 -0.013789434          200  0.011965516          249  0.018388428          211  0.004814065        11891
 81.250 -0.000564272          175 -0.004064954          243 -0.007388160          213  0.003721129        12701
 83.750 -0.021868249          162 -0.037049629          235 -0.021204817          172  0.004044874        13202
 86.250  0.015278544          163 -0.044292149          229 -0.001053474          198 -0.000350954        13773
 88.750 -0.008397086          154 -0.012436846          239  0.026735181          188  0.003651662        14755
 91.250  0.073694693          163  0.060620026          230  0.015983449          174 -0.003406032        15451
 93.750  0.020024181          205 -0.026591075          252 -0.022378657          181 -0.000623851        16070
 96.250  0.012234195          158  0.017984867          249  0.022749487          190  0.002066176        16892
 98.750 -0.002602949          170 -0.030880696          271  0.049699229          190  0.005585148        17927
101.250  0.004684519          170 -0.071233294          220  0.005488562          179 -0.005972421        18341
103.750 -0.071241233          148 -0.005800168          263 -0.036201338          175  0.004020590        19128
106.250 -0.028222483          131  0.038331138          266 -0.069925806          176 -0.001001351        20130
108.750  0.003517974          173  0.024682462          241 -0.030566525          166 -0.003137953        20318
111.250  0.039261542          146  0.018870645          243  0.011982611          184 -0.003413621        21349
113.750 -0.017578851          149 -0.000288394          247  0.059876547          156 -0.000270806        22229
116.250 -0.019106116          169 -0.041087786          245  0.004411780          169 -0.000537092        22941
118.750 -0.044025142          145  0.010706703          237 -0.020134534          181 -0.002748448        23641
121.250 -0.040604020          150 -0.019879299          247  0.026455947          188  0.005833700        24207
123.750  0.044819258          148  0.015634491          266 -0.002039446          165 -0.000823775        24818
126.250 -0.032841072          125 -0.016575316          251  0.058472933          166  0.001329168        25847
128.750  0.084203946          138 -0.032326628          264  0.003908688          177  0.004484262        26751
131.250  0.001999166          122  0.028225965          227 -0.068438024          180 -0.001143281        27234
133.750 -0.033479549          129  0.010753862          242 -0.041563967          139 -0.003571247        28373
136.250 -0.048396999          127  0.035591766          226  0.002342571          147 -0.001232282        28939
138.750 -0.025310272          130 -0.006006303          265 -0.015821238          174 -0.003633635        30109
141.250  0.050176852          126  0.075061469          225 -0.020585443          176 -0.000249546        30818
143.750  0.025241186          122 -0.046655671          234 -0.012038602          155  0.000293321        31848
146.250  0.023474363          141 -0.015927111          238 -0.003100377          169 -0.001424259        32084
148.750 -0.007379074          137 -0.048835873          242 -0.019790560          182 -0.006112442        32848
151.250 -0.036978265          141  0.028950256          272 -0.009628245          130 -0.000852627        33722
153.750  0.049627764          116  0.009677172          252 -0.011018655          132 -0.002091378        34463
156.250 -0.070650573          131  0.000210125          243 -0.055926647          148 -0.000776335        35211
158.750  0.052875892          119 -0.043951026          236 -0.020461101          139 -0.001947855        35739
161.250  0.039691401          104  0.009549957          274  0.023025998          137 -0.001266514        36833
163.750  0.041433736          113  0.018536931          236 -0.009124748          129 -0.000297957        37353
166.250 -0.008663819          108 -0.021554428          235  0.005966954          138 -0.002433513        38634
168.750 -0.085123114          121 -0.007335197          239 -0.008262263          130  0.001374133        39043
171.250  0.017403880          138 -0.008399130          265 -0.005016083          135 -0.002406538        40236
173.750 -0.046455590          113  0.011631581          248  0.050144744          130  0.000031760        40778
176.250  0.033252950          126 -0.001721551          246  0.002077381          130  0.001002880        41101
178.750 -0.055445526          109  0.013789461          226 -0.024403402          117  0.000858892        42200
181.250 -0.008352790          123 -0.044127611          231  0.025920010          118  0.000240240        42906
183.750 -0.012502733          101 -0.014138472          250  0.033836548          136 -0.000296304        43868
186.250 -0.059002228          129 -0.007165898          294 -0.004062233          143  0.002193659        44567
188.750 -0.045406604          118  0.039034917          222  0.066820342          122  0.000234447        45438
191.250  0.032934617          109 -0.031019768          243  0.000459118          109 -0.001377306        45771
193.750 -0.033235991           94 -0.038836280          255 -0.007295785          115  0.001140284        46486
196.250  0.017300473          104 -0.004929943          231  0.026372469          138  0.000904068        47813
198.750  0.040078455           80 -0.002513541          242 -0.015608077          119  0.001168064        47971
201.250  0.004062291          107  0.001963836          248 -0.013263510          108 -0.000627909        49248
203.750 -0.036233319           94 -0.029178001          248  0.054295503           90  0.001520385        49851
206.250  0.018086679          103 -0.034211103          270 -0.004684168          112 -0.003548899        49977
208.750  0.018121405           78 -0.006942087          229 -0.000865432           96 -0.002655247        50792
211.250  0.044279980          102 -0.047438037          256  0.025969546          107  0.000528472        51986
213.750 -0.035636102           86 -0.006185283          211  0.037595624          111 -0.000762865        52418
216.250  0.082852596           76 -0.008290000          259  0.000434192          103  0.000475513        53161
218.750 -0.002544022           79 -0.003976028          268  0.007905690          111  0.001955813        53910
221.250 -0.078406063           94  0.006991524          231 -0.046674365          115  0.001157471        54545
223.750 -0.045567779           77 -0.007334690          223  0.031426150          108 -0.001238529        55217
226.250 -0.020362197           82  0.012861635          225  0.007996079           91 -0.001716044        55936
228.750  0.003005772           94  0.023026251          230  0.033070467           87 -0.000252707        56692
231.250 -0.006095584           87  0.003504032          234  0.056536843          103 -0.002550595        57561
233.750  0.018862426           76  0.022967679          221 -0.035700486          103  0.000996223        57999
236.250 -0.029823891           94  0.010611069          231  0.046895156           83 -0.001931487        58765
238.750  0.015990711           70 -0.006101055          220  0.053113725           84  0.000059888        59023
241.250  0.011941921           79 -0.007547100          254  0.004268750           93 -0.001400221        60308
243.750 -0.042850360           70 -0.028678081          210 -0.030437569          102  0.000483375        60670
246.250  0.005387828           61 -0.016885389          204 -0.044559959           82 -0.000374374        61608
248.750 -0.010740180           79  0.019931350          247  0.022063876           74  0.000185712        61614
251.250  0.022679168           65 -0.000538836          230 -0.043443566           72 -0.000533251        62716
253.750  0.050147100           63  0.017258281          203  0.070505939           78  0.000240054        63310
256.250 -0.001085193           62 -0.002173750          228 -0.018594867           94 -0.002099333        63611
258.750  0.008994705           75  0.015433024          227 -0.044238562           69 -0.002159039        64394
261.250  0.012906927           72 -0.000256074          209 -0.039166962           74 -0.000168990        65106
263.750  0.041796678           73 -0.013257881          222 -0.006730111           93 -0.001548132        65622
266.250  0.005961941           62  0.003244637          195 -0.010761176           83 -0.001344434        66133
268.750 -0.061598318           76  0.041134081          180 -0.015892229           74 -0.000468984        67103
271.250 -0.030891318           66 -0.000481494          199 -0.052964103           77  0.000511674        67496
273.750  0.037172428           61 -0.022713521          198 -0.046282266           59 -0.002020984        67921
276.250 -0.004249776           76 -0.025658550          218 -0.005416379           66 -0.001476145        68208
278.750 -0.038355426           51 -0.006239914          193  0.029179577           68  0.001014353        68927
281.250  0.025316449           77  0.004174781          213 -0.011966094           76 -0.001051949        70192
283.750 -0.058488366           63 -0.011984525          176 -0.008532058           80 -0.003008186        70223
286.250  0.007192736           62 -0.035994018          212 -0.016814604           69 -0.001180805        70745
288.750 -0.012881169           59  0.012093697          186  0.046024855           69 -0.001758294        71742
291.250 -0.021678950           73 -0.008066353          207  0.022419612           61  0.001474898        71745
293.750  0.042073310           76  0.001716322          205 -0.023656229           72 -0.000465178        72278
296.250 -0.054698543           66  0.040746821          190  0.054505947           56  0.000239432        72554
298.750 -0.035448322           74 -0.001357478          202 -0.010772695           58 -0.000314694        73069
301.250  0.108735313           63 -0.011647187          186 -0.000275889           60  0.001853842        73349
303.750  0.019928536           51 -0.014686126          171  0.056969348           52 -0.001435511        74244
306.250 -0.001295298           65  0.007654715          163  0.039205891           50 -0.000233912        74623
308.750 -0.035898172           57  0.028669887          165  0.012107547           49  0.000612132        75140
311.250  0.051175396           60 -0.014302281          199 -0.013561469           63 -0.001884568        75433
313.750 -0.010444986           62 -0.028583008          190  0.065633897           56 -0.000391455        75877
316.250  0.059862319           48  0.006494779          181  0.060240392           50 -0.000913465        76289
318.750 -0.051761052           52  0.004193199          212  0.000033291           61 -0.001255451        76919
321.250 -0.050352386           56  0.001413169          163 -0.088192961           43  0.000525840        76935
323.750  0.039749195           68 -0.011118519          173 -0.065058610           51  0.000648753        77496
326.250 -0.045743655           60  0.022635935          162  0.046794764           46  0.000659615        78685
328.750  0.011312056           68  0.024483837          145  0.015514658           51  0.001254610        78487
331.250  0.005925059           56 -0.011575337          166 -0.016473242           45 -0.002350946        78850
333.750  0.008693740           60  0.021144861          168 -0.024163506           59 -0.000675271        78960
336.250 -0.049702311           61 -0.014613242          167  0.048448085           47 -0.001730726        79572
338.750 -0.009023547           48  0.003922229          165  0.089386257           51 -0.001422580        79686
341.250 -0.025199882           61 -0.015287826          172  0.024234999           55 -0.001788515        80382
343.750 -0.068661452           49  0.006399979          156  0.058761447           39 -0.000565452        80642
346.250  0.029712159           69  0.011433813          161  0.009492262           55 -0.000479529        80863
348.750 -0.020503568           56  0.024008739          153 -0.067090222           34  0.000035785        80868
351.250 -0.026504303           58 -0.019331873          155 -0.001116909           34  0.001616231        81112
353.750  0.055794911           53 -0.011793845          161  0.083908246           40  0.001478815        81615
356.250 -0.046862979           59 -0.033732579          165  0.030101842           45 -0.001171138        82281
358.750  0.025718449           68  0.050338740          160  0.041521838           32  0.000477245        82982
361.250  0.000865794           56 -0.022712165          147  0.033509071           42  0.002277227        82743
363.750  0.019329737           44  0.008930302          154  0.038300986           38  0.000831499        82647
366.250 -0.000036339           53  0.026010878          168  0.068851450           36  0.000105678        82429
368.750  0.007015106           48  0.014686210          147 -0.020149450           35  0.000196683        83272
371.250 -0.008259780           48  0.014828234          152  0.010316236           35  0.002091263        83481
373.750 -0.013421241           54 -0.023644337          167 -0.017933579           39  0.000663064        83982
376.250  0.024261504           57  0.069002913          142  0.061937627           26 -0.001635123        83771
378.750  0.038700415           50  0.012967760          144 -0.008817464           42 -0.000241830        84483
381.250  0.008123184           58  0.001143369          147  0.015975338           26 -0.000019155        84823
383.750  0.051070495           50  0.013965485          155  0.007970409           31 -0.000798048        84288
386.250 -0.039301331           46  0.027349917          127  0.021402234           40  0.002060236        84952
388.750 -0.022747805           58  0.016995533          132 -0.012988198           32 -0.002481040        84803
391.250  0.016943770           55  0.006152689          129  0.035075782           36 -0.001107135        84896
393.750  0.068930328           58  0.024391732          131  0.010117168           35 -0.000402742        85236
396.250 -0.034868479           47 -0.043218222          122  0.096441598           28 -0.001184495        85064
398.750  0.023733358           45  0.040044065          131  0.011346425           27 -0.000023077        85159
401.250 -0.049926771           49 -0.022717466          134  0.022139806           27  0.001531593        85887
403.750 -0.023656003           40 -0.004112382          136  0.002296433           30  0.001436119        85507
406.250 -0.071938756           41 -0.022177457          140  0.005986074           21 -0.000115796        85614
408.750 -0.003117179           63  0.004341594          126  0.012427817           36 -0.000331824        85818
411.250 -0.077120985           36  0.006669056          119  0.040003301           31  0.000835677        85421
413.750 -0.003673097           36 -0.017785915          130  0.060979401           30  0.000007004        85908
416.250 -0.042021668           40 -0.032261106          122  0.006725176           26 -0.000727523        86307
418.750  0.017581783           45 -0.059930856          108  0.075199967           24  0.002020040        86302
421.250 -0.016901314           45  0.009685732          114  0.038861673           28  0.000445083        86521
423.750  0.039371587           49  0.008909804          104  0.083154494           19 -0.000851838        86209
426.250  0.072285381           53  0.021193077          110  0.084827125           27 -0.000841839        86722
428.750 -0.034437003           50 -0.002457477          112  0.005616708           18 -0.000203015        86255
431.250 -0.020648355           43 -0.010851280          128 -0.051294040           18  0.000599102        86416
433.750  0.034573495           44  0.015751537           94  0.022696431           23  0.000612755        86392
436.250  0.060075985           49 -0.060354088          105  0.051541958           25 -0.000142989        86608
438.750  0.059920941           42  0.001072367          114 -0.002431268           30  0.001023455        86721
441.250  0.004533703           46 -0.005807001          116 -0.019464437           24  0.000994589        86571
443.750 -0.014701406           45 -0.008725133           91 -0.071723530           27  0.001806575        86686
446.250 -0.047445587           43 -0.007626883           81 -0.047644102           22  0.000308129        87045
448.750  0.034305837           59  0.001238206           90 -0.193960250           12  0.000958825        86786
451.250 -0.066165324           50 -0.051111584          107  0.087978327           24 -0.001714791        86459
453.750 -0.099735979           54 -0.016180205           87 -0.010424305           20  0.000710145        85917
456.250  0.027626235           48 -0.004342887          107 -0.011618037           17 -0.000567096        85762
458.750 -0.041211491           49  0.014017098           94 -0.022877278           20 -0.001488778        86133
461.250  0.005959524           31  0.019987157           94  0.060949967           22  0.000663274        86263
463.750  0.011364541           35  0.005802394           92 -0.141999947           11 -0.000394983        85854
466.250 -0.054828895           38 -0.017674075           89 -0.028403555           21  0.000799641        85274
468.750  0.032881318           40  0.037414373           92  0.030221652           18 -0.000629759        85305
471.250 -0.013141058           37  0.004630911           91 -0.086008836           16 -0.000946333        85163
473.750 -0.072404971           47 -0.040482879           80 -0.088913251           15  0.000521825        84857
476.250 -0.065543758           41  0.007240854           73 -0.079995951           20 -0.000580184        85135
478.750 -0.015781844           35 -0.004854680           94  0.084199264           20 -0.000732115        84750
481.250 -0.010254331           53 -0.057284632           86  0.035278924           18 -0.000774420        84930
483.750  0.032670244           34 -0.038985111           74  0.043237259           24  0.000588170        84730
486.250 -0.016494772           44  0.026068699           71 -0.044445039           18 -0.001046252        84553
488.750  0.070552200           40  0.007046482           87  0.050110651           10  0.001420947        84207
491.250 -0.013454424           51  0.005567592           77 -0.137162689           19 -0.000812302        84337
493.750  0.049488738           44 -0.001201845           84  0.023345603           13 -0.000980530        84257
496.250  0.074057294           38 -0.067524880           84  0.077100879           14 -0.003526109        83653
498.750 -0.008546615           36  0.012490621           88  0.108738413           17 -0.000292716        83785
