  0.050  2.337553190 324.000000000 -1.193176886 128.000000000  0.505702400 56.000000000  0.307610969 16.000000000 -1.298939540 14.000000000  0.000000000  0.000000000
  0.150 -1.711273519 250.000000000  0.291752596 140.000000000  1.439636195 44.000000000 -0.614570561 10.000000000  0.094266363 10.000000000 -0.000672017  2.000000000
  0.250 15.730474490 312.000000000  1.278037859 164.000000000  2.709954647 54.000000000  0.125332680  4.000000000 -0.308769873 14.000000000  0.254661744  6.000000000
  0.350 -5.612656604 242.000000000  1.584805031 136.000000000 -0.201486037 36.000000000  0.216405104 10.000000000 -0.001558429 16.000000000  0.000133986  4.000000000
  0.450  0.183264946 294.000000000  3.146950646 120.000000000 -2.060873959 60.000000000  0.029104990 14.000000000 -0.349066277 14.000000000  0.048843484  6.000000000
  0.550  7.298099726 296.000000000  0.170935542 140.000000000 -1.195000723 46.000000000 -0.016187690 14.000000000 -0.454685319  8.000000000  0.000048845  2.000000000
  0.650 -11.777192246 238.000000000 -1.663932507 102.000000000  0.389357804 30.000000000  1.789280165 10.000000000 -0.323270873 10.000000000  0.000000000  2.000000000
  0.750 -3.253052134 224.000000000  2.730838050 126.000000000  0.452347489 30.000000000 -1.395589913  8.000000000 -0.031557401  8.000000000 -0.000800710  6.000000000
  0.850  1.262496639 194.000000000  2.193659826 108.000000000 -1.722632085 46.000000000 -3.062833876 10.000000000  0.028984445  6.000000000  0.000000000  0.000000000
  0.950  4.412350454 230.000000000  1.424397615 98.000000000  2.522879187 36.000000000  1.021856977 16.000000000 -0.048540955  6.000000000  0.000000000  2.000000000
  1.050 -8.807422185 156.000000000 -2.358845206 78.000000000  0.506391971 48.000000000  0.485119254 10.000000000 -0.413057623 14.000000000  0.000000000  0.000000000
  1.150  3.637972369 160.000000000  0.356206286 90.000000000  1.031981508 30.000000000  3.214628817  6.000000000 -0.298741055 14.000000000 -0.031924412  2.000000000
  1.250 -10.191120525 166.000000000 -0.808866660 76.000000000  0.148672144 26.000000000 -0.210052440 16.000000000  0.300694872  6.000000000  0.000000000  0.000000000
  1.350 -3.158491218 118.000000000  1.637653533 70.000000000 -0.357056564 22.000000000 -0.444813501 14.000000000  0.000000000  4.000000000 -0.000000190  6.000000000
  1.450  9.139603308 144.000000000  0.230195361 82.000000000 -1.351411769 36.000000000 -0.359661192  6.000000000 -0.563365669 22.000000000  0.000000000  0.000000000
  1.550 -3.376131935 148.000000000  0.267179056 64.000000000  0.422965787 32.000000000  0.224715437 10.000000000  0.138253258  6.000000000 -0.001389736  2.000000000
  1.650 -2.914206817 122.000000000  0.664883944 58.000000000 -0.621037322 34.000000000 -0.161342431  8.000000000  0.114508032 10.000000000  0.000000000  6.000000000
  1.750  1.961942237 128.000000000 -0.550811170 64.000000000  0.995771477 24.000000000 -0.001322038  4.000000000  0.000000000  2.000000000 -0.181513527  2.000000000
  1.850  3.844418300 100.000000000 -0.651915840 52.000000000 -0.507730712 28.000000000 -1.474638205 14.000000000 -0.458012072 14.000000000  0.000000000  2.000000000
  1.950 -3.306316600 110.000000000  0.254322497 74.000000000  0.326508540 24.000000000 -0.028098103 12.000000000  0.313113968  6.000000000  0.000000000  2.000000000
  2.050  0.853605055 108.000000000  0.818858126 68.000000000  0.060219947 36.000000000 -0.122186103 12.000000000  0.000260669  8.000000000  0.000000000  4.000000000
  2.150 -0.900804323 136.000000000  1.236510854 72.000000000 -0.246662121 38.000000000  0.650536269  8.000000000 -0.183057815  6.000000000  0.000000000  2.000000000
  2.250  2.254243921 164.000000000  1.141177515 70.000000000 -0.142762268 40.000000000 -0.341015249  6.000000000  0.000000000  8.000000000  0.000000000  0.000000000
  2.350 -4.920498113 150.000000000 -1.127041241 74.000000000  0.420769685 18.000000000  0.155187900 10.000000000  0.000000000  6.000000000  0.000000000  0.000000000
  2.450 -3.099041739 168.000000000 -2.507654339 74.000000000  1.125822241 40.000000000  0.000009323  6.000000000  0.000000000  8.000000000  0.000000000  2.000000000
  2.550 -9.164970692 158.000000000  0.004387854 94.000000000 -1.055471644 32.000000000 -2.648630047 12.000000000  0.000000000  4.000000000  0.000000000  0.000000000
  2.650 -2.573595852 146.000000000  0.841721473 90.000000000 -0.044589874 38.000000000  0.177371279 12.000000000  0.000000000 10.000000000  0.000000000  4.000000000
  2.750  5.271037899 186.000000000 -0.126544816 74.000000000  0.003704215 22.000000000  0.000000000  4.000000000  0.022546264 10.000000000  0.000000000  2.000000000
  2.850  1.610634202 144.000000000  1.088496589 66.000000000  0.221625938 38.000000000  0.195760586  6.000000000  0.000000000  0.000000000 -0.022253038  4.000000000
  2.950  1.220130287 136.000000000  1.053952789 90.000000000  0.003014286 36.000000000 -0.203737605  4.000000000  0.000000000  2.000000000  0.000000000  2.000000000
  3.050 -3.817503888 144.000000000  0.909697942 98.000000000  0.367340305 30.000000000 -0.000049269 18.000000000  0.000000000  8.000000000  0.000000000  2.000000000
  3.150  1.208355761 154.000000000  0.013565553 76.000000000 -0.365069902 30.000000000  0.000470778  8.000000000 -0.000023398 14.000000000  0.000000000  0.000000000
  3.250 -2.799114285 142.000000000  0.478915022 68.000000000  0.524288494 30.000000000  0.000000000 12.000000000  0.293698135 12.000000000  0.000000000  2.000000000
  3.350  1.160549458 164.000000000  0.306089103 78.000000000 -0.156341919 30.000000000  0.092650276 14.000000000  0.000000000 10.000000000  0.000000000  0.000000000
  3.450 -3.614718243 176.000000000 -0.183714598 82.000000000 -0.051784544 36.000000000 -0.380044678  8.000000000 -0.000296808  4.000000000  0.000000000  0.000000000
  3.550 -1.669044180 186.000000000  0.697259769 96.000000000 -0.545544800 36.000000000  0.000000000  4.000000000  0.000870795  4.000000000  0.000000000  0.000000000
  3.650 -4.758399115 210.000000000  0.631573144 110.000000000  1.301600879 30.000000000  0.000000000  8.000000000  0.000000000  8.000000000  0.406200083  4.000000000
  3.750 -2.817618140 216.000000000 -1.066667118 70.000000000  0.756920340 32.000000000  0.000403590 10.000000000  0.000000000  8.000000000  0.000000000  2.000000000
  3.850  4.054483097 180.000000000 -0.692246697 78.000000000  0.160792500 42.000000000  0.000000000 10.000000000  0.000000000  0.000000000  0.000000000  4.000000000
  3.950  0.812454654 176.000000000  1.033129358 76.000000000  0.199806874 48.000000000  0.000000000 12.000000000 -0.001288682  8.000000000  0.000000000  4.000000000
  4.050  0.237640578 158.000000000  0.541323193 92.000000000 -0.406257256 24.000000000  0.000000000 10.000000000  0.000000000 14.000000000  0.000000000  0.000000000
  4.150  0.646149660 170.000000000 -0.234987347 68.000000000  0.213326580 26.000000000  0.000000000  4.000000000  0.000000000  4.000000000  0.139614853  4.000000000
  4.250 -3.193625191 168.000000000  0.109494048 80.000000000  0.000000000 44.000000000  0.000000000  8.000000000 -0.023396512  6.000000000  0.000000000  2.000000000
  4.350 -1.407968489 192.000000000 -0.181927034 126.000000000  0.737131343 36.000000000  0.000000000  6.000000000  0.000000000 10.000000000  0.000000000  4.000000000
  4.450  3.108182285 158.000000000  0.000000000 82.000000000 -0.002466427 40.000000000 -0.073848401 12.000000000  0.000000000  4.000000000  0.000000000  2.000000000
  4.550  0.000069736 150.000000000  0.000117257 94.000000000 -0.135025433 24.000000000  0.000000000  4.000000000  0.000000000  8.000000000  0.000000000  0.000000000
  4.650  0.739896565 158.000000000 -0.607058139 78.000000000  0.000000000 28.000000000  0.000000000 14.000000000  0.000000000  4.000000000  0.000000000  0.000000000
  4.750  1.440207094 144.000000000  0.345868900 58.000000000  0.806919238 36.000000000  0.000000000 10.000000000  0.000000000  8.000000000  0.000000000  0.000000000
  4.850 -2.403076949 184.000000000  0.000000000 80.000000000  0.000000000 36.000000000  0.000000000  6.000000000  0.008837584 14.000000000  0.000000000  0.000000000
  4.950  0.563109606 150.000000000  0.000000000 54.000000000  0.000000000 32.000000000 -0.000018297 18.000000000  0.000000000  6.000000000  0.000000000  0.000000000
