#   q     Cout       Nout      Cside       Nside       Clong        Nlong
  1.250  0.051693407        23041  0.087702697        21426  0.085409405        22208  0.616698764          802
  3.750  0.047173240        22399  0.053756541        21596  0.051363502        21758  0.186625207         5454
  6.250  0.038075866        21725  0.034226467        21782  0.030132345        21538  0.077003509        14822
  8.750  0.028000096        21336  0.023024919        21283  0.022384439        21153  0.040173651        28194
 11.250  0.028010282        20678  0.013661637        21595  0.017647136        21254  0.024459203        45295
 13.750  0.026309876        20043  0.009666078        21540  0.012525692        21311  0.017858528        65386
 16.250  0.022332019        19641  0.007203525        21589  0.011726027        20819  0.013635146        89718
 18.750  0.021371647        18990  0.003862210        21819  0.006134370        20543  0.007239957       116239
 21.250  0.015392030        18682  0.001161993        21451  0.001858929        20201  0.006347326       145479
 23.750  0.014355631        18256  0.003371861        21377  0.002766266        20025  0.003190320       176987
 26.250  0.017491547        17904 -0.000522301        21508  0.000570887        19999  0.002970397       210889
 28.750  0.011289422        17275  0.003183694        21283 -0.002776376        19616  0.003537803       245595
 31.250  0.007305113        16977  0.004379678        21520  0.000973212        19753  0.003360728       283201
 33.750  0.014458620        16671 -0.001014452        21519  0.003264113        19371  0.001343963       321585
 36.250  0.013552726        16208 -0.003175385        21549 -0.000836406        19214  0.001454109       359472
 38.750  0.003815685        15524  0.000482516        21600  0.001379034        18863  0.001371455       400181
 41.250  0.007093091        15330  0.005337344        21289 -0.002341534        18692  0.002161018       440765
 43.750  0.007352003        14783 -0.000180997        21536 -0.000185976        18200  0.000275000       482924
 46.250  0.007245129        14653  0.002113608        21626 -0.001882429        18350  0.000726677       522748
 48.750  0.005305317        14122  0.000975485        21642  0.000743303        18138  0.001065408       564453
 51.250  0.015653596        13704  0.001746710        21641 -0.003851199        17865  0.001087369       606150
 53.750  0.011976565        13575 -0.001306830        21345  0.001782727        17528  0.000243315       646771
 56.250  0.006873532        13116  0.005039950        21520  0.001605608        17138  0.000627415       688602
 58.750  0.004331645        12935  0.002653871        21309 -0.000850068        17349  0.000369021       729169
 61.250  0.009952107        12546  0.000314347        21862  0.001173715        16561  0.000986454       771286
 63.750  0.008682605        12169  0.001851969        21314  0.002015300        16830 -0.000429475       811395
 66.250  0.002231548        11664 -0.003210972        21659  0.000318091        16402  0.000598603       850646
 68.750  0.004856608        11535 -0.001050952        21517 -0.002030207        16136 -0.000212657       891162
 71.250  0.001682127        11319  0.002982833        21420 -0.002784972        15829  0.000585658       928383
 73.750  0.006806688        11178  0.000724732        21793  0.004332430        15725  0.000805702       966101
 76.250  0.005990795        10916 -0.001885564        21468 -0.002238842        15315  0.000481309      1001916
 78.750  0.005313986        10529  0.001300284        21645  0.003716359        15316 -0.000097192      1038823
 81.250  0.005929801        10318 -0.001846205        21692 -0.001568910        15188 -0.000202273      1075323
 83.750  0.005914596        10126 -0.001741889        21683 -0.000003143        14891  0.000733977      1108688
 86.250  0.003094287         9917  0.000131378        21617  0.001406674        14398  0.000114849      1144155
 88.750  0.003526482         9603 -0.002852126        21705 -0.001357254        14310  0.000084514      1177759
 91.250  0.003080154         9404 -0.000438468        21278  0.004324419        13947  0.000238604      1210254
 93.750  0.002954598         9094 -0.000628171        21812  0.002053204        13678  0.000771754      1242449
 96.250  0.007294343         9013 -0.002944655        21858  0.000903240        13919  0.000068885      1274238
 98.750 -0.000586522         8720 -0.000612632        21761 -0.001399563        13300  0.000514918      1304209
101.250  0.002786131         8581  0.001433125        21464  0.001861413        13083  0.000192404      1333269
103.750  0.002579921         8392  0.000031837        21565  0.001773323        13102  0.000378359      1362421
106.250  0.001441348         8196  0.001082416        21621 -0.001690140        12557  0.000367263      1392471
108.750  0.008907729         8080  0.001355126        21664  0.001149448        12400  0.000341305      1420162
111.250 -0.000850320         7623  0.000280140        21844 -0.006916471        12284  0.000423405      1449299
113.750  0.000452824         7387 -0.001776168        21692 -0.000664525        11828 -0.000030320      1474857
116.250  0.006265453         7405  0.001768064        21660  0.001133676        11886  0.000272374      1500799
118.750  0.006120557         7248  0.000821780        21943 -0.004946548        11626 -0.000032844      1527134
121.250  0.001882292         7048 -0.000545276        21812  0.001305107        11122  0.000124863      1550882
123.750  0.003363631         6935 -0.001683876        21797 -0.003075640        11018  0.000224548      1577498
126.250 -0.001758173         6741 -0.004443378        21953 -0.000265099        10824  0.000066244      1602814
128.750  0.002345886         6684 -0.001437766        21917  0.002163415        10662  0.000275679      1626108
131.250  0.002135111         6596  0.002857911        21956 -0.002329511        10409  0.000183209      1647463
133.750 -0.000141407         6401  0.003580811        21851 -0.004384788        10225  0.000337876      1675322
136.250  0.001922700         6174 -0.000520545        21940 -0.005098402        10015  0.000151490      1696082
138.750 -0.000320273         6065 -0.001674995        21984 -0.003582174         9895 -0.000021341      1721437
141.250  0.000333357         5972 -0.000784061        21833 -0.004057838         9659  0.000101939      1741682
143.750  0.003353487         5773 -0.002401585        21980  0.002889747         9242 -0.000112646      1765236
146.250  0.009004079         5739 -0.003842396        21996 -0.001505703         9159 -0.000173474      1788067
148.750  0.006452630         5391  0.001943617        22056 -0.002511693         8917  0.000144001      1811752
151.250  0.004327547         5389  0.004596025        22222 -0.000065665         8728  0.000106181      1830700
153.750  0.000139578         5306 -0.000562096        21723  0.004965319         8631 -0.000133566      1852834
156.250  0.001459848         5040  0.000125453        21839  0.002747597         8332  0.000164588      1868834
158.750 -0.005075091         4960 -0.001020355        22084 -0.000634426         8250  0.000185190      1891601
161.250  0.007098784         5024 -0.001145477        22347 -0.002190000         7932 -0.000041006      1912395
163.750  0.008218243         4813 -0.000666178        21893 -0.002923478         7819 -0.000265910      1932924
166.250 -0.000421748         4761 -0.001520427        22020  0.002311190         7599 -0.000068259      1955945
168.750  0.004308231         4586 -0.004241212        22240  0.001846833         7407  0.000282696      1974714
171.250  0.005992613         4528 -0.002447534        21778 -0.001264187         7308  0.000182937      1996351
173.750  0.007201891         4441 -0.000415322        22434  0.001394109         7038  0.000230721      2017350
176.250  0.001650034         4223 -0.002017167        22436  0.001301965         6774 -0.000074265      2037621
178.750  0.016888625         4260 -0.002643334        22251  0.002519190         6591  0.000171387      2057286
181.250  0.006066900         4015  0.000468584        22360  0.006411404         6521 -0.000062060      2076541
183.750 -0.004099233         4178  0.000849467        22732  0.000760047         6270  0.000277554      2100460
186.250 -0.006378257         3850 -0.000768029        22474  0.003176973         6166  0.000241891      2118777
188.750 -0.003424492         3867  0.000250543        22297 -0.002139113         5921 -0.000109690      2142786
191.250  0.001488088         3795  0.000360312        22391  0.002635711         5686 -0.000288378      2163776
193.750  0.000198195         3615 -0.002022751        22698 -0.002274313         5563 -0.000177451      2183718
196.250  0.000129194         3640  0.003015949        22877  0.002480181         5342 -0.000150555      2209900
198.750 -0.000520157         3443 -0.002629580        22899 -0.003329595         5229 -0.000189489      2230070
201.250  0.003068789         3469  0.005009082        22699 -0.000288552         5112 -0.000014641      2255495
203.750  0.003300294         3396  0.000606628        22319  0.002139347         4856  0.000099731      2283998
206.250  0.005382593         3225  0.004819127        21617  0.004745824         4881  0.000206745      2310444
208.750 -0.001624995         3337 -0.001444939        21138 -0.005872760         4718 -0.000114907      2341067
211.250  0.008217789         3234 -0.002207675        20840 -0.003035741         4408  0.000127530      2365784
213.750 -0.000736774         3278  0.000639071        19913  0.001003161         4391  0.000148211      2392492
216.250 -0.001386577         3110 -0.000277482        19749  0.001857641         4162 -0.000040985      2419416
218.750  0.003349665         3177 -0.002850699        18914 -0.000595788         4056  0.000072341      2448314
221.250  0.000833782         3231 -0.000189599        18759  0.001739931         3831  0.000343620      2467007
223.750  0.001443074         3168  0.000270589        18334  0.006846233         3685  0.000050937      2498110
226.250 -0.003204016         3183 -0.001995685        17515  0.006037397         3717  0.000056197      2522007
228.750 -0.000190869         3075  0.002851531        17223 -0.011970378         3507  0.000152910      2545269
231.250  0.002159812         3024 -0.000917775        16830 -0.001479744         3349 -0.000136929      2567293
233.750 -0.005054395         3111 -0.000463583        16319 -0.001859440         3283  0.000203489      2589026
236.250  0.000195750         3042  0.001768939        15805  0.003954555         3047 -0.000163681      2608964
238.750  0.005549972         3094 -0.001231660        15656 -0.002915512         3011  0.000439363      2632008
241.250 -0.005955621         3065 -0.002920159        15035  0.008511295         2860 -0.000098653      2652913
243.750 -0.002379889         2897 -0.002744796        14745  0.001927291         2783  0.000371722      2667411
246.250  0.013175948         3046 -0.001178603        14057  0.001183588         2711  0.000233069      2689089
248.750 -0.002295639         3033 -0.002536795        13850  0.001868370         2621  0.000135481      2701004
251.250 -0.000903951         3103 -0.002730475        13634 -0.002246433         2497  0.000169562      2720274
253.750 -0.003667227         3071  0.000787893        13263 -0.006166421         2507  0.000198507      2733767
256.250 -0.002829425         3150 -0.003645464        12902  0.000376381         2376  0.000021037      2750484
258.750 -0.006640662         3048  0.002883514        12540 -0.006993208         2362  0.000098539      2754878
261.250  0.000710607         3080 -0.002226829        12298 -0.003957983         2210  0.000328045      2770127
263.750  0.001188638         3086 -0.004790036        12109 -0.004859557         2180 -0.000024946      2783296
266.250  0.000322215         3036  0.005937825        11659  0.005789435         2109 -0.000120386      2789884
268.750 -0.005404035         3128  0.000733834        11242  0.002047081         2008  0.000334120      2803063
271.250  0.006327839         3109  0.004004072        11009  0.001457791         1969  0.000048130      2804568
273.750  0.003351184         3040  0.004822657        10729 -0.003270568         1924 -0.000109062      2811933
276.250  0.001862225         2986  0.000486404        10442  0.006810856         1849  0.000114120      2815411
278.750  0.006240687         3117  0.003057728        10326 -0.005886159         1745  0.000023670      2819168
281.250  0.000975200         3038  0.004476725         9998 -0.005519431         1684 -0.000227594      2822678
283.750 -0.005640484         3049  0.002588057         9494  0.003143710         1697  0.000332141      2828371
286.250  0.000558256         3106 -0.000256927         9415  0.011417074         1589  0.000046504      2828640
288.750  0.003331396         2975  0.000255941         9092 -0.006844925         1611 -0.000141894      2826644
291.250  0.001155068         2947 -0.003355181         8881 -0.012628398         1479 -0.000131664      2827285
293.750 -0.007534222         3030 -0.002174694         8718  0.012876618         1462  0.000331204      2826951
296.250  0.003125479         2940  0.003777438         8497  0.001328704         1404  0.000250555      2825708
298.750  0.008138944         3136  0.000224053         8190  0.007631577         1372 -0.000128704      2819022
301.250 -0.001055884         3017 -0.005529424         8169 -0.000324173         1372  0.000247333      2818080
303.750 -0.003625636         3109  0.004473977         7644 -0.005394344         1198  0.000000539      2814386
306.250 -0.005087833         2981  0.001658409         7616 -0.018254841         1285 -0.000231834      2810296
308.750 -0.003657366         3024 -0.001682196         7445  0.004725968         1245 -0.000024836      2804045
311.250 -0.002374254         3014 -0.000079112         7337 -0.016472736         1125 -0.000073148      2794991
313.750  0.009665135         3008  0.000553299         7006  0.011335889         1100 -0.000095356      2788855
316.250  0.005797695         2970 -0.002306746         6784  0.008721611         1110 -0.000108553      2779867
318.750  0.000595168         2878  0.002957475         6637  0.005140883         1044 -0.000209412      2770067
321.250 -0.006238901         3016  0.005811827         6361  0.002147716         1024  0.000039133      2760086
323.750  0.005626598         2891  0.003510596         6149 -0.009725511          955  0.000052881      2750801
326.250  0.007775789         2888  0.008160397         6264  0.000098490          972 -0.000130570      2741506
328.750  0.006110400         2923  0.003322377         5940 -0.005341065          874 -0.000182692      2733036
331.250  0.003467387         2841  0.004520340         5872  0.011713230          964 -0.000214097      2715841
333.750 -0.000634218         2966 -0.005419342         5719  0.012158765          861  0.000014754      2700294
336.250 -0.000175439         2894  0.003010868         5484  0.001322572          887  0.000218659      2689647
338.750  0.004132581         2820 -0.000791862         5452 -0.003707146          895 -0.000034355      2678019
341.250  0.006020601         2824 -0.000516410         5384 -0.001149024          789  0.000033592      2663817
343.750 -0.001933733         2865  0.005062759         5225  0.001324596          784  0.000277148      2650091
346.250  0.010486201         2785  0.004049462         5111 -0.003531627          736  0.000034271      2633862
348.750 -0.004646803         2798 -0.003111770         4894  0.007803827          732 -0.000120372      2620205
351.250 -0.002380364         2771  0.006528237         4745 -0.014745499          674 -0.000021481      2607759
353.750  0.007381089         2681 -0.000600658         4654  0.002669494          685  0.000131696      2588675
356.250  0.007832568         2780 -0.006193477         4469  0.005870350          678 -0.000046783      2571704
358.750  0.011267665         2678  0.008217593         4412  0.001448644          626  0.000134996      2556342
361.250  0.006773713         2713  0.004414538         4287 -0.003047882          622 -0.000007126      2537929
363.750 -0.004545810         2707  0.005100098         4195 -0.025401180          582  0.000066775      2522980
366.250  0.001723306         2658  0.007540527         4080 -0.001055704          541  0.000139290      2502771
368.750 -0.003530320         2548  0.002516557         3859 -0.009477794          557 -0.000170047      2486579
371.250  0.005748826         2649  0.007619105         3836  0.002208721          519  0.000222293      2470990
373.750 -0.005381255         2641 -0.002587900         3738 -0.002153510          529 -0.000184581      2448868
376.250  0.001987509         2588 -0.005081354         3708 -0.003257360          526  0.000001864      2433205
378.750  0.000769919         2550 -0.005644781         3658 -0.002247991          476  0.000055918      2414073
381.250 -0.000035047         2485 -0.003341791         3527  0.019069651          506  0.000032685      2394154
383.750 -0.006529618         2417  0.001076807         3437  0.016799767          484  0.000017719      2370020
386.250  0.005015894         2497 -0.001490094         3290 -0.002890825          452 -0.000201449      2352468
388.750 -0.001780822         2530  0.003973002         3246 -0.013062699          429 -0.000027559      2332713
391.250  0.001586022         2399 -0.001924610         3204 -0.010201393          428 -0.000184778      2312826
393.750 -0.003210164         2363  0.003107680         2958 -0.005719388          412 -0.000016687      2290082
396.250  0.002888228         2356 -0.002092981         3014 -0.002610572          431 -0.000218367      2273576
398.750  0.009502093         2350  0.001701357         2881 -0.009399623          361 -0.000020954      2251665
401.250 -0.005572348         2347 -0.006128471         2905  0.024617310          347  0.000069829      2230164
403.750  0.000679341         2321 -0.003744672         2753  0.001285626          418 -0.000036419      2209907
406.250  0.006614754         2254 -0.000017099         2714  0.029359433          372 -0.000049327      2191911
408.750 -0.006833308         2328  0.002087287         2656 -0.009859327          344  0.000122957      2170904
411.250  0.011082745         2257  0.005303155         2510  0.001116333          352 -0.000025049      2150531
413.750  0.006811025         2206 -0.006298607         2534  0.012419768          342  0.000053578      2130910
416.250 -0.011644138         2171  0.002608425         2440  0.003764433          317 -0.000127966      2105512
418.750 -0.003350479         2222 -0.002745230         2382  0.022140836          336 -0.000309250      2084834
421.250 -0.003793124         2153  0.002999294         2245 -0.017422704          279  0.000016036      2066868
423.750 -0.003143982         2123 -0.006395223         2259 -0.012061980          257 -0.000015351      2045267
426.250 -0.001931114         1984 -0.001258087         2130 -0.003864618          262 -0.000104405      2026292
428.750  0.002273362         2067  0.000691475         2101 -0.035951587          275 -0.000104633      2004788
431.250 -0.006197782         2201  0.003314934         2049  0.003113300          253  0.000023055      1982825
433.750  0.002364227         2087 -0.001780171         1974 -0.024751320          219  0.000193734      1961076
436.250 -0.001946058         2071  0.007033619         2062 -0.021997781          259 -0.000107978      1942704
438.750  0.007078692         2025 -0.007214186         1943 -0.005206267          232 -0.000105326      1920211
441.250  0.005086702         1945  0.003678457         1877  0.012690226          236  0.000022733      1899241
443.750  0.004927412         2031 -0.013582461         1810 -0.034223147          216  0.000078824      1875920
446.250 -0.005114326         1924 -0.000901499         1841 -0.001866227          246 -0.000061713      1857320
448.750  0.004307592         1970 -0.006272637         1693  0.012028711          227 -0.000014627      1836801
451.250 -0.001445674         2013  0.002664634         1659 -0.013710520          211 -0.000158361      1818401
453.750 -0.007851984         1884 -0.000986128         1662 -0.006683137          221 -0.000017453      1797984
456.250  0.002594439         1880 -0.010436607         1662 -0.009900067          203 -0.000088788      1775386
458.750  0.003487004         1786 -0.001807961         1619  0.000525151          202  0.000004354      1756392
461.250 -0.000621611         1869 -0.002258561         1484  0.000775523          159  0.000030854      1737456
463.750  0.007713448         1788 -0.007689818         1473 -0.006721118          201 -0.000125938      1717045
466.250 -0.004215696         1804  0.009089121         1469 -0.011372865          187  0.000197607      1693747
468.750 -0.005112951         1743  0.003164396         1463 -0.005004615          177 -0.000348460      1676002
471.250 -0.002074321         1730 -0.003086678         1401  0.002813117          134  0.000076581      1653013
473.750  0.008687426         1670 -0.003578263         1347  0.006970626          161  0.000186352      1635819
476.250 -0.006162661         1732  0.013793536         1353 -0.007278984          169  0.000075998      1616665
478.750 -0.010075474         1717 -0.002424554         1271  0.008974979          175  0.000067276      1595578
481.250 -0.002126447         1656  0.003592323         1307 -0.037827270          171  0.000095070      1581306
483.750 -0.003098712         1657  0.002006644         1262  0.012692657          161 -0.000015658      1559746
486.250 -0.001946622         1645  0.004239225         1180  0.005639348          122  0.000465903      1537809
488.750 -0.010370742         1668  0.002721911         1177 -0.008465186          124 -0.000021889      1518752
491.250  0.002678902         1578  0.006219184         1118  0.007348291          126 -0.000174058      1500774
493.750  0.000651097         1612 -0.006516613         1196 -0.012393703          128  0.000070090      1484204
496.250 -0.000792398         1552  0.001092172         1034 -0.008521885          118  0.000001302      1464680
498.750 -0.001896457         1588 -0.002545360         1021 -0.005256128          142 -0.000058339      1447639
