#   q     Cout       Nout      Cside       Nside       Clong        Nlong
  1.250  0.052451075        22550  0.088338540        21252  0.086906871        21875  0.566991904          815
  3.750  0.045050293        22312  0.051319763        21600  0.051487053        21581  0.187735586         5377
  6.250  0.033956972        21633  0.034434239        21408  0.027259392        21500  0.078595204        14587
  8.750  0.031129920        21153  0.020885788        21402  0.024800196        21144  0.041444151        27801
 11.250  0.030014450        20546  0.013647345        21577  0.013473916        21461  0.023732736        44965
 13.750  0.023170449        20352  0.009609330        21307  0.012266486        20985  0.015632669        66094
 16.250  0.023332927        19759  0.010582442        21657  0.005116940        20728  0.011276816        89117
 18.750  0.018235166        19151  0.004933530        21473  0.005273180        20516  0.007930193       115686
 21.250  0.013766815        18808  0.002484561        21434  0.010715881        20508  0.007029210       145160
 23.750  0.012853762        18357  0.002128439        21126  0.006623879        20420  0.005768466       177311
 26.250  0.013005748        17709 -0.000381398        21518  0.001467453        19979  0.004258174       210577
 28.750  0.009637999        17329  0.001111506        21665  0.003706853        19714  0.003718209       246158
 31.250  0.011392112        16939  0.000275197        21429  0.003379023        19356  0.003327972       282734
 33.750  0.012339557        16381  0.001905865        21598  0.005398644        19263  0.002706085       321325
 36.250  0.012958196        15780  0.004279114        21523  0.002835054        19146  0.001378353       359438
 38.750  0.006207856        15526  0.003716110        21566  0.002730080        18929  0.001242018       399805
 41.250  0.010938999        15351 -0.000205355        21493  0.001724098        18448  0.001607697       439642
 43.750  0.009390490        14642  0.002545998        21236  0.000382910        18436  0.000367632       481792
 46.250  0.010813221        14428 -0.000257874        22006  0.001989039        17980  0.001308454       524205
 48.750  0.013418995        14110  0.003723786        21519 -0.000458311        18114  0.001775704       566126
 51.250  0.007314228        13838 -0.003722660        21330  0.001902470        17596  0.000718276       605375
 53.750  0.006561518        13559  0.000238379        21419  0.002234240        17362  0.001108254       648610
 56.250  0.004212908        13138  0.003247779        21696  0.001717588        17249  0.000580215       690320
 58.750  0.011324621        12747 -0.001975542        22031  0.003386001        16994  0.000663140       730235
 61.250  0.002017042        12389  0.001963755        21569 -0.001605761        16845  0.000592231       771859
 63.750  0.005755651        12321  0.003775369        21426 -0.001259868        16474  0.000776718       811572
 66.250  0.004921363        11957  0.002337307        21617  0.003922437        16244 -0.000026796       850390
 68.750  0.013590035        11597 -0.001063572        21729 -0.004639555        16180 -0.000082168       888809
 71.250  0.003135804        11363 -0.001866124        21612  0.002058539        15756  0.000255292       929042
 73.750  0.002340471        11128 -0.002089402        21520 -0.001233008        15744  0.001234031       964385
 76.250  0.001816665        10643  0.002013890        21654 -0.000495042        15383 -0.000255465      1003334
 78.750  0.003769296        10518  0.004499109        21716 -0.001996293        15213  0.000667915      1038153
 81.250  0.003392191        10472  0.000417406        21754 -0.000390090        15030 -0.000081130      1076464
 83.750  0.002274169         9947  0.002955708        21780  0.002666584        14849 -0.000271780      1109371
 86.250  0.009532148         9844  0.000463353        21471 -0.000090598        14600  0.000564014      1142756
 88.750  0.002910116         9646  0.005949233        21728 -0.000412132        14162  0.000350918      1177116
 91.250  0.008570484         9286 -0.004008095        21756  0.001403416        14140  0.000184244      1207625
 93.750  0.004708003         9227  0.000478201        21591  0.001023334        13786  0.000355538      1241340
 96.250  0.001694475         8954  0.001487529        21824  0.000436011        13452  0.000355107      1272911
 98.750 -0.001188736         8679  0.002532606        21686 -0.002576798        13428  0.000253487      1305553
101.250  0.000196735         8564 -0.001652627        21574 -0.001113207        13098  0.000119961      1332673
103.750  0.003605430         8477  0.003267981        21624  0.003560202        12784  0.000137418      1360579
106.250  0.002266862         8115  0.001113532        21898 -0.001385517        12801  0.000272680      1389137
108.750  0.002432872         7854  0.001936083        21638  0.000303365        12479  0.000430865      1418785
111.250  0.007848338         7732  0.001476824        21813  0.002720295        12204  0.000071107      1449055
113.750  0.008990140         7578 -0.001527269        21633 -0.001993425        12092 -0.000018433      1472330
116.250 -0.001423387         7285 -0.000487228        21741  0.001399098        11703 -0.000103070      1500968
118.750  0.002302263         7177  0.002546202        21883  0.004587414        11457  0.000116398      1527072
121.250  0.001636102         7006 -0.001515620        21724  0.003082748        11329  0.000430266      1551170
123.750  0.004927769         6979 -0.002040977        21661  0.002304595        10908  0.000617231      1578649
126.250 -0.003308365         6911 -0.002159098        21835  0.001317747        10804  0.000303053      1599159
128.750  0.003387021         6449  0.002752641        21838 -0.001117757        10839 -0.000206917      1628155
131.250 -0.004756453         6455 -0.001205511        21803 -0.006163513        10523  0.000331237      1650078
133.750  0.002297027         6217 -0.000411096        22077 -0.003593455        10111  0.000333026      1675339
136.250  0.007013416         6204  0.001018850        21857  0.000175574        10144  0.000184700      1696542
138.750  0.000649485         6050 -0.000474530        21970 -0.000356605         9845  0.000065164      1719312
141.250  0.002926733         5931  0.002472544        21853 -0.000365175         9602 -0.000234022      1743744
143.750  0.001452546         5929 -0.001541181        22036  0.000880313         9481  0.000051648      1764515
146.250  0.002694676         5611 -0.003696636        22000  0.000221260         9184 -0.000132391      1787346
148.750  0.005994512         5543 -0.002685254        22105  0.000382318         8844 -0.000425089      1806728
151.250  0.009738707         5345 -0.001459019        21951  0.005757846         8731  0.000708041      1830030
153.750  0.004246441         5257  0.000405860        22035  0.001553548         8591 -0.000061328      1848741
156.250 -0.002097905         5104  0.001338507        22213  0.003713286         8452  0.000149211      1873203
158.750 -0.005571296         5079 -0.001308436        22467  0.002646888         8152 -0.000243453      1891821
161.250  0.006696392         4918  0.001483931        21777 -0.003637182         8040  0.000596708      1913994
163.750  0.002888548         4825 -0.002738382        22219 -0.000493641         7819  0.000443703      1934129
166.250  0.003797648         4734  0.004077172        22070  0.002958872         7623  0.000307393      1954702
168.750 -0.005968986         4693  0.000715632        22117  0.001373589         7359 -0.000132000      1973509
171.250 -0.001176799         4576  0.000423926        21995  0.001190547         7116  0.000482424      1994010
173.750  0.009094395         4384  0.001369633        22351  0.001103187         7075 -0.000016880      2016277
176.250 -0.005288062         4349 -0.000443881        22422  0.003134420         6846 -0.000068227      2036637
178.750 -0.000434570         4293 -0.001542180        22347 -0.002158988         6691  0.000109785      2057275
181.250 -0.005428745         4166 -0.000889111        22253  0.009596690         6450  0.000323579      2077577
183.750 -0.001306696         4088 -0.001437436        22419  0.007331723         6231  0.000206045      2095208
186.250  0.002158797         4028  0.001776922        22764  0.002074333         6247  0.000394310      2120014
188.750  0.004211675         3784 -0.003348315        22742 -0.001217871         6076 -0.000183535      2141179
191.250  0.006826961         3896  0.003227466        22280 -0.002811882         5870  0.000179208      2164207
193.750 -0.007007723         3697  0.000653582        22751  0.002948316         5592  0.000071066      2185432
196.250  0.004106244         3644 -0.001061645        22725  0.001457692         5392 -0.000202809      2206855
198.750  0.010983515         3489  0.002733902        23173  0.002503097         5289  0.000049511      2232319
201.250  0.002622205         3604 -0.000185410        22608  0.004151552         5204 -0.000310032      2256086
203.750  0.000473462         3500 -0.001432273        22307  0.005772805         5020 -0.000168066      2281796
206.250  0.003727622         3403  0.000946852        21883  0.003740120         4817 -0.000301296      2309522
208.750 -0.001664600         3329  0.000341641        21530  0.004181979         4575  0.000080452      2337776
211.250 -0.005183719         3351 -0.001344593        20703 -0.001143696         4442  0.000117723      2363883
213.750 -0.000392755         3238 -0.001337792        20264 -0.005356234         4263 -0.000255451      2392446
216.250  0.009378189         3277 -0.004421818        19596 -0.000046170         4140  0.000146113      2420000
218.750 -0.006308032         3164  0.003629104        18964 -0.008388507         4043 -0.000019595      2445485
221.250  0.011174064         3183 -0.001024017        18720  0.002223645         3789 -0.000151537      2469919
223.750  0.005479576         3054 -0.001544054        18163  0.000605204         3716  0.000648912      2496865
226.250 -0.003495884         3127  0.000284706        17713 -0.004251231         3641  0.000020901      2520733
228.750 -0.004938819         3008  0.000773408        17213 -0.001375405         3539  0.000008545      2544078
231.250  0.000252517         3083  0.000334996        16866 -0.001054186         3422  0.000146549      2568488
233.750 -0.000303195         3045  0.002453594        16349 -0.000642325         3257 -0.000039049      2590599
236.250  0.004747042         3037 -0.004451584        15855 -0.006583155         3148 -0.000067771      2611664
238.750  0.002904800         3086 -0.003966331        15541 -0.002969054         3022  0.000409134      2631923
241.250  0.006223600         3032 -0.003993923        15221  0.001941658         2954 -0.000053758      2648964
243.750  0.001788769         3075 -0.000977035        14756  0.001799997         2847 -0.000206888      2670544
246.250  0.002804106         3064 -0.000732280        14359  0.010625439         2709 -0.000004899      2687276
248.750 -0.012018322         2950  0.004803641        13966 -0.007330340         2632  0.000087309      2706201
251.250  0.000140953         2960  0.000585949        13527  0.005546631         2575  0.000163580      2718617
253.750 -0.009894524         3013  0.000428499        13297  0.006161359         2414  0.000171559      2735036
256.250  0.001752089         3106 -0.001255240        12891  0.001426964         2285  0.000310357      2749490
258.750  0.000124612         3055  0.006490756        12390  0.004157216         2269 -0.000162687      2756272
261.250 -0.002804678         3102  0.005523302        12353  0.001248138         2241  0.000035816      2771157
263.750  0.003310152         3018  0.003176979        12037 -0.010671947         2199 -0.000323541      2778744
266.250  0.003546119         3092  0.002796947        11519  0.001770879         2047 -0.000215291      2791492
268.750  0.006030212         3040 -0.000705974        11392  0.013977937         2050 -0.000203606      2795956
271.250 -0.002516343         3089 -0.001502468        11025 -0.003906762         1894 -0.000137617      2802049
273.750  0.001350113         3099 -0.008632857        10903  0.016372436         1920  0.000086001      2808558
276.250 -0.005120854         3058  0.001230501        10558 -0.013971399         1813  0.000084637      2817589
278.750  0.010268126         3131 -0.000795246        10136 -0.006059716         1729  0.000144203      2820021
281.250 -0.001399848         3112  0.003357455         9934 -0.005898619         1733 -0.000273993      2824444
283.750 -0.000964667         3045  0.005821992         9688  0.000791194         1715  0.000124555      2825717
286.250  0.003841949         2992  0.001534875         9401 -0.000676589         1557  0.000001879      2828291
288.750 -0.009582266         3087 -0.001852823         9144  0.008527471         1555  0.000088994      2829108
291.250  0.003146724         2993 -0.000401556         9050 -0.006675728         1495 -0.000088318      2830661
293.750  0.005499668         2976  0.005025728         8694  0.010356335         1500 -0.000257749      2827680
296.250  0.011885191         2983  0.002751271         8476  0.000406607         1418  0.000038375      2824476
298.750 -0.001171152         3037  0.000347507         8388 -0.003559371         1335 -0.000101023      2822538
301.250 -0.001363115         2962 -0.002743875         7955  0.002739862         1288 -0.000126214      2818565
303.750  0.003762243         2958  0.002674328         7769  0.004432456         1256  0.000135783      2811069
306.250  0.009099019         2875 -0.003426284         7506 -0.007304336         1231  0.000069948      2805663
308.750 -0.001615684         3088 -0.001678691         7370  0.002784432         1237 -0.000099477      2802070
311.250  0.005510731         2968  0.004440294         7265 -0.015501158         1204 -0.000226473      2791900
313.750  0.005364849         2880  0.000018833         7086 -0.002216476         1148 -0.000160373      2787715
316.250 -0.004305629         3049  0.002756134         6919  0.005599770         1108  0.000060395      2781058
318.750 -0.000119054         2996  0.001549343         6723  0.003874356         1033  0.000058100      2772285
321.250 -0.004266398         2889 -0.000326726         6601 -0.008105801         1036  0.000070297      2760032
323.750 -0.002225396         2948  0.004880467         6279  0.001086330          934 -0.000163498      2751050
326.250 -0.002175062         2864  0.002986855         6196 -0.009785259          932  0.000221758      2741185
328.750 -0.004292991         2818 -0.001912778         6083 -0.001447024          920  0.000111886      2730100
331.250  0.010631086         2863  0.001579361         5877 -0.008261300          879  0.000170860      2718983
333.750 -0.001085018         2712  0.003528231         5650  0.000682368          816 -0.000223374      2705214
336.250  0.010477211         2842  0.003453998         5590 -0.000994226          801  0.000148997      2696101
338.750 -0.011197999         2897 -0.000770499         5255 -0.004271682          746 -0.000083763      2680604
341.250  0.001182314         2866 -0.000708917         5341 -0.000231473          729  0.000014006      2667940
343.750 -0.004277382         2822 -0.005375277         5164  0.011452736          767 -0.000227894      2649416
346.250  0.009758068         2774  0.004106075         4907  0.017654007          733 -0.000085745      2636651
348.750  0.004393304         2786 -0.003457685         4807  0.002792309          666  0.000098015      2619865
351.250 -0.000357139         2624 -0.002911900         4717 -0.018231385          686 -0.000365167      2605249
353.750  0.003632796         2680  0.000349165         4704  0.000710756          686 -0.000330716      2587398
356.250  0.002961263         2750 -0.000326598         4421  0.000427791          623 -0.000009907      2574851
358.750  0.000360328         2723  0.001942010         4426  0.006508199          639  0.000103089      2551626
361.250 -0.007545780         2632  0.000495037         4352 -0.006678330          645 -0.000021274      2539493
363.750 -0.001877457         2747 -0.003881625         4107 -0.012630595          597  0.000308272      2522147
366.250  0.014680124         2577  0.001694205         4167  0.000884004          554 -0.000016780      2501190
368.750  0.000613472         2655  0.003617391         3901 -0.003262456          541  0.000186877      2485168
371.250 -0.001236053         2627 -0.001346301         3941  0.004231762          566 -0.000149395      2464778
373.750  0.000561122         2591  0.007217758         3847  0.012667639          531  0.000050669      2448244
376.250 -0.001738934         2591 -0.008144914         3696 -0.000794137          497  0.000144658      2431455
378.750 -0.000677819         2686 -0.004185707         3546  0.008483164          535  0.000325321      2409848
381.250 -0.007984942         2461 -0.002183978         3501 -0.010151662          476  0.000297900      2391187
383.750 -0.002465663         2513  0.000291500         3381  0.020310117          461  0.000226231      2371621
386.250 -0.001409601         2473  0.000667811         3228  0.001268587          440  0.000048071      2352516
388.750  0.007817033         2392 -0.000828649         3238  0.011472129          476  0.000015857      2333514
391.250  0.008705986         2470 -0.009705235         3164  0.002432117          403 -0.000104127      2311704
393.750 -0.006226156         2461 -0.001490432         3072  0.002337086          392 -0.000098620      2296165
396.250  0.006245410         2406  0.002210335         2973  0.003799262          405 -0.000082003      2274456
398.750 -0.005811473         2321  0.001806132         2843  0.019624918          415 -0.000000261      2250231
401.250 -0.001109316         2342 -0.006042879         2960 -0.007006164          383  0.000226413      2232742
403.750 -0.000084862         2317  0.000924243         2845 -0.016692563          364  0.000219466      2211416
406.250 -0.003462303         2312 -0.007004795         2670 -0.003087544          343 -0.000025794      2191922
408.750 -0.007087247         2221 -0.007257385         2580  0.014885447          320  0.000236149      2169023
411.250 -0.001425467         2223  0.004914402         2604  0.013181690          345  0.000257108      2149782
413.750  0.002961567         2198 -0.002877345         2524 -0.006772748          308 -0.000145174      2128067
416.250 -0.007079285         2218  0.001084410         2448 -0.029707611          309  0.000359910      2108043
418.750 -0.000603112         2284  0.000856937         2366 -0.008105267          287  0.000248703      2087072
421.250 -0.003923201         2145  0.000016977         2315 -0.015601254          287 -0.000155765      2066675
423.750  0.005425810         2104  0.002655040         2191 -0.018617838          306  0.000319471      2046768
426.250 -0.010960523         2225 -0.005441102         2100 -0.011440979          271  0.000252834      2024261
428.750  0.001603072         2109 -0.003350777         2180  0.010630306          276  0.000095441      2004122
431.250 -0.014068887         2093 -0.009016112         2048 -0.008957337          278 -0.000055721      1980084
433.750  0.001228033         2041 -0.007216787         2082  0.024882181          253 -0.000251361      1964392
436.250 -0.007912339         2050 -0.001694930         1938  0.011088274          241  0.000127034      1940300
438.750  0.011458019         2073  0.003399219         1866  0.002233141          233  0.000194394      1917839
441.250 -0.013270715         2001  0.001171932         1963 -0.004590001          222  0.000122448      1900104
443.750  0.009771816         1964  0.000648489         1856 -0.019314326          209  0.000187836      1879761
446.250 -0.000643337         1948 -0.003577108         1841 -0.011222512          237  0.000028555      1857189
448.750  0.007328789         1926 -0.001813764         1779  0.016632721          190 -0.000071850      1838035
451.250  0.011138790         1865 -0.001813059         1710 -0.015703492          215 -0.000125509      1815005
453.750  0.005080848         1989 -0.004943447         1727  0.034429171          202 -0.000247137      1796453
456.250  0.001185479         1815 -0.011824960         1663  0.012777165          222 -0.000009433      1776646
458.750  0.001530424         1867  0.004105366         1609 -0.016149294          197  0.000086200      1754151
461.250  0.000299917         1880  0.002370700         1521  0.000848662          192  0.000054606      1735255
463.750 -0.004822664         1801 -0.000955361         1521 -0.018135104          185  0.000414119      1717355
466.250 -0.006092392         1755  0.001366709         1398  0.009690428          156  0.000086105      1695245
468.750  0.001664060         1834 -0.005987035         1449 -0.052491691          178  0.000215028      1675201
471.250 -0.005042086         1776  0.000496276         1406 -0.014272148          142  0.000009735      1656314
473.750  0.000987603         1679 -0.000898720         1340  0.036928236          163 -0.000260897      1635525
476.250  0.002470569         1726  0.002071417         1296 -0.012950798          148  0.000038710      1616665
478.750 -0.012462276         1713 -0.006521178         1296  0.018840330          143 -0.000003280      1593801
481.250 -0.007982535         1662 -0.001749509         1255 -0.009149280          133  0.000060654      1578760
483.750 -0.003895903         1628 -0.005032554         1226  0.003711068          157  0.000052691      1562072
486.250  0.000043741         1626  0.001257436         1150  0.027252194          134  0.000310730      1536554
488.750 -0.002677674         1578 -0.006595071         1189 -0.006305268          135 -0.000283540      1519504
491.250  0.003016257         1551  0.002009727         1117  0.027366992          127 -0.000112697      1500830
493.750 -0.002851487         1660 -0.007515026         1165  0.025746351          150  0.000090280      1483530
496.250  0.005782439         1564 -0.002306295         1071  0.038169475          112 -0.000266237      1464243
498.750  0.006064792         1473  0.006581962         1021  0.018478393          110 -0.000474100      1445800
