#   q     Cout       Nout      Cside       Nside       Clong        Nlong
  1.250  0.049654875        22688  0.086894858        21381  0.090177767        21665  0.614138967          807
  3.750  0.050777122        22581  0.053423874        21408  0.049918461        21738  0.190048452         5540
  6.250  0.036778429        21529  0.034731148        21317  0.031006836        21802  0.075036213        14459
  8.750  0.030906580        21070  0.024098624        21541  0.023612255        21560  0.041247835        28032
 11.250  0.027299000        20552  0.012389929        21393  0.013046876        20847  0.022627405        45122
 13.750  0.025937839        20089  0.012676852        21469  0.014469944        20897  0.017756108        65275
 16.250  0.020433481        19369  0.005159673        21590  0.006553541        20983  0.012490986        89880
 18.750  0.020731797        19353  0.005364658        21631  0.007886454        20609  0.007245324       116088
 21.250  0.017467567        18825  0.004190106        21163  0.004502247        20123  0.006417028       145329
 23.750  0.017745684        18214  0.002544165        21541  0.007470329        20238  0.005186682       176493
 26.250  0.011762573        17999  0.002558584        21693  0.000468479        19894  0.003374342       210586
 28.750  0.011156314        16992  0.004126994        21563  0.001194204        19800  0.004862473       246138
 31.250  0.013145254        16846  0.007316091        21475  0.002101367        19419  0.002654108       282334
 33.750  0.010567663        16749  0.000563035        21497 -0.001814012        19254  0.001376274       322395
 36.250  0.010620893        15958  0.000153888        21589  0.001712969        19114  0.002150329       359342
 38.750  0.005804527        15620  0.001497430        21425  0.001666305        18766  0.002221701       399546
 41.250  0.009403807        15283  0.002423176        21623  0.003230904        18716  0.001179511       441426
 43.750  0.008294718        14908  0.001548172        21600  0.004104040        18626  0.001118510       482937
 46.250  0.006378706        14344  0.002773374        21499  0.002574711        18080  0.001037950       523899
 48.750  0.010246205        14581  0.000809463        21452 -0.004123979        17969  0.001331561       566191
 51.250  0.011166230        13791 -0.002328309        21678  0.003346423        17586  0.000639938       606242
 53.750  0.002392772        13448  0.000313611        21161  0.002680876        17556  0.001094085       647869
 56.250  0.005198997        13196 -0.001894919        21490  0.002401748        17245  0.000472596       688056
 58.750  0.007833022        12893 -0.000142522        21383  0.000690605        17223  0.001285005       730799
 61.250  0.004202725        12409  0.000786981        21426  0.001033769        16963  0.000363359       771383
 63.750  0.009215248        12083 -0.001108475        21625  0.000965399        16671  0.000465554       811150
 66.250  0.007402877        11808 -0.002587481        21527  0.002943728        16172  0.000372108       850984
 68.750  0.006359571        11341 -0.000093354        21654  0.000569515        16148  0.000741401       890163
 71.250  0.004654362        11117  0.000992232        21568  0.003776221        15727  0.000184839       927936
 73.750  0.010491435        11028 -0.001196950        21613  0.000688521        15647  0.000817800       967094
 76.250  0.003640138        10867 -0.001382981        21736  0.000646949        15416  0.000497616      1002611
 78.750  0.005479922        10650 -0.003578279        21754 -0.003003711        15146  0.000854224      1039971
 81.250 -0.002187611        10687 -0.000353485        21708  0.000385283        14846  0.000088120      1072177
 83.750  0.003955846         9898  0.000085309        21760  0.004037859        14633  0.000330263      1108655
 86.250  0.000997053         9803 -0.000450590        21690 -0.001932245        14380  0.000246362      1143710
 88.750  0.000049491         9507  0.002567955        21760  0.001609131        14391  0.000675670      1179732
 91.250 -0.002570326         9471  0.000346563        21683 -0.001790366        14013 -0.000086304      1209976
 93.750  0.002594805         9231  0.001749326        21455 -0.001410260        14000  0.000042948      1240857
 96.250  0.003653895         8917  0.004796339        21473 -0.000171633        13755  0.000341190      1271489
 98.750  0.005579385         8699 -0.001633506        21441 -0.001794929        13247 -0.000119218      1303056
101.250  0.002157536         8632  0.002473985        21710 -0.003549232        13238  0.000330108      1334575
103.750  0.000453964         8459 -0.000019904        21815  0.004315152        12822  0.000102348      1363057
106.250  0.004096242         8316  0.000965806        21823  0.000088991        12756  0.000184690      1392108
108.750  0.000398243         7947 -0.001227263        21890  0.001083663        12406  0.000096991      1420402
111.250  0.002703311         7677 -0.000088622        21926 -0.001252313        12282  0.000553853      1446835
113.750  0.009945663         7527 -0.000420392        21809  0.003878387        12042  0.000231494      1473518
116.250  0.003677840         7339  0.003799006        21878 -0.001674987        11687  0.000205713      1500494
118.750  0.003215295         7116 -0.000813285        21643  0.004360301        11373 -0.000059198      1527402
121.250  0.001154826         7068  0.001993399        21855 -0.006082078        11205 -0.000345736      1554021
123.750  0.003957902         7105 -0.001396566        21743  0.002922773        11226  0.000718765      1576462
126.250  0.002045476         6845 -0.002028179        21839 -0.002995313        10852  0.000390646      1600483
128.750  0.005574254         6557 -0.002139123        21943  0.002485263        10724  0.000400433      1628833
131.250  0.002042755         6393 -0.001794288        21866 -0.004993045        10388  0.000319648      1650448
133.750 -0.008416011         6246  0.004184260        22103  0.001626999        10136 -0.000030743      1671820
136.250  0.002318578         6212  0.001961117        21863  0.001460177         9915  0.000337698      1696484
138.750  0.004687675         6145  0.001924065        22150  0.002509506         9890 -0.000203874      1719955
141.250 -0.002698217         5854  0.002604205        21888 -0.002282930         9621 -0.000227696      1741480
143.750 -0.003033847         5611 -0.000289933        21908  0.007405012         9186  0.000336103      1763579
146.250  0.004319132         5780  0.001156696        22229 -0.003010962         9085 -0.000001148      1786792
148.750 -0.001969212         5478  0.001815024        21890 -0.002151523         9139  0.000225773      1807603
151.250  0.008841909         5361  0.002999503        22085  0.000894578         8864 -0.000075504      1830475
153.750 -0.001452607         5338 -0.000592040        21798  0.003755732         8677  0.000004524      1850357
156.250 -0.002252163         5218 -0.000792657        22315  0.001203753         8256  0.000481011      1868877
158.750 -0.000501996         5159 -0.001334131        22116  0.002915326         8213 -0.000170475      1892580
161.250  0.002813042         4961  0.002348719        22268 -0.002909574         8039  0.000236518      1914840
163.750 -0.007710969         4740  0.000978674        22288 -0.001255638         7815 -0.000319818      1935013
166.250 -0.002208320         4782 -0.003139369        22101  0.001265184         7660 -0.000086046      1950022
168.750  0.000579454         4547 -0.001644136        22227  0.001388387         7479 -0.000296946      1974666
171.250  0.000386932         4489  0.004728714        22247  0.002771979         7247  0.000166891      1994473
173.750  0.003853368         4381  0.000517044        22172  0.003178016         6981  0.000159123      2016116
176.250  0.002701882         4234 -0.000614225        22495 -0.004128562         6837 -0.000234898      2037110
178.750  0.001627622         4214 -0.001512245        22540 -0.003694792         6627  0.000396537      2056880
181.250 -0.002368094         4075 -0.000836271        22451 -0.000318888         6421 -0.000156362      2079494
183.750  0.002354201         3979  0.004214012        22151 -0.007069902         6299 -0.000236415      2095994
186.250  0.009527020         4016 -0.000979782        22423  0.011174134         6065  0.000460004      2118472
188.750 -0.001694275         3893 -0.001772024        22527 -0.002482617         5902 -0.000151311      2142002
191.250 -0.002658664         3757  0.001864028        22474 -0.003268781         5619  0.000249849      2161340
193.750  0.006483580         3718 -0.000200467        22541 -0.004562913         5742 -0.000192335      2181488
196.250  0.002392141         3646 -0.000303084        22871  0.000634314         5473 -0.000079647      2208108
198.750  0.000797435         3653 -0.002719761        22738  0.005039927         5349 -0.000073773      2232104
201.250  0.000434789         3437  0.002132170        22622  0.001240664         5145  0.000034055      2253765
203.750  0.013798757         3369 -0.000630413        22276 -0.002060895         4858 -0.000094853      2282977
206.250  0.006046361         3376 -0.000596094        21666 -0.004106134         4833  0.000089421      2311025
208.750 -0.000718714         3292 -0.000681323        21237 -0.003647834         4637 -0.000097805      2336822
211.250  0.003004169         3220  0.001065086        20592  0.000345925         4368  0.000178778      2366470
213.750 -0.002795973         3186  0.004072364        20140  0.010979718         4331  0.000000458      2390354
216.250 -0.000570413         3202 -0.000833624        19612  0.001187845         4185  0.000027973      2420914
218.750  0.000381384         3178  0.001344867        19138  0.011994616         4054  0.000025549      2446284
221.250 -0.007906801         3154 -0.001593940        18845 -0.002224462         3885 -0.000176553      2472713
223.750  0.003059777         3123  0.001109416        18175 -0.003366429         3787 -0.000048541      2494732
226.250 -0.000994945         3109  0.005026798        17595  0.001705552         3596 -0.000059249      2523481
228.750 -0.000494704         3174  0.000304448        17152  0.002010697         3438  0.000131635      2545514
231.250 -0.001733992         3071 -0.000359467        16865  0.002268407         3424  0.000095203      2569542
233.750 -0.007052150         2995 -0.001735382        16384  0.005004658         3272 -0.000006300      2591419
236.250 -0.002411314         3089 -0.000931618        16000  0.004259457         3136  0.000252399      2613668
238.750  0.001598496         3071  0.003781213        15589 -0.003650655         2966 -0.000072404      2634305
241.250 -0.003223826         3009 -0.002925848        15204 -0.011800784         2950  0.000182277      2650746
243.750  0.005492632         3171 -0.000750302        14906  0.000198659         2763 -0.000082544      2668476
246.250  0.003662879         3190  0.001690372        14340  0.003186526         2770 -0.000170746      2688338
248.750  0.003815268         3052 -0.001540272        13911 -0.003070133         2679  0.000067035      2703397
251.250 -0.002823361         3017  0.002074741        13763  0.002738439         2625  0.000342372      2720252
253.750  0.012367998         3071 -0.000192314        13163  0.007293780         2534 -0.000146186      2732292
256.250 -0.001900430         3032  0.002588152        12853 -0.001207660         2392  0.000055263      2741822
258.750 -0.000351834         3147 -0.003068228        12597  0.001687645         2360  0.000350137      2758560
261.250  0.006853572         3077  0.001361091        12370 -0.000054266         2316  0.000093288      2769852
263.750 -0.006226549         2977  0.002803325        11838  0.001821268         2172  0.000101006      2778087
266.250  0.000526011         3022  0.004050161        11614  0.016161819         2085  0.000145741      2791066
268.750 -0.005301375         3094  0.001307152        11323 -0.008455693         2035 -0.000128305      2800270
271.250  0.003616830         3004  0.003923308        11156  0.003966914         1983  0.000095530      2805082
273.750 -0.000146626         3076  0.007159157        10750 -0.006158807         1803 -0.000060060      2811989
276.250 -0.001492368         3025  0.007545996        10371  0.000031122         1776 -0.000088718      2815365
278.750  0.001246720         2949 -0.000563488        10338 -0.007768262         1782 -0.000080116      2824013
281.250  0.000033943         2985  0.000175458         9773  0.008377208         1662  0.000049271      2825418
283.750 -0.002555768         2992  0.001185844         9565  0.000172458         1692  0.000433782      2826585
286.250 -0.004049087         3052 -0.001519807         9267  0.010836448         1630  0.000135617      2828910
288.750  0.009965926         3036 -0.002288204         9159  0.001899519         1549 -0.000121653      2829729
291.250 -0.006509491         2933  0.000062227         8788  0.001745944         1464 -0.000204513      2827447
293.750  0.000392790         2969 -0.000678491         8752  0.003815480         1449 -0.000168286      2828849
296.250  0.004632321         3085  0.002695537         8528  0.006332477         1352  0.000244102      2822585
298.750  0.001146727         3054  0.000555175         8127  0.008176566         1401  0.000073661      2822276
301.250  0.002994451         2987 -0.005651998         8070  0.001779239         1324  0.000071098      2815279
303.750 -0.001207694         2951 -0.005650938         7816  0.002421751         1261 -0.000062028      2814335
306.250  0.005386976         2934 -0.006658795         7587  0.013105626         1187  0.000138581      2805538
308.750  0.000133874         2990 -0.005609484         7419  0.007593021         1202 -0.000034480      2799913
311.250 -0.009673234         2924  0.004558755         7115 -0.004347870         1180 -0.000180524      2791947
313.750 -0.002077214         3055  0.005167805         7084  0.004582374         1087  0.000006447      2784176
316.250  0.003794040         2966 -0.007905315         6950 -0.017314376         1052 -0.000072420      2779835
318.750  0.013443311         3029  0.006108184         6625 -0.023519859         1051  0.000033850      2770871
321.250  0.002393751         2928  0.003879216         6543 -0.000737957         1018 -0.000163070      2760079
323.750 -0.000133534         2924 -0.000234366         6341  0.001753040          991  0.000078044      2747752
326.250  0.001051557         2859  0.003073966         6225 -0.005608013         1006  0.000028100      2739818
328.750  0.001645506         2879 -0.002285494         5954  0.007042366          915  0.000096301      2728995
331.250  0.000635319         2793 -0.004440385         5811 -0.005800081          882  0.000036498      2715842
333.750  0.000073087         2915  0.006838573         5753  0.007112173          825 -0.000167110      2706130
336.250 -0.009376659         2794  0.001729073         5565  0.006784306          797  0.000308946      2692129
338.750 -0.004033487         2896  0.000737611         5326  0.005767009          810  0.000019722      2679752
341.250  0.000192272         2774 -0.005400506         5344 -0.004094887          771 -0.000176974      2665061
343.750 -0.004973280         2698  0.001843704         5107  0.004730600          771  0.000037346      2651992
346.250  0.008507083         2867 -0.003314937         5010 -0.004649688          706 -0.000103736      2633974
348.750  0.000332025         2790 -0.005360267         4993 -0.000720125          717  0.000125958      2618831
351.250 -0.006513472         2744 -0.000900107         4792  0.011570628          694 -0.000075842      2603050
353.750  0.002149374         2719  0.007607110         4640 -0.006535419          632 -0.000027407      2588981
356.250  0.002480196         2722  0.008765835         4472 -0.011696312          606 -0.000028499      2569558
358.750 -0.008031938         2762  0.000760988         4439  0.000386320          599  0.000128489      2555047
361.250  0.008240631         2648 -0.000994828         4219 -0.005257485          616 -0.000000951      2538237
363.750 -0.000642530         2658 -0.003055574         4215 -0.018683397          585 -0.000005017      2519787
366.250 -0.002226726         2702 -0.000534539         4088 -0.010202904          606 -0.000167055      2504418
368.750 -0.010725954         2620  0.000933211         3999  0.013072420          508  0.000076904      2485257
371.250  0.003374845         2590 -0.006967586         3877 -0.008928488          511 -0.000111564      2469460
373.750 -0.006475450         2548 -0.006376530         3761 -0.008500129          499  0.000004459      2450147
376.250  0.005762348         2608 -0.000480882         3633  0.013502025          490 -0.000355318      2426539
378.750 -0.012949788         2572 -0.004854885         3553  0.008190652          522  0.000120128      2410881
381.250  0.007418391         2478 -0.001522699         3505 -0.001939072          512 -0.000074505      2394699
383.750  0.007298416         2466  0.001332098         3286  0.006998846          461  0.000185571      2372342
386.250  0.005201278         2474  0.003539449         3350 -0.007906692          440  0.000077056      2352241
388.750 -0.000669940         2490  0.006938319         3200  0.012857693          435  0.000173243      2332619
391.250 -0.005148304         2419 -0.005028314         3050  0.018174506          397  0.000204278      2311303
393.750  0.000995676         2409  0.004103867         3030 -0.020357569          407  0.000254815      2293373
396.250 -0.002475792         2402  0.003302184         3048  0.008486419          372  0.000031376      2272100
398.750 -0.002515769         2361 -0.003865664         2826  0.013271603          353  0.000051585      2253395
401.250 -0.002613290         2380 -0.001914138         2862 -0.016526135          350  0.000254870      2231591
403.750 -0.003938861         2209  0.004984046         2864 -0.000147968          368 -0.000262326      2212620
406.250 -0.004445184         2338  0.001031670         2746 -0.015706472          355  0.000020461      2191738
408.750  0.002285391         2340 -0.001763021         2660 -0.012710649          350  0.000269118      2169262
411.250 -0.004205270         2236 -0.001062846         2513 -0.000406307          320 -0.000075894      2151238
413.750 -0.001524035         2185 -0.010394627         2472  0.002288415          304 -0.000154956      2127314
416.250 -0.004557634         2310  0.002095355         2469 -0.019888158          262 -0.000151320      2108119
418.750 -0.001620911         2218 -0.003288186         2313 -0.014402450          273  0.000211134      2084648
421.250  0.003881417         2189  0.001551281         2293 -0.001036598          276 -0.000389302      2066289
423.750  0.008800476         2109 -0.009021874         2256  0.009407911          297  0.000119032      2041155
426.250  0.005009474         2216 -0.011527674         2167 -0.011178216          270  0.000038860      2025792
428.750 -0.009882932         2132  0.004486050         2202  0.012855061          247  0.000118241      2002291
431.250  0.002295407         2118  0.002858113         2084 -0.011323188          274  0.000080616      1984960
433.750  0.010511171         2024  0.000772365         1964  0.026700438          225  0.000292656      1960576
436.250  0.000589062         2028  0.004512181         1978  0.020666437          256 -0.000143066      1939527
438.750  0.001264062         2099 -0.001076456         1914  0.003794650          212  0.000036062      1918213
441.250 -0.010729351         2087  0.002959751         1825  0.036152053          241  0.000240045      1898774
443.750 -0.000193079         1974  0.002352022         1916 -0.006843211          224 -0.000172115      1878239
446.250 -0.002883176         1992  0.006346709         1772 -0.003693281          228 -0.000138067      1856894
448.750  0.005575443         1935  0.012568471         1782 -0.006260429          228 -0.000075543      1838085
451.250 -0.006940400         1892  0.013594135         1737  0.008226404          185  0.000120002      1816932
453.750  0.002009005         1961  0.000511476         1737  0.022583894          203  0.000401213      1795406
456.250 -0.000968597         1865 -0.013033444         1584 -0.005345907          178 -0.000357570      1777777
458.750  0.000100298         1828  0.007511514         1581 -0.009594072          184  0.000092885      1757075
461.250  0.001974553         1819  0.014736282         1480  0.014760995          198  0.000108251      1734652
463.750  0.005520616         1784 -0.002047626         1475  0.005135968          176  0.000078320      1716985
466.250  0.001626784         1773 -0.001212941         1432 -0.033887787          157  0.000373127      1693288
468.750 -0.005894138         1712 -0.000152703         1433  0.005687532          193 -0.000221173      1673737
471.250  0.000054604         1684  0.007981603         1366  0.013126396          163 -0.000142393      1654345
473.750  0.005042241         1720 -0.002988209         1304 -0.010215391          153  0.000177159      1635424
476.250 -0.005545462         1712  0.002514057         1388 -0.002115837          156 -0.000197317      1617440
478.750  0.005159681         1697 -0.004564564         1215  0.006651836          152 -0.000272538      1596583
481.250  0.001933567         1649 -0.007551493         1217  0.012713380          165  0.000106204      1577894
483.750 -0.004499375         1670  0.013298012         1209 -0.002679521          150 -0.000439188      1559541
486.250  0.004797107         1648  0.002385254         1157  0.020997985          168 -0.000072934      1538827
488.750 -0.002067469         1625  0.001428674         1160 -0.019024371          152  0.000386250      1519721
491.250 -0.016730795         1559 -0.007403745         1082 -0.024914001          132 -0.000149365      1500689
493.750  0.005562571         1584 -0.007493985         1074  0.007763668          156  0.000236516      1482190
496.250 -0.002835410         1592  0.000266016         1077  0.031427448          148  0.000259256      1462933
498.750  0.008432947         1517  0.000594576         1030  0.023296294          118  0.000167648      1444811
