#   q     Cout       Nout      Cside       Nside       Clong        Nlong
  1.250 -0.030505637            7  0.451032429           11 -0.186162634            6         -nan            0
  3.750 -0.319038532            4 -0.209235839            6  0.478619608            8 -0.968979433            1
  6.250  0.509494003            8 -0.100856110            2  0.000000000            2  1.716508371            3
  8.750  0.250266204            6 -0.046448545            6 -0.173285647            7 -0.074670706            7
 11.250  0.121188698            5 -0.196603886            5  0.057533980            7  0.043001035            6
 13.750 -0.388611628            6  0.019935103            6  0.076735000            6  0.038204301           12
 16.250 -0.170196446            6 -0.257214928            7  0.212604627           11 -0.132427174            8
 18.750 -0.032028885            5 -0.044024032            9 -0.032667181            8 -0.048144179           23
 21.250  0.448244680            7  0.917332160            4  2.113531839           10  0.496379321           42
 23.750 -0.011397503            7  0.219200192            6  0.257120358            6  0.208220213           28
 26.250 -0.116309671            9 -0.111786835            6 -0.080766503            6  0.137818708           40
 28.750 -0.132529796            5  0.093020893            9 -0.132605593            9 -0.025267593           46
 31.250  0.205766104            3  0.057391794            9  0.064671393            9  0.135434667           47
 33.750  0.256415170            6 -0.192808619            2 -0.222538107            7 -0.012760028           73
 36.250  0.008508490            2  0.016238407            6  0.448036533            6  0.019849384           69
 38.750  0.098197408            4 -0.111902931            7 -1.464284397            3 -0.006934225           74
 41.250  0.117834786            4 -0.077297258            7 -0.070161635            6 -0.048133474           90
 43.750  0.283993015            4 -0.054479560            5 -0.350035417            4 -0.198386031          106
 46.250 -0.119001723            6  0.007259064            5  0.000438635            5  0.067949908          125
 48.750  0.067730212            7  0.105855793            5 -0.147851336            5 -0.003410864          124
 51.250  0.218097972            2  0.178422135            6 -0.117677331            4  0.047361251          129
 53.750  0.103507633            4 -0.187655279            4 -0.120059444            6  0.061394060          139
 56.250 -0.080827529            6 -0.027995693            8 -0.168082280            6 -0.220016832          153
 58.750 -0.166531868            6  0.149516939           14  0.037149738            8 -0.058783597          214
 61.250 -0.111200107           11  0.004906017            4 -0.064518759            7 -0.031945696          176
 63.750 -0.027764852           10 -0.099918186           11  0.051806606            7 -0.033361056          225
 66.250  0.433553762            1  0.470563527            6  0.161400130            1  0.033748613          209
 68.750  0.094910089            6  0.073859237            5 -0.028776177            6 -0.060911677          238
 71.250  0.191565548            2 -0.065232694            2 -0.160062406            3 -0.007958396          234
 73.750 -0.131042161            3 -0.106494729            3 -0.058646856            4  0.026088266          288
 76.250  0.315442511            6  0.090242644            3 -0.648837313            7 -0.011262745          315
 78.750 -0.184943720           10 -0.605949297            4 -0.111165362            6 -0.005033546          294
 81.250 -0.169476468            7  0.133865153            5 -0.202902141            6  0.071955474          341
 83.750  0.350043376            5 -0.077447360            8 -0.535155526            4 -0.088598176          340
 86.250  0.035746590            3 -0.574079718            8 -0.048096585            7 -0.089829753          367
 88.750  0.572580678            3 -0.020941644            8  0.146334486            8 -0.077242954          389
 91.250 -0.076432035            1  0.010949895            5 -0.128194905            6  0.000484416          384
 93.750 -0.132315116            8 -0.089103379            6  0.244293193            7  0.004204872          435
 96.250  0.078601455            7  0.091886695            5 -0.152094747            6  0.027705381          491
 98.750 -0.013823197            5  0.037654757            8 -0.007182728            3  0.027763809          438
101.250 -0.202508577            4 -0.268627717           10 -0.096825861            5 -0.002000035          491
103.750 -0.222883945            7 -0.157734790            3  0.484738991            1  0.013831894          473
106.250  0.061950777            6 -0.084614849           10 -0.098541569            4  0.034425645          534
108.750  0.201444487            4 -1.055620654            2  0.954911855            4  0.021655768          548
111.250  0.042221095            5 -0.107969647            4 -0.100189652            8 -0.058695096          582
113.750  0.328628891            1 -0.653465881            6  0.162572529            3 -0.033093745          596
116.250 -0.118423226            6  0.000000000            2 -0.153124597            6 -0.081056570          584
118.750 -0.416360930            7  0.178814876            4  0.658317660            3 -0.040686586          635
121.250 -0.571412633            3 -0.125607543           11  0.121157113            6 -0.038121359          667
123.750  0.025785187            4  0.149740971            7  0.342491702            3 -0.019396910          710
126.250  0.408554375            4 -0.046915340            6 -0.259539278            4 -0.016924827          691
128.750 -0.330078002            5 -0.351978385            5  0.029582890            4  0.015686151          742
131.250 -0.153991985            6 -0.124764952            6 -0.496079107            4  0.045104175          811
133.750  0.328387324            2  0.028851523            7 -0.334151864            3 -0.008182547          780
136.250  0.045493868            5  0.147432827            2  0.439535104            5  0.000566628          779
138.750  0.129675032            6  0.154975832            2 -0.391733784            7 -0.053236489          860
141.250 -0.013756418            4 -0.003496658            9 -0.058312501            2 -0.016542921          877
143.750  0.154376684            6 -0.161801116            9  0.008758109            3  0.012503409          904
146.250 -0.174448764            7  0.191955311            9  0.657489907            5  0.002127894          953
148.750  0.041536227            3  0.004013970            5  0.038258459            5 -0.005699714          923
151.250 -0.017429245            8  0.011573583            2  0.087888879            6 -0.002381055          978
153.750  0.221556270            1 -0.012133710            5  0.145544268            3  0.006676064         1003
156.250  0.120599605            1 -0.213716985            9 -0.067834959            3  0.019662732         1009
158.750  0.266623790            1  0.365798333            9  0.008429091            5 -0.005878611         1069
161.250  0.000000000            1 -0.002425208            5  0.118903721            3 -0.010304761         1107
163.750 -0.727432803            5  0.094049868            5 -0.093666452            7  0.000243825         1131
166.250 -0.219770718            2  0.080333119            8 -0.101351054            9 -0.008173671         1185
168.750  0.226948569            6 -0.051372992            5 -0.131215394            3  0.021921704         1179
171.250 -0.051569144            7  0.092874421            3  0.071682727            4  0.005696634         1170
173.750 -0.326017194            2 -0.035130188            6 -0.063644352            3  0.003877456         1204
176.250 -0.148886408            2 -0.011774569            7 -0.185837498            3 -0.019157503         1270
178.750 -0.064757135            5  0.009890965            8 -0.016446285            4 -0.003561996         1254
181.250  0.101710257            5 -0.067348879            5  0.001667338            5 -0.020484927         1340
183.750 -0.025536953            4  0.042488794            4  0.186309023            3  0.016083765         1334
186.250 -0.187095920            2 -0.057181189            6 -0.071536087            5  0.001310940         1374
188.750 -0.032946802            4  0.236487986            8         -nan            0 -0.003412171         1374
191.250  0.014455242            2 -0.025126098            6 -0.123390035            3  0.007537325         1464
193.750 -0.000560962            1 -0.030338641            3  0.067094108            3 -0.015764575         1461
196.250 -0.245148061            1  0.075577166            6  0.195751240            3 -0.002306845         1486
198.750  0.260491019            4  0.044519043            7 -0.063686472            8 -0.014518124         1548
201.250 -0.347568266            2 -0.066703662            5 -0.077591617            5 -0.015703981         1501
203.750 -0.128697703            4 -0.049176225            7 -0.053602149            2  0.027381468         1542
206.250  0.019521929            1  0.048228352            8  0.099342867            3 -0.001646892         1603
208.750  0.161265579            2  0.007028943           10 -0.151220539            6 -0.003742901         1618
211.250  0.000000000            3 -0.033997850           11 -0.040870801            6  0.009743023         1670
213.750  0.230714756            3 -0.060158698            5  0.000000000            1 -0.003974536         1731
216.250  0.040679264            3 -0.019191664            7  0.049515683            4 -0.009798375         1684
218.750 -0.284943567            5  0.150696227            6  0.000000000            1  0.003786253         1727
221.250  0.082946210            3 -0.043656535            6  0.057834301            5 -0.000127811         1788
223.750 -0.153079846            1 -0.077773010            8  0.103325259            5  0.000892572         1785
226.250 -0.015863237            3 -0.010291191            3  0.017347371            3  0.001928222         1834
228.750 -0.347988644            1 -0.085708212            2  0.039346841            5 -0.012120365         1861
231.250  0.013659579            7  0.065814060            5 -0.007580472            5 -0.004340926         1864
233.750  0.039996085            7  0.101302274            9  0.103367061            4 -0.000672727         1885
236.250 -0.237226888            2 -0.063208709            6 -0.084914840            7  0.000308858         1936
238.750  0.017381007            3 -0.481289499           10  0.003012963            3 -0.024547579         2008
241.250 -0.021945107            3 -0.289485576            5 -0.167441317            3  0.005867674         2015
243.750  0.005738019            8  0.106798092            3  0.157665332            6  0.002003611         2002
246.250  0.084927481            4  0.043363205            5 -0.080554449            1 -0.009305953         2083
248.750 -0.290591308            3  0.083682442           12  0.109141067            5  0.004536461         2059
251.250 -0.022942497            5 -0.056573165            5 -0.071131564           10  0.006592562         2140
253.750 -0.065455379            3 -0.054548286            7 -0.128090176            4  0.006343545         2185
256.250  0.040049725            6 -0.028300892            5 -0.005944897            5  0.006448755         2176
258.750 -0.059202787            3  0.170452453            5  0.068197270            5  0.007612030         2255
261.250  0.981562564            2  0.158423412            3  0.032314501            5  0.002981051         2291
263.750 -0.095525863            3  0.017915531            3 -0.145760983            4 -0.010894883         2302
266.250  0.004615711            3  0.090427687            5 -0.031875006            5 -0.013978522         2268
268.750 -0.138272833            6  0.011607875            6 -0.073356384            6  0.005588984         2339
271.250  0.576320283            2 -0.395475225            2 -0.031015114            2 -0.015845981         2351
273.750  0.068568557            5 -0.032264732           12 -0.072892755            9  0.015314284         2357
276.250  0.032483174            3 -0.000148858            5 -0.117368691            3 -0.011840468         2450
278.750  0.198203422            4  0.105399155            5 -0.025866547            6 -0.018188335         2468
281.250 -0.067833605            2 -0.039913221            3 -0.097568322            4 -0.022016658         2406
283.750  0.334271367            3  0.024748527            2 -0.150361513            3  0.015298341         2540
286.250         -nan            0 -0.203666365            3  0.101950434            6  0.012615837         2589
288.750 -0.073490546            4  0.030616352           10 -0.174925234            2 -0.013692957         2553
291.250 -0.090240747            4 -0.112299829           13  0.021956528            5 -0.002345305         2545
293.750 -0.058783492            3  0.015886861            5  0.007204841            3 -0.005841219         2538
296.250 -0.011538227            3  0.032241239            5  0.076239321            2 -0.003894244         2624
298.750  0.375287435            2  0.026692187            5 -0.122918412            6 -0.010602880         2659
301.250  0.046866154            2  0.014488418            5  0.153422438            4  0.001294070         2728
303.750 -0.151805409            4  0.052565665            4 -0.072984029            3 -0.027178656         2710
306.250  0.013865782            5  0.009382433            8  0.050113686            2  0.009847573         2782
308.750 -0.033078741            4 -0.048476599            4 -0.239319835            2  0.003838783         2814
311.250  0.187217478            3  0.051631081            5  0.005132259            3  0.008139142         2777
313.750  0.062659158            5  0.000366108            4 -0.091242402            6  0.023038586         2739
316.250 -0.054669689            2  0.015667977           10  0.071247080            5  0.008489320         2780
318.750  0.000000000            1 -0.060442320            5         -nan            0 -0.000243849         2887
321.250  0.026307909            5 -0.001714621            5  0.021996191            2 -0.002019246         2882
323.750 -0.063568409            2  0.193385946            7  0.218080078            2  0.009745382         3006
326.250 -0.044122352            6  0.015275928            2  0.046019675            3 -0.000913004         2939
328.750  0.021027355            2 -0.254818668            3 -0.050390419            3 -0.010232814         3020
331.250 -0.112602691            3 -0.035926568            4 -0.284431768            5  0.006260179         3073
333.750 -0.026186710            5 -0.098507249            7 -0.075160272            1  0.001712468         3050
336.250 -0.023781344            3 -0.128734347            7  0.538971114            4  0.000288358         3065
338.750  0.030371507            2 -0.138757900            5  0.114352612            3  0.005222105         3061
341.250  0.276111788            2 -0.160577890            8 -0.056861073            3 -0.020010447         3087
343.750  0.093373697            3 -0.070500285            5  0.003863108            4 -0.009212072         3163
346.250 -0.015229060            2 -0.035966002            7 -0.210758779            3 -0.000143870         3122
348.750  0.025745035            2 -0.100622733            5  0.020291558            6 -0.000748941         3188
351.250 -0.057781223            3 -0.052246476            3 -0.035445036            4 -0.005422723         3205
353.750 -0.155975508            2  0.095222038            2  0.052032879            2  0.009840634         3348
356.250  0.027334596            3 -0.096229119            6  0.052684041            3 -0.006900969         3290
358.750         -nan            0 -0.024804512           10  0.051636901            4  0.001785255         3242
361.250 -0.007282434            3 -0.056952812            5  0.150418227            6 -0.003918891         3365
363.750 -0.040626456            2  0.053159304            5         -nan            0  0.000720966         3289
366.250  0.092331200            2  0.069055557            3 -0.089802630            3  0.002752642         3329
368.750         -nan            0  0.030786281           10 -0.084996340            2  0.014312619         3280
371.250         -nan            0 -0.280405258            6 -0.045519498            1 -0.014240775         3460
373.750         -nan            0         -nan            0 -0.001956840            4 -0.000898231         3435
376.250 -0.398747482            1  0.072044033            5  0.000000000            2  0.009419735         3464
378.750 -0.178094100            1 -0.069197503            7         -nan            0 -0.016888597         3464
381.250 -0.032794767            4  0.006904353            5         -nan            0  0.003971817         3459
383.750 -0.000000000            1  0.020777915            3  0.050915151            2 -0.006638478         3481
386.250  0.112074864            2  0.040028555            7  0.026773009            6 -0.002615949         3525
388.750  1.144718795            2  0.022277039            6 -0.097308685            4  0.012182850         3591
391.250         -nan            0 -0.016941504            4 -0.243553750            1  0.010965806         3572
393.750  0.105927175            5 -0.050012629            5  0.178620547            2  0.002822376         3562
396.250 -0.138769573            1  0.099078930            9         -nan            0  0.007117495         3626
398.750 -0.209735580            2  0.165792877            9  0.172509496            2 -0.009640413         3639
401.250 -0.243587175            1  0.017318627            7  0.101092243            2 -0.009128897         3707
403.750  0.138976957            4 -0.006753521            8         -nan            0 -0.001177570         3645
406.250  0.043183568            2 -0.147532780            3  0.072523364            1  0.006459238         3632
408.750 -0.043332853            4  0.018266694            7  0.434796225            5 -0.003411407         3709
411.250         -nan            0 -0.120213942            6  0.040239653            4 -0.007067228         3719
413.750  0.002719479            1 -0.137772105            6         -nan            0 -0.011754140         3827
416.250  0.043523677            3  0.037791904           11  0.211433598            5  0.001637917         3783
418.750  0.067851282            1  0.135269325            3  0.003918362            3  0.005093628         3874
421.250 -0.040484843            3 -0.032290657            8 -0.092439273            3 -0.006892651         3870
423.750 -0.096683985            7 -0.100008529            5         -nan            0  0.004328332         3914
426.250  0.184681381            1  0.129300178            5  0.048825776            5 -0.000427726         3963
428.750  0.097521294            1  0.040013245            7  1.045737464            2 -0.003717893         3823
431.250         -nan            0  0.010521524            1  0.000000000            1  0.010556544         3906
433.750         -nan            0 -0.070451792            4 -0.196188491            2 -0.003548670         4037
436.250         -nan            0  0.023233382            2  0.022584379            1  0.004920640         3885
438.750         -nan            0  0.023978832            2  0.060528625            3  0.003982042         3909
441.250 -0.096660427            3  0.165940351            7         -nan            0 -0.004527183         4036
443.750 -0.064931526            1  0.136617475            8         -nan            0  0.017293875         4093
446.250 -0.045072439            3 -0.043454257            4         -nan            0  0.004155439         4100
448.750 -0.073694013            1  0.121190294            4  0.008325700            1  0.011683124         4089
451.250         -nan            0  0.016160904            5 -0.238817951            1  0.002579099         4124
453.750  0.068533208            3  0.104600627            7  0.000000000            1  0.002931073         4271
456.250 -0.203350494            1  0.044748441            5         -nan            0  0.009639614         4182
458.750  0.119675390            2  0.042179532            5 -0.080363193            2  0.010812136         4201
461.250 -0.083677447            2  0.090377653            3         -nan            0  0.000497332         4284
463.750         -nan            0 -0.021190918            3  0.059157587            3 -0.011572939         4301
466.250         -nan            0  0.017868174            4         -nan            0  0.003800135         4252
468.750 -0.055399361            1 -0.025982195            4  0.732400263            1 -0.007104585         4284
471.250         -nan            0  0.367735507            3  0.282412026            1 -0.006309077         4315
473.750 -0.105850402            2 -0.143101119            3  0.056896940            3  0.001983461         4280
476.250  0.146436091            2 -0.024942447            6  0.232723582            2 -0.007695868         4404
478.750  0.000000000            1 -0.056290888            5  0.003883799            3 -0.001771413         4270
481.250  0.261696454            3 -0.378596324            7         -nan            0  0.001992571         4496
483.750 -0.217827015            2 -0.218706790            4 -0.070763048            2  0.005743827         4344
486.250         -nan            0 -0.228215627            6         -nan            0 -0.003981643         4365
488.750  0.000977423            4  0.196121507            6 -0.484713697            2 -0.003896285         4446
491.250 -0.127442058            1 -0.188947775            3  0.011781276            2  0.002847820         4569
493.750         -nan            0 -0.027179705            3 -0.151415994            3 -0.001393983         4484
496.250  0.057213521            2  0.075707908            8  0.299255834            1  0.006186364         4638
498.750  0.023636153            2  0.153888167            6  0.375320134            3 -0.007784391         4472
