#   q     Cout       Nout      Cside       Nside       Clong        Nlong
  1.250 -0.190512540            9 -0.246843276           10  0.956384434            7  0.000000000            1
  3.750  1.152218165            6  0.058919911            3 -0.290315569            6 -0.462571960            2
  6.250 -0.060560590            4  0.239195984            7  0.132962135            8  0.240145356            6
  8.750 -0.122680488            8 -0.080891005            5 -0.316874573            3  0.000000000            2
 11.250 -0.159489164            5 -0.197990131            5 -0.024893817            7 -0.294996401            5
 13.750  0.318905194            5  0.969113834            7 -0.019920709            6  0.367466819           10
 16.250  0.410528940            6 -0.161387116            6 -0.040169808            9  0.159728511           18
 18.750 -0.323561460            7  0.435442642            5 -0.114794871            3  0.082481321           14
 21.250 -0.010067729           10  0.009398024            6 -0.247525634            4 -0.010017808           30
 23.750 -0.123663410            7 -0.063158018            4 -0.222032297            6 -0.127016155           34
 26.250  0.017731700            3 -0.326892287            3  0.180763328            7  0.079615809           32
 28.750  0.060162151            2  0.668844454            6  0.179655656            6 -0.145581847           42
 31.250 -0.062862159            9  0.243447228            8 -0.076046431           10  0.023172799           49
 33.750 -0.010954916            4  0.032250174            7  0.564220127            3 -0.036439146           60
 36.250 -0.230764019            3  0.285292350            7  0.004073066            8  0.175898122           73
 38.750  0.000000000            1  0.296383778            7 -1.042845101            5 -0.063167265           73
 41.250 -0.315293617            4  0.210281360            2 -0.070628170            8 -0.058181347           92
 43.750 -0.028110900            8  0.246898773           11  0.059206817           10  0.024421036           97
 46.250 -0.010407878            8  0.459151399            4  0.042660490            5  0.072314611          116
 48.750 -0.033849504            6 -0.167726357            5 -0.773455975            6 -0.060623402          107
 51.250  0.012697188           12 -0.249961504            5 -0.128800010            3 -0.089108770          138
 53.750  0.047242254            6  0.208739771            3  0.068641138            7 -0.083593197          160
 56.250 -0.800854747            6  0.859869864            6  0.207515030            8  0.052637330          174
 58.750 -0.106042190            4  0.221136732            4 -0.138929722            6  0.018739313          204
 61.250  0.281539298            7  0.482843421            5 -0.141301052            8  0.033465770          199
 63.750  0.102222284            4  0.031752154            5 -0.380948531            1 -0.052568801          207
 66.250  0.061921429            6 -0.009202838           12 -0.304403807            4  0.050791830          216
 68.750  0.055091952            6  0.169680511            6 -0.123727292            2 -0.071386015          243
 71.250  0.016787297            1 -0.441150048           10  0.069116906            9  0.065019400          219
 73.750  0.178788954            2  0.099380965           11 -0.233703829            7 -0.031861180          298
 76.250  0.092740766            6 -0.442299765            3 -0.079545176            4 -0.061333830          299
 78.750  0.096925728            3 -0.037789843            6 -0.030569622            3 -0.017778780          299
 81.250 -0.095387892            9  0.129350483            6  0.144729427            2  0.032655779          326
 83.750 -0.078322118            4 -0.110774901            7  0.107379659            6  0.020767397          354
 86.250 -0.592550213            6 -0.134201905            9 -0.012927680            4 -0.005606731          372
 88.750  0.017026252           13  1.225658021            4  0.188101024            8 -0.034931762          383
 91.250 -0.257416423            4  0.288143037            4  0.078503627            3 -0.050470790          417
 93.750  0.396665037            6 -0.019648043            5  0.106458265            8 -0.027751974          374
 96.250  0.290356998            3 -0.396130278            9  0.038160662            5 -0.008038508          437
 98.750  0.066120376           11  0.350675761            4 -0.300351457            3  0.048928413          454
101.250  0.030545900            5  0.117559534            7  0.046665865            6 -0.018152143          483
103.750  1.150714353            3  0.057842560            5 -1.450421045            2  0.000430544          522
106.250 -0.165843710            4 -0.183102766            7 -0.090132708            7  0.014477958          511
108.750 -0.181092040            1 -0.364436887            7 -0.179125973            2 -0.039064091          512
111.250 -0.215103958            5  0.049876602            5 -0.169815010            6  0.044510207          577
113.750  0.069602884            6 -0.044552229            5 -0.027082121            4 -0.001969018          602
116.250 -0.376658122            6 -0.063378692            6 -0.419559517            6 -0.001099242          622
118.750  0.041829780            5  0.119998131            5 -0.201957485            2  0.008218628          634
121.250 -0.332634184            5  0.238637007            3 -0.022370238            5  0.013517002          670
123.750 -0.739431787            1 -0.079988673            4  0.011873729            6  0.013089450          673
126.250  0.747681359            5 -0.215208054            2  0.062092607            8  0.005017761          717
128.750 -0.020329560            3  0.037954819            7 -0.042741873            5  0.021445262          741
131.250  0.163073717            5 -0.063845815            9 -0.255654379            7 -0.004800509          753
133.750  0.332346700            3 -0.157227300            3  0.053920764            5 -0.012081003          773
136.250  0.155698503            7 -0.080403941            8 -0.198982729            2 -0.012319528          827
138.750  0.038511591            7 -0.169359711            3  0.097346979            6 -0.024401457          842
141.250 -0.127905052            3 -0.205869793            4 -0.085985872            4 -0.004164215          897
143.750 -0.231171936            3 -0.045190905            2 -0.364763014            3 -0.044806065          889
146.250 -0.066739569            3 -0.004854809            6 -0.367395446            4 -0.009213302          892
148.750 -0.050849689            3 -0.034224208            3  0.126682866            6  0.005947822          995
151.250  0.022487208            3  0.011841641            6 -0.011192020            6  0.020416115          994
153.750  0.031506441            7  0.071143709            8 -0.049976504            6 -0.028733489         1044
156.250 -0.143694879            6  0.161102988            3  0.306078469            3 -0.016417863         1020
158.750 -0.013107589            2 -0.045173164            5 -0.045096587            6  0.010475062         1024
161.250 -0.215392225            4  0.130961297            4 -0.010972034            9  0.005888757         1062
163.750  0.255840877            3  0.041682327            1  0.225440282            2  0.009121277         1086
166.250  0.572320423            2 -0.035168400            4  0.080129576            7  0.006447665         1117
168.750 -0.128744521            7  0.073921298            5  0.024478558            7  0.003456103         1182
171.250  0.006398488            3 -0.426071616            6 -0.014775991            4  0.000642993         1158
173.750  0.072081350            5 -0.001612656            6 -0.057614893            4  0.002756248         1244
176.250  0.058001885            6  0.026660437            4  0.233383760            5  0.007885203         1226
178.750 -0.072915050            3 -0.025674796            4  0.157702126            5 -0.007977513         1267
181.250  0.046464374            3  0.071440746            5 -0.239592090            3  0.017405001         1260
183.750  0.000000000            1  0.034371257            3 -0.031147382            3 -0.002134809         1353
186.250  0.164157315            6  0.058359201            3 -0.106464256            5 -0.008290878         1384
188.750 -0.158274478            4 -0.106803073            3  0.045721752            4  0.014096437         1382
191.250 -0.055495560            3  0.043545379            8 -0.006510256            6  0.009908020         1433
193.750 -0.186129856            3  0.082798995            7 -0.045654599            2 -0.005733547         1422
196.250 -1.356749281            2 -0.151669659            4 -0.037134361            6 -0.014562143         1487
198.750  0.365226787            3  0.131800389            5  0.057025551            4  0.009404530         1519
201.250  0.094506631            3  0.216976069            6  0.040046604            6 -0.003182206         1485
203.750         -nan            0 -0.045466644            4 -0.069997893            5  0.010828627         1601
206.250         -nan            0  0.049821354            7  0.103512495            9 -0.018632758         1603
208.750 -0.031586813            3 -0.016613123            8  0.046104197            6 -0.010979885         1625
211.250  0.195651876            4  0.166711310            7 -0.276497549            3 -0.000267110         1708
213.750  0.044784188            4  0.240892047            4 -0.037791917            2 -0.002998383         1662
216.250  0.007841013            3  0.247327541            3  0.616635686            1  0.008395783         1712
218.750 -0.000000000            2 -0.053569731            4  0.039884893            4  0.001056107         1827
221.250  0.188553843            5  0.000552301            3  0.083555008            7  0.019859199         1756
223.750  0.006283241            4 -0.093672873            7 -0.110817047            2  0.005744185         1820
226.250  0.189079949            6  0.057443721            7  0.079239657            8 -0.000949049         1872
228.750 -0.034695902            1 -0.030958264            6 -0.134209184            9 -0.006283913         1908
231.250 -0.100085956            3  0.074709530            5 -0.000558941            5  0.000105718         1972
233.750  0.000000000            1 -0.059290284            4  0.025172603            5  0.001611789         1930
236.250  0.022973404            4  0.125085100            7  0.009985257            5 -0.010871534         1896
238.750  0.457309277            4  0.140102225            5  0.036938463            3 -0.002859066         1903
241.250  0.026936902            6  0.362747039            6 -0.105581747            4 -0.002909928         2014
243.750 -0.040779292            2 -0.042504668            7 -0.169405246            5  0.001583396         2043
246.250 -0.426097161            1  0.135028151            6 -0.122943582            3  0.014293684         2112
248.750  0.065069078            2  0.005853708            4  0.146933562            3  0.008491118         2067
251.250 -0.005020252            4  0.101828305            6  0.278513205            3  0.003898228         2094
253.750  0.063447366            1 -0.399317890            8 -0.013094760            4  0.011007360         2137
256.250 -0.049684720            2 -0.071888027            3 -0.765277491            2  0.011337872         2143
258.750 -0.035922437            9  0.223506287            1  0.032345492            2 -0.019702672         2189
261.250 -0.078108224            2 -0.059176181            8  0.037722095            2 -0.007997512         2188
263.750 -0.015812319            1 -0.015570863            3 -0.123893531            3 -0.005512161         2276
266.250 -0.007296381            2  0.061163929            5  0.035506553            7  0.010899621         2217
268.750 -0.044428132            2 -0.242598583            8  0.015071449            2 -0.001753493         2299
271.250  0.257144766            1  0.079599523            9 -0.208658022            4  0.000412766         2391
273.750         -nan            0  0.002872948            7 -0.115872961            2 -0.009678544         2389
276.250  0.103302765            3  0.241546023            4 -0.273963019            5 -0.015876244         2390
278.750  0.000000000            1  0.016577797           10  0.055494548            4  0.009208094         2382
281.250  0.100277640            4 -0.063920556           14 -0.159115507            2 -0.003000298         2410
283.750 -0.099451276            2 -0.085819086            3 -0.738023162            3  0.003598539         2488
286.250 -0.090960850            6  0.008796423            7 -0.328540869            3  0.007152608         2594
288.750 -0.037079412            2 -0.024333830            6  0.038023811            2 -0.000525466         2572
291.250  0.099659204            3 -0.081079042            5 -0.049458872            5  0.007326927         2543
293.750 -0.015568684            2 -0.000579178           10 -0.018110154            7 -0.001064644         2682
296.250 -0.137965800            2  0.015259239            7 -0.016543889            4 -0.008735196         2608
298.750  0.097194052            3 -0.085039849            9  0.000000000            1  0.013671602         2664
301.250 -0.106664552            4 -0.065541156            3         -nan            0  0.002968789         2684
303.750  0.000000000            2 -3.283069080            4 -0.002407299            3  0.001234009         2683
306.250 -0.287560809            3  0.031253388            9 -0.011667521            4 -0.008109951         2704
308.750  0.192297045            3  0.053599757            7  0.004989941            2 -0.005243253         2732
311.250  0.056250520            5  0.080180066            9  0.617172414            2  0.002485091         2864
313.750  0.077771037            4 -0.102856525            6 -0.080446643            4 -0.000360335         2689
316.250 -0.136973577            7  0.096133621            4 -0.139714038            2 -0.008544656         2871
318.750 -0.035518372            4  0.058949727            6         -nan            0 -0.002920316         2965
321.250  0.013305004            2 -0.078114835            8         -nan            0  0.000131356         2856
323.750         -nan            0  0.005015741            6  0.119649145            2  0.002514429         2967
326.250         -nan            0  0.030707481            7 -0.049157213            2 -0.002121132         3071
328.750         -nan            0 -0.011276312           14 -0.100171559            5 -0.002950988         2955
331.250  0.000000000            2  0.050775278           10 -0.044088587            1  0.007264467         3007
333.750  0.063414916            3  0.002238624            6 -0.040977445            2 -0.004257809         2987
336.250  0.018854941            3 -0.018776602            3  0.002524680            3  0.011118830         3083
338.750 -0.193311491            1  0.083093770            9  0.150272948            1 -0.011784078         3207
341.250  0.156669911            3 -0.075291641            5         -nan            0  0.008840849         3059
343.750         -nan            0 -0.045925065            7  0.086684174            4 -0.005344744         3202
346.250  0.181619546            2  0.106712426            9  0.043567202            6  0.007631948         3122
348.750         -nan            0 -0.029954754            9  0.029306110            4 -0.009956815         3286
351.250  0.088309138            2 -0.047658521            5 -0.058681163            3 -0.006799911         3204
353.750 -0.043162902            5 -0.018413716            6  0.010335350            5  0.006234965         3208
356.250 -0.019732568            1  0.188264217            3  0.086406958            2 -0.010308376         3325
358.750         -nan            0 -0.060429006            2  0.006522884            2 -0.006487094         3217
361.250  0.025015821            2  0.039837956            9 -0.087048518            3 -0.005191271         3314
363.750  0.090100511            2  0.045594965            6 -0.035497074            1  0.011179425         3407
366.250 -0.368456988            3  0.276585625           10 -0.133920911            1 -0.006792911         3343
368.750  0.203857843            1  0.151373068            4 -0.030402478            3  0.012266634         3401
371.250 -0.087311288            1 -0.004353712            4  0.293039456            1 -0.004600758         3319
373.750  0.130677474            2  0.058205203            2  0.000000000            2  0.002454870         3413
376.250 -0.246595354            1 -0.097402912            7 -0.059307439            1  0.011822012         3371
378.750  0.000000000            1 -0.088567305            3 -0.092086902            5 -0.004197989         3581
381.250 -0.282993715            1  0.100707376            8 -0.083074111            2 -0.000871652         3517
383.750 -0.199899992            2  0.026147125            7  0.159010230            1 -0.003959070         3558
386.250 -0.154504732            1 -0.002490423            8 -0.105900245            2 -0.000453221         3591
388.750  0.183870935            1  0.238089001            3 -0.079786712            6  0.000353134         3478
391.250 -0.244961563            1 -0.155148308           10 -0.373198081            1 -0.012511375         3597
393.750  0.072781472            3  0.005707457            9  0.183373175            1  0.002680254         3543
396.250         -nan            0  0.108268039            7  0.029801237            2  0.006116866         3697
398.750  0.331131590            1 -0.112131520            7  0.128760115            3  0.000254191         3589
401.250  0.052068167            1  0.028469468            6  0.050601444            2 -0.001718596         3551
403.750  0.034260406            3 -1.508585720            3 -0.158041197            2 -0.004480931         3641
406.250 -0.075889881            1  0.059001979            4         -nan            0  0.001321513         3696
408.750  0.117439352            2  0.325783915            2  0.000000000            1  0.004664639         3795
411.250 -0.037766064            1 -0.272348973            3  0.392339088            5  0.003343644         3753
413.750 -0.010819371            2  0.061917369            5  0.298064664            3 -0.001304763         3831
416.250  0.000000000            1 -0.140647970            9  0.087890046            4 -0.002714455         3718
418.750  0.413606078            1  0.006613226            6 -0.049504491            5 -0.004717682         3921
421.250  0.440895937            1  0.124540496            5 -0.325777404            5 -0.000759151         3833
423.750  0.118874261            2 -0.096456568            2 -0.012155887            2 -0.010195900         3881
426.250  0.000000000            1  0.049095529           11 -0.104642307            6  0.003883069         3802
428.750  0.127672960            5 -0.146248274           10 -0.060029689            4 -0.003171432         4080
431.250 -0.035961456            3  1.886874187            7         -nan            0  0.000952072         3911
433.750 -0.000000000            1  0.033687140            8 -0.181814011            1  0.002152069         3886
436.250  0.209093948            1 -0.026739415           14  0.065843320            2 -0.004292592         4036
438.750         -nan            0 -0.073291729            4  0.063107419            1  0.002987165         4003
441.250  0.196841634            2  0.071471295            3  0.000000000            1  0.003922057         3997
443.750 -0.116758112            2  0.025086179            7 -0.116920733            2  0.001879378         4005
446.250 -0.051231740            5 -0.056842199            6  0.035405883            1  0.011413009         4103
448.750         -nan            0 -0.075225789            5  0.142424829            3 -0.010680098         4040
451.250 -4.971384349            2  0.023209096           11  0.490936882            1 -0.004136789         4139
453.750 -0.000201538            1 -0.002125764            9  0.086597787            4 -0.000080315         4205
456.250  0.046362535            5 -0.046478728            5  0.102611921            4 -0.005320702         4178
458.750         -nan            0 -0.027800788            8 -0.042841015            4 -0.008374275         4238
461.250         -nan            0  0.027954786            7  0.074801536            3 -0.000310757         4283
463.750  0.001355273            1 -0.002564193           10 -0.069073606            1  0.000294654         4246
466.250 -0.009691554            2 -0.088737721            7 -0.100364686            2  0.007151237         4250
468.750  0.062080366            2 -0.081147687           10         -nan            0  0.011465969         4250
471.250  0.274744026            1  0.218830716            4  0.128618699            1  0.001158559         4218
473.750         -nan            0  0.153892808           11  0.009049746            5  0.003276617         4406
476.250 -0.071530799            1  0.005154124            4 -0.020810338            1 -0.001460067         4438
478.750         -nan            0  0.005578754            4         -nan            0  0.008429491         4231
481.250         -nan            0 -0.105718073            5  0.037728905            3  0.000035394         4487
483.750         -nan            0 -0.015811991            5  0.077222684            3  0.008980756         4373
486.250         -nan            0  0.391555317            7 -0.198735048            1 -0.009585764         4453
488.750         -nan            0 -0.023710871            9 -0.098991366            1  0.001195302         4542
491.250 -5.365906145            1  0.028592389            7 -0.001313185            1  0.005605615         4481
493.750 -0.115312610            3 -0.046974245            1  0.040069428            1  0.014491174         4487
496.250  0.000000000            1 -0.074298109            4  0.077851827            1 -0.002184213         4522
498.750 -0.044109669            1 -0.182033413            6 -0.463186032            1 -0.009178581         4459
