#   q     Cout       Nout      Cside       Nside       Clong        Nlong
  1.250  0.189402581        22931  0.147554105        21408  0.179202827        21954 -0.174781680          783
  3.750  0.189381876        22208  0.175488885        21801  0.202470773        21708  0.135355344         5495
  6.250  0.183792554        21773  0.190073533        21541  0.195880091        21720  0.208430826        14801
  8.750  0.161997427        21258  0.181531601        21439  0.171301352        21497  0.180483976        28030
 11.250  0.137873037        20643  0.157849843        21560  0.131972473        21314  0.138987765        44766
 13.750  0.112822848        20258  0.129067357        21322  0.098037254        20878  0.088954893        66084
 16.250  0.093022770        19680  0.100721321        21567  0.069766193        20656  0.059520554        90000
 18.750  0.068925904        19282  0.073153913        21558  0.049666297        20613  0.036109928       115373
 21.250  0.043296263        18737  0.046226218        21548  0.026808132        20443  0.021707789       145141
 23.750  0.028320967        18067  0.026266967        21676  0.019593608        20065  0.011243894       176961
 26.250  0.023667527        17867  0.021702794        21754  0.007542592        19881  0.005914343       210839
 28.750  0.008647155        17459  0.006178570        21635  0.006393813        19658  0.002668417       246091
 31.250 -0.003962519        17039  0.003083668        21520  0.003268131        19424  0.001048145       282393
 33.750 -0.005357502        16169  0.005985625        21385  0.002546537        19341 -0.000110088       321011
 36.250 -0.003742843        15863 -0.000948261        21515  0.004973509        19413 -0.000705584       360166
 38.750 -0.013759677        15546 -0.002944467        21569  0.004181642        18823 -0.000450040       400589
 41.250 -0.008197968        15513  0.001557385        21533  0.001208333        18477 -0.001298817       440556
 43.750 -0.003768977        14665  0.003527127        21359 -0.002489452        18437 -0.001596501       482320
 46.250 -0.003317870        14565  0.007147958        21718  0.000020574        18235 -0.000652689       523861
 48.750 -0.010698241        14322 -0.003761301        21421 -0.002288353        17864 -0.001046536       565822
 51.250 -0.004176075        13916 -0.002686776        21451 -0.001678200        17723 -0.000970962       605875
 53.750 -0.008016099        13416 -0.008715340        21596 -0.002627165        17538 -0.001796366       648510
 56.250 -0.005564083        13271  0.003319739        21385  0.001500334        17632 -0.001321795       689502
 58.750 -0.005184632        12807 -0.000718839        21737 -0.000769062        17108 -0.000643075       731411
 61.250 -0.002333247        12528 -0.001812117        21293  0.003613539        16956 -0.000464837       770805
 63.750 -0.002008992        12059 -0.001473716        21540  0.002356888        16597  0.000136667       810434
 66.250 -0.008971461        12026  0.006384618        21651 -0.001950972        16210 -0.000111376       849948
 68.750 -0.007252179        11588  0.000978496        21941 -0.005480861        15862 -0.000260082       890104
 71.250 -0.004055927        11293  0.000239069        21674 -0.003680180        15793  0.000199042       928504
 73.750 -0.008623506        11172 -0.000405900        21871  0.001715049        15574 -0.000336721       965910
 76.250  0.006715605        10556 -0.002150485        21577  0.002609077        15344 -0.000604737      1003854
 78.750 -0.010257259        10448  0.002799639        21212  0.005841553        15273 -0.000945278      1037548
 81.250 -0.006241030        10314  0.004089348        21577 -0.007149244        14768 -0.000407110      1074441
 83.750 -0.000863378        10154 -0.001124205        21255 -0.006015624        14784 -0.000466780      1108018
 86.250 -0.008773556         9675  0.006027101        21640  0.006973935        14528  0.000003929      1142317
 88.750  0.004589384         9573  0.001935600        21759 -0.001983085        14438 -0.000379656      1175293
 91.250  0.002056185         9369  0.001034952        21759 -0.007635635        14151 -0.000501707      1209836
 93.750 -0.006122143         9254 -0.003976456        21750 -0.008205829        13789 -0.000049539      1242226
 96.250 -0.007651269         8965 -0.003056720        21964 -0.008678499        13553 -0.000144777      1274181
 98.750 -0.008465328         8807  0.008499341        21753  0.005793878        13276 -0.000675955      1303740
101.250 -0.005735223         8641  0.003570499        21750 -0.002006945        13101  0.000080739      1333446
103.750 -0.002419614         8236  0.000858219        21885  0.002376561        12772 -0.000020697      1362102
106.250 -0.003541314         8225  0.000922336        21588 -0.003623064        12606 -0.000399832      1393257
108.750 -0.012582744         8034  0.005717665        21814  0.006079467        12389 -0.000000304      1418357
111.250 -0.000254843         7871  0.001545861        21712 -0.001618278        12108  0.000849699      1449526
113.750 -0.000364082         7631  0.004247712        21769 -0.000070276        11972  0.000052428      1476405
116.250  0.007783912         7291  0.002031184        21537  0.005950860        11599 -0.000410459      1500726
118.750  0.014040182         7344 -0.004356759        21709  0.008795229        11387 -0.000550478      1525451
121.250 -0.008795153         7018 -0.008484908        21824  0.004896264        11292 -0.000498904      1551550
123.750 -0.000766907         6820  0.000957076        21768 -0.001030486        10915 -0.000213527      1577534
126.250  0.003485386         6701 -0.002532048        22055 -0.000363860        10767  0.000133345      1601721
128.750 -0.011015500         6688  0.000437633        21730 -0.000237895        10682 -0.000022690      1627488
131.250 -0.011964873         6441  0.005899660        21721  0.004132873        10425  0.000385984      1649292
133.750  0.010444041         6256 -0.002168187        21682 -0.004871004        10283 -0.000646844      1673743
136.250 -0.011689907         6131  0.005161149        21695  0.000505379         9919  0.000124143      1698931
138.750 -0.014903989         6005 -0.005226731        21857  0.002406780         9645 -0.000003262      1721875
141.250 -0.010984876         5883  0.002241824        22179  0.003253819         9645 -0.000150947      1741485
143.750 -0.008507309         5747  0.007658822        22165 -0.004807239         9598  0.000489545      1764446
146.250 -0.003872677         5754 -0.004217227        22016 -0.001540367         9219 -0.000015894      1786995
148.750  0.001862284         5416  0.001672948        22320  0.002493131         9061 -0.000042169      1808727
151.250 -0.020776730         5358  0.002758358        21911  0.001416001         8691 -0.000210598      1828529
153.750  0.000573300         5209  0.002180319        21967  0.007529548         8668 -0.000257845      1850584
156.250  0.000798293         5290  0.000488426        21864  0.001389944         8279 -0.000282172      1869148
158.750 -0.005115249         5054 -0.002344084        22234 -0.004210483         8093 -0.000031972      1891787
161.250 -0.000478992         4888  0.002388320        22322  0.010914084         7851 -0.000034930      1914735
163.750 -0.005895495         4784  0.003444906        22316  0.001795720         7735 -0.000246288      1933364
166.250 -0.019993641         4684  0.000214597        21923 -0.002019467         7667 -0.000120240      1956709
168.750 -0.010448991         4643 -0.001499755        21974 -0.002612841         7326  0.000018870      1974235
171.250 -0.002118550         4426 -0.001222406        22230  0.000278541         7205 -0.000181046      1997415
173.750  0.004674564         4371 -0.001123122        22286 -0.008049548         6975 -0.000164412      2014255
176.250 -0.013366677         4266 -0.001001801        22170 -0.004168870         6728 -0.000190363      2035445
178.750 -0.000719172         4265 -0.003659237        22013 -0.005196883         6773 -0.000227577      2054185
181.250 -0.008384366         4129  0.000393406        22357 -0.000728124         6450 -0.000221794      2079887
183.750 -0.007545502         3992 -0.000005511        22216  0.003027241         6366 -0.000264655      2098860
186.250 -0.004410782         3797 -0.001238782        22527  0.003642560         6161 -0.000174168      2118734
188.750  0.003307845         3996 -0.001158636        22470  0.001793683         6142 -0.000184788      2141552
191.250 -0.009756396         3771 -0.002406954        22652 -0.005748114         5615 -0.000415865      2163074
193.750 -0.004461429         3755  0.001388932        22617  0.004282055         5564 -0.000197532      2184394
196.250  0.002318101         3697 -0.000096238        22884  0.004534111         5416 -0.000192052      2208780
198.750  0.009355848         3494  0.000774032        22967 -0.001876830         5262 -0.000034853      2232819
201.250  0.005334190         3527 -0.000620951        22883 -0.000945097         5035 -0.000277536      2254284
203.750 -0.010557955         3490 -0.001766902        22094 -0.007853147         4935 -0.000465103      2283831
206.250 -0.014951937         3421 -0.001304462        21727  0.001661730         4815 -0.000484964      2310103
208.750 -0.013583474         3281 -0.002499088        21442 -0.006193142         4512 -0.000484675      2337257
211.250  0.007685623         3272 -0.000728843        20510 -0.010155036         4591 -0.000019695      2366984
213.750  0.005234597         3158  0.000330961        20041  0.001932290         4405  0.000053426      2395455
216.250  0.007431123         3206 -0.000978626        19642  0.001809065         4092 -0.000336197      2422901
218.750 -0.006842900         3093  0.000661643        19214  0.003545517         4098  0.000144042      2446695
221.250  0.003733638         3199 -0.001815436        18862 -0.001227131         3887  0.000295273      2470399
223.750  0.007770833         3081  0.000132049        18429  0.012594585         3805 -0.000196354      2498009
226.250 -0.017567034         3022 -0.000139755        17663 -0.006685944         3590 -0.000170093      2520619
228.750  0.002901994         3063  0.001833364        17128  0.004162642         3472 -0.000374918      2545799
231.250  0.000357747         3146 -0.002225725        16815 -0.009317643         3408  0.000011281      2569599
233.750 -0.002875427         2954 -0.003958958        16488 -0.005297137         3197 -0.000252215      2589489
236.250 -0.003319451         3032  0.000824889        15956  0.000358476         3118 -0.000090507      2613913
238.750 -0.002142815         2948  0.002004807        15692  0.000139251         3044  0.000128448      2633225
241.250 -0.008719359         3066 -0.005720251        15170  0.001874321         2964 -0.000049010      2652564
243.750 -0.003657836         3043 -0.002995010        14775 -0.004876190         2774  0.000037502      2669639
246.250 -0.008111651         3036  0.000534115        14368 -0.006731306         2739  0.000107577      2683438
248.750  0.006833480         3095 -0.000943188        14175 -0.003758265         2611  0.000158133      2703509
251.250 -0.005590167         2952 -0.002802212        13427 -0.008984590         2698 -0.000040343      2717922
253.750  0.006765943         2987 -0.000138430        13334 -0.001814180         2410 -0.000143108      2733075
256.250  0.007713204         3028  0.003623131        12946 -0.000667410         2431 -0.000019614      2744279
258.750  0.012627031         2943  0.002386885        12812  0.012008615         2312 -0.000018846      2760559
261.250  0.003435386         3095  0.000285341        12313 -0.002222806         2229 -0.000114080      2770265
263.750 -0.010944460         2996  0.003416415        11930  0.009348082         2147 -0.000239103      2781977
266.250  0.010615117         3090 -0.000383623        11707  0.000492500         2065 -0.000109001      2790741
268.750  0.003639874         3054  0.003786211        11319 -0.004647494         2015 -0.000148507      2799704
271.250 -0.008616695         3095 -0.000395528        11031  0.018907091         1988 -0.000222826      2804183
273.750 -0.002693105         3078  0.004513610        10735 -0.017316232         1915 -0.000232989      2807946
276.250 -0.009916518         3144 -0.007987324        10389  0.001093166         1818  0.000016666      2818122
278.750  0.011622526         3056 -0.005264353        10188 -0.005372638         1772 -0.000063807      2823834
281.250 -0.005106612         3105  0.001379307         9965 -0.001177701         1686  0.000039494      2823952
283.750 -0.001828300         3035  0.000564417         9414  0.003485693         1625  0.000072917      2826317
286.250 -0.006392062         3066 -0.004111983         9509  0.007499624         1644 -0.000189187      2830099
288.750  0.000335223         3028 -0.000585752         9234  0.002928082         1468  0.000058094      2826370
291.250 -0.007267213         2994  0.000989338         9006 -0.014668280         1448 -0.000207270      2827589
293.750  0.007711077         3018  0.004813432         8758 -0.012867709         1415 -0.000405851      2825513
296.250  0.008617757         2933  0.005201811         8507  0.000589406         1388 -0.000080147      2821225
298.750 -0.007094507         3048 -0.005021709         8172 -0.000968003         1358 -0.000092050      2820488
301.250 -0.011685178         2949  0.002457704         8196 -0.008339753         1329 -0.000213300      2820735
303.750 -0.000206968         3031 -0.001598913         7848  0.000948782         1232 -0.000150417      2813667
306.250 -0.007108218         3010  0.002461779         7608  0.010017030         1335  0.000012725      2805893
308.750 -0.001677536         3064  0.003257563         7438  0.009174947         1239  0.000071001      2803313
311.250  0.011143564         2908 -0.001415456         7304  0.015599515         1140  0.000372789      2795980
313.750 -0.000362468         2952  0.000714684         6902 -0.011661923         1102 -0.000213791      2784389
316.250  0.003348495         2930 -0.003570356         6853  0.012078092         1088 -0.000284121      2778488
318.750  0.002279887         2888  0.001637229         6704 -0.007780872         1123 -0.000216519      2772321
321.250  0.013399868         2893  0.000198204         6490  0.024464512          947 -0.000023961      2759426
323.750  0.006275619         2914  0.003960761         6380  0.018737472         1004 -0.000164489      2751143
326.250  0.000034258         2904 -0.002102459         6120  0.006377024          901 -0.000022965      2739948
328.750 -0.001742376         2909  0.000907981         5949  0.000735370          931  0.000005485      2728943
331.250  0.006601338         2804 -0.005830949         5877 -0.007766002          891 -0.000121947      2718647
333.750  0.000260761         2823 -0.002678452         5599 -0.001185459          863 -0.000295795      2702399
336.250 -0.004330182         2952 -0.002429723         5521 -0.009319706          829 -0.000119323      2693062
338.750 -0.005685149         2804  0.002449282         5385  0.011304350          835 -0.000020343      2683075
341.250  0.007307604         2812 -0.001094529         5483 -0.008441687          782 -0.000175106      2663394
343.750  0.005866394         2875  0.003618749         5258 -0.008202041          711 -0.000270294      2650758
346.250 -0.007143791         2887  0.000591933         4961  0.014234652          750  0.000090923      2634947
348.750 -0.003632931         2755  0.001705452         4838  0.003927018          712  0.000179568      2622226
351.250 -0.003670529         2804  0.002190920         4810  0.015780818          678 -0.000025006      2603847
353.750  0.007111788         2684 -0.001095543         4678 -0.000301675          708 -0.000120683      2587895
356.250  0.002330094         2715 -0.001644330         4414  0.017038446          656 -0.000189209      2574419
358.750  0.000062773         2668  0.001515868         4375 -0.017692685          624 -0.000367228      2553517
361.250 -0.006467551         2686 -0.009839426         4269 -0.007638506          636 -0.000142375      2538372
363.750  0.010150425         2636 -0.012415177         4181 -0.028127081          603  0.000196188      2519227
366.250 -0.009464723         2617  0.003035092         4002 -0.012856415          555 -0.000064608      2501344
368.750  0.003500775         2685  0.000425973         4067  0.003228038          605 -0.000130292      2487644
371.250  0.009481828         2635  0.007858794         3922 -0.002372286          534  0.000442409      2469113
373.750  0.000574785         2590 -0.000516580         3799 -0.005333179          497 -0.000136913      2446069
376.250  0.005889158         2566  0.001663570         3762  0.001811675          517  0.000074028      2428930
378.750  0.009124765         2511 -0.000837916         3638 -0.003273234          532 -0.000122296      2413073
381.250  0.006522457         2567  0.002206187         3469 -0.012918439          435  0.000035793      2395156
383.750 -0.004409907         2437  0.002373123         3322  0.017624302          453 -0.000131497      2372516
386.250  0.003537986         2500  0.002008536         3273  0.001944490          470  0.000041653      2349350
388.750  0.008560701         2528  0.002104077         3251 -0.018039538          376 -0.000310114      2333727
391.250 -0.002724747         2393  0.003575879         3105  0.016810263          431  0.000013450      2310320
393.750 -0.005273560         2351 -0.001986528         3124 -0.001852269          402 -0.000111325      2292983
396.250 -0.008363880         2419 -0.006106637         2919  0.020599132          412  0.000093213      2270480
398.750  0.000992212         2299  0.006856032         2943 -0.013654177          401 -0.000028633      2252905
401.250 -0.006144482         2388 -0.011597683         2836 -0.001688589          424  0.000195521      2235977
403.750 -0.000141714         2288  0.003594319         2683 -0.016940229          373 -0.000058952      2211314
406.250 -0.007354673         2363  0.004962341         2642  0.003033275          331  0.000272365      2188944
408.750  0.008121390         2228 -0.004986802         2644  0.034174434          349 -0.000164384      2169930
411.250 -0.005026911         2314  0.001235830         2512  0.024150849          386 -0.000128771      2150188
413.750  0.003465468         2287 -0.008573908         2498 -0.034552968          351 -0.000191631      2126645
416.250  0.006260423         2255  0.000164961         2463 -0.031676472          302 -0.000036348      2106429
418.750 -0.000383571         2139 -0.000969392         2332  0.007909575          312 -0.000116152      2089305
421.250  0.000201447         2120 -0.004133371         2400 -0.028311252          295 -0.000230429      2066270
423.750  0.000369646         2114 -0.001193521         2253 -0.003631343          309  0.000191859      2045706
426.250  0.008927524         2180  0.008320382         2214  0.006199145          296  0.000123877      2025706
428.750  0.007845071         2145  0.004074874         2121 -0.010840744          272 -0.000101770      2003494
431.250 -0.000374636         2149  0.000821010         2076 -0.008543626          233 -0.000351032      1982128
433.750 -0.000944573         2042  0.007302550         2006  0.029578784          266 -0.000201228      1959725
436.250 -0.003958174         2006 -0.008706603         1890 -0.014139191          260 -0.000024154      1938574
438.750  0.004601721         2054 -0.005128708         1898  0.017316641          223 -0.000116112      1920864
441.250 -0.001090595         1984 -0.007389647         1934  0.030696481          214 -0.000126966      1900119
443.750  0.005398490         1990 -0.012322807         1840  0.032183289          238 -0.000028793      1880226
446.250 -0.001337882         1928  0.018557765         1795  0.016442989          215 -0.000648533      1859481
448.750 -0.007295338         1996 -0.005909480         1851  0.030892173          221 -0.000129258      1838338
451.250 -0.003515435         1947  0.000239112         1716  0.011400015          198  0.000015943      1816758
453.750  0.003395209         1934  0.001281468         1716 -0.009958837          191  0.000198420      1795053
456.250  0.008735476         1812 -0.009001830         1554  0.000536564          204  0.000021284      1777697
458.750  0.010606382         1875  0.004535617         1630 -0.022475834          209 -0.000548454      1756020
461.250 -0.007926395         1921  0.003239599         1596 -0.017481387          192 -0.000102511      1734188
463.750 -0.001395359         1808 -0.000794129         1541  0.001971119          178 -0.000220120      1715652
466.250 -0.011375356         1800  0.004042453         1472 -0.015271914          161 -0.000203791      1695016
468.750  0.010824878         1750 -0.003680610         1408 -0.001038578          164 -0.000044178      1674436
471.250  0.010869287         1735  0.009348343         1425  0.025561813          174 -0.000181809      1655114
473.750 -0.001864794         1723 -0.009079678         1392 -0.021282119          158  0.000151690      1639061
476.250  0.009554774         1665  0.001171344         1292  0.011736279          161  0.000252898      1614770
478.750  0.002296830         1713  0.012736177         1303  0.001324939          152 -0.000429959      1596745
481.250 -0.003187626         1631 -0.004512163         1239  0.008089124          133  0.000064340      1576689
483.750 -0.013464227         1647 -0.009152280         1151 -0.010871377          144  0.000146692      1559044
486.250 -0.003324261         1617  0.005966369         1205  0.031276200          134  0.000150269      1537529
488.750  0.001400166         1569  0.007098049         1175 -0.008158396          135  0.000387524      1519976
491.250  0.005689220         1580 -0.014726808         1140 -0.014688143          141  0.000200160      1500119
493.750  0.008444968         1587 -0.006201342         1142  0.012836001          119  0.000197122      1480886
496.250 -0.011890868         1516 -0.009552500         1118  0.018670092          124  0.000438432      1463842
498.750  0.004673162         1531 -0.015268792         1071  0.047551344          130  0.000182502      1446385
