#   q     Cout       Nout      Cside       Nside       Clong        Nlong
  1.250  0.184368557        22809  0.150353106        21612  0.180406697        22014 -0.159253800          819
  3.750  0.187484284        22375  0.179924902        21535  0.196071677        21878  0.138164088         5564
  6.250  0.178496970        21808  0.187743697        21670  0.188332427        21596  0.207363030        14679
  8.750  0.156488707        21456  0.175499479        21721  0.167537748        21755  0.181739038        28123
 11.250  0.141413546        20803  0.152251235        21374  0.129724890        21439  0.132973291        45435
 13.750  0.111755496        20362  0.120231151        21701  0.100978759        20931  0.092594427        65558
 16.250  0.095230639        19884  0.103351390        21671  0.072949978        20986  0.059645308        89603
 18.750  0.070959294        19303  0.077014784        21656  0.050988841        20360  0.039159474       116503
 21.250  0.047454528        18674  0.042160379        21674  0.022796321        20382  0.021815968       145339
 23.750  0.031766043        18051  0.033126581        21539  0.012968782        20045  0.011541479       176729
 26.250  0.018358512        17839  0.017643929        21461  0.011690579        19982  0.004887170       210439
 28.750  0.013170043        17288  0.011168062        21606 -0.001446201        19886  0.000660387       245756
 31.250  0.003909449        16763  0.011067642        21321 -0.003152037        19499  0.001948547       282203
 33.750  0.002836152        16573  0.001499744        21581 -0.000990527        19518 -0.001305932       321622
 36.250 -0.009760022        15920  0.002971742        21643 -0.004438740        19131 -0.000848138       359324
 38.750 -0.002701751        15486  0.002454078        21411 -0.004673609        18961 -0.001974590       400287
 41.250 -0.001155972        15252  0.001553190        21595 -0.001852491        18531 -0.001219887       441445
 43.750 -0.010001699        14895  0.001483059        21530 -0.001330484        18629 -0.001893612       482957
 46.250 -0.003701991        14481 -0.000711900        21552  0.002840453        17975 -0.001017258       521964
 48.750 -0.009274679        14265  0.004383785        21530  0.007123803        17764 -0.000500333       564457
 51.250 -0.006082237        13668  0.005064730        21379  0.009379525        17570 -0.000706166       606261
 53.750 -0.005523570        13646 -0.002010480        21492  0.006385337        17514  0.000079337       649099
 56.250 -0.008039777        13118 -0.005562843        21255 -0.008098711        17416 -0.000415440       690112
 58.750 -0.005577461        12865  0.003623147        21581 -0.001953090        16993 -0.000039712       731340
 61.250 -0.013892913        12584  0.004361933        21838 -0.002247123        16940 -0.000044117       770104
 63.750 -0.005471098        12302 -0.004603448        21652  0.009662390        16723  0.000200769       811045
 66.250 -0.012242503        11913 -0.003593128        21843 -0.002338974        16508 -0.000211751       850644
 68.750 -0.003940581        11681 -0.002915330        21709 -0.003996895        16052 -0.000510930       889251
 71.250 -0.004539477        11415  0.000222277        21507 -0.005450057        15857  0.000148665       927467
 73.750 -0.011110837        10960  0.000757768        21779  0.001656950        15646 -0.000159070       967062
 76.250 -0.001390473        10842 -0.001021494        21623  0.002420251        15458  0.000438223      1002625
 78.750 -0.000233826        10562 -0.002178462        21598 -0.004543857        15258 -0.001222314      1039901
 81.250 -0.008385983        10375  0.001855372        21678 -0.006526559        14795  0.001032734      1071892
 83.750 -0.005139047        10045 -0.005880149        21571 -0.003055244        14731 -0.000422960      1107898
 86.250 -0.007957323         9673  0.008349933        21768  0.007628128        14522 -0.001143947      1145154
 88.750 -0.000273439         9514 -0.002156137        21599  0.007287112        14294 -0.000574669      1177249
 91.250 -0.012957474         9250  0.007611103        21683 -0.001276924        13771  0.000492472      1209324
 93.750 -0.005450987         9107  0.001638468        21634 -0.001836975        13744 -0.000093777      1241197
 96.250 -0.006578245         8999 -0.001565307        21815 -0.007372946        13575 -0.001270630      1273707
 98.750 -0.007370946         8544  0.000529813        21677 -0.000416659        13158 -0.000170390      1302327
101.250 -0.000883474         8607 -0.001019386        22050 -0.005200315        13106 -0.000373666      1333088
103.750 -0.002413376         8279 -0.002534721        21835 -0.009905662        12840 -0.001060774      1362311
106.250 -0.004704519         8039  0.000566982        21873  0.005503150        12569  0.000786405      1392154
108.750 -0.004397537         7945 -0.001551608        21808  0.007779294        12480 -0.000034490      1421439
111.250 -0.008768960         7742 -0.001133385        21769 -0.004898542        12469 -0.000018066      1449360
113.750 -0.004559727         7476  0.010833002        21976 -0.002865119        11754  0.000077761      1474267
116.250  0.000497266         7360  0.000688092        21801  0.000641211        11492 -0.000609091      1500967
118.750 -0.007089318         7276 -0.005930159        21618  0.003200426        11370  0.000095786      1525156
121.250 -0.005926735         7035 -0.003847337        21701  0.006725616        11355  0.000187154      1549847
123.750 -0.003737938         6843  0.000936077        21963 -0.005255444        11050  0.000138844      1576733
126.250 -0.009819845         6674  0.001536055        21846 -0.005455765        10739  0.000043946      1603252
128.750  0.000768593         6568 -0.004376680        21733  0.001839670        10759 -0.000294225      1626990
131.250 -0.006991809         6522  0.000633664        22036 -0.000419729        10408  0.000337889      1650448
133.750 -0.005555391         6376  0.000183118        21763  0.002838526        10276  0.000043527      1674681
136.250  0.001736648         6139 -0.006086032        21671 -0.002991676        10011 -0.000577847      1696003
138.750 -0.000510428         5962 -0.004504876        21713 -0.005642286         9724 -0.000720941      1719900
141.250 -0.001202568         5888 -0.003160254        21755 -0.008032319         9773 -0.001124156      1742360
143.750  0.004763874         5663 -0.001561851        21940  0.009277393         9371 -0.000160171      1762273
146.250  0.001941923         5706  0.001167572        21982  0.000092102         9211 -0.000530951      1787184
148.750 -0.006598051         5392  0.000642262        21892 -0.005003790         8940 -0.000023718      1804802
151.250  0.012278611         5354 -0.000272256        21760 -0.001870221         8843 -0.000262220      1829020
153.750 -0.002420268         5252  0.002759216        21895 -0.002066408         8451 -0.000180182      1849637
156.250  0.000186209         5175 -0.004657297        21849  0.003153949         8306  0.000159455      1870796
158.750 -0.000006231         4911  0.001362903        22052  0.003905253         8205 -0.000119704      1892994
161.250  0.006299887         5024  0.000055701        22301  0.000344502         7787 -0.000353939      1915155
163.750 -0.003787949         4829 -0.000552005        22417  0.007954685         7830 -0.000212936      1934603
166.250 -0.002168780         4652 -0.001191929        22336  0.003662038         7628  0.000042726      1954510
168.750 -0.002714278         4636 -0.000384851        22349  0.003313381         7313 -0.000033375      1973732
171.250  0.001151723         4578 -0.002350454        22245 -0.004329462         7146 -0.000396114      1994720
173.750 -0.004987318         4405  0.000389981        22503  0.005877494         7103  0.000154073      2019384
176.250  0.001268729         4288  0.002875573        22232  0.003517354         6748 -0.000052770      2037895
178.750 -0.006868375         4196  0.000183913        22546 -0.001096062         6738  0.000115273      2059328
181.250 -0.002083369         4043  0.004544488        22336  0.005096137         6541 -0.000042415      2076238
183.750  0.010654536         4030 -0.000369833        22632  0.001663241         6312  0.000042525      2097164
186.250  0.005081635         3943 -0.001938832        22328 -0.002749872         6207 -0.000391588      2120426
188.750  0.004491581         3809 -0.000004352        22489 -0.000957081         5960 -0.000642405      2141146
191.250 -0.015398265         3744  0.003571981        22662  0.000087880         5815  0.000184914      2162639
193.750  0.013145085         3693 -0.001534879        22424  0.000515675         5718 -0.000116901      2185256
196.250  0.011302676         3547 -0.001756052        23037 -0.004699397         5520 -0.000463578      2207889
198.750 -0.005280493         3615  0.001865918        23037 -0.002994052         5388 -0.000078282      2229628
201.250  0.000389770         3480 -0.002903229        22929 -0.003853354         4974 -0.000240634      2257002
203.750 -0.012368257         3412 -0.003292529        22637  0.002510035         4867 -0.000571120      2285276
206.250  0.011361948         3278 -0.004121267        21486 -0.001338540         4782 -0.000108384      2309356
208.750  0.004297695         3313  0.003407597        21077 -0.000396237         4533  0.000170423      2338408
211.250 -0.005075865         3304 -0.001674999        20734 -0.005114897         4491  0.000130981      2365806
213.750  0.022032962         3224 -0.000276665        20261  0.009825057         4353  0.000032591      2391832
216.250 -0.001207051         3146  0.000905281        19429 -0.000784245         4282  0.000131664      2416832
218.750 -0.009837570         3155  0.000299816        19122 -0.002183646         4072 -0.000505281      2442320
221.250 -0.007475240         3086  0.002145536        18709 -0.002108713         3755 -0.000433683      2471496
223.750 -0.002786350         3040 -0.002701635        18024  0.000136962         3655  0.000062685      2497422
226.250 -0.007691275         3132  0.001533470        17575 -0.008144873         3509 -0.000498209      2522974
228.750 -0.000529688         3108 -0.002874732        17530  0.002246035         3382  0.000009014      2544010
231.250  0.003115138         3137 -0.002198098        16920 -0.010894838         3338 -0.000291501      2568531
233.750 -0.002164950         2991 -0.000626676        16404 -0.006560692         3326  0.000027473      2587823
236.250  0.008373672         3132  0.000543103        15815 -0.003305591         3207 -0.000053973      2613668
238.750  0.001982245         3004 -0.000946448        15482 -0.002974383         3097 -0.000042342      2631234
241.250 -0.010837263         3033  0.003461901        15153  0.000126416         2932  0.000274071      2649417
243.750 -0.013433100         3042 -0.000704558        14621 -0.002416245         2821 -0.000098460      2668600
246.250 -0.000197949         3090 -0.002952137        14282  0.010067945         2773 -0.000077905      2687797
248.750 -0.009052829         3046  0.000463781        14030 -0.000671285         2708  0.000362097      2704336
251.250 -0.005579347         3048 -0.002208016        13754 -0.008016829         2538 -0.000213957      2716975
253.750 -0.016445545         3067 -0.004048670        13192 -0.002024021         2425 -0.000172953      2734294
256.250 -0.010542654         3144 -0.000332046        12933 -0.001972322         2365 -0.000255171      2749022
258.750  0.006874063         2978  0.004335985        12637  0.005081794         2352 -0.000071643      2760228
261.250  0.002878309         3049 -0.000297007        12398 -0.004980805         2263 -0.000293177      2766273
263.750  0.007453832         3085 -0.001259327        12028  0.004457479         2130 -0.000076066      2779090
266.250  0.007793281         3126 -0.007922609        11557  0.001608008         2080  0.000026135      2790304
268.750  0.001772941         3085 -0.001658496        11268  0.006510405         2137  0.000053443      2797173
271.250  0.004777026         3158  0.002511609        11125  0.001159118         2008  0.000312169      2805511
273.750 -0.015384232         3094  0.003088645        10687  0.002236487         1877 -0.000206892      2809299
276.250 -0.008693358         3064  0.001045941        10417  0.004439793         1804 -0.000417516      2816340
278.750  0.000727543         3065 -0.000525740        10188 -0.000031733         1710  0.000228295      2821272
281.250 -0.008646058         2992  0.004876249         9953  0.006642807         1754  0.000139908      2824185
283.750 -0.004926675         3044  0.005513428         9643 -0.005985890         1650 -0.000062763      2827947
286.250  0.003221116         3132  0.000303727         9411  0.017272294         1632 -0.000085481      2827276
288.750  0.000401081         2995  0.002630468         9313 -0.001266960         1442 -0.000459179      2828276
291.250 -0.017434911         3086 -0.000417672         9105  0.001456898         1481  0.000129035      2830140
293.750 -0.004570206         3005  0.000967928         8722 -0.012520087         1523  0.000059888      2828390
296.250 -0.009344981         2956 -0.006171525         8427  0.010442581         1384 -0.000235003      2822322
298.750  0.002150497         3015  0.001208027         8261  0.001749390         1391 -0.000103490      2826331
301.250  0.000850802         2987  0.000389390         7858 -0.006859352         1253  0.000071443      2815112
303.750 -0.007026257         2928 -0.008315417         7807 -0.002396687         1295  0.000032408      2809950
306.250 -0.015462727         2949  0.001243483         7519  0.004634173         1235  0.000106888      2807348
308.750  0.006664742         2947  0.012651185         7451 -0.000257589         1178 -0.000348845      2802706
311.250 -0.018532854         2998  0.000603261         7268 -0.009042166         1191  0.000014811      2795769
313.750 -0.014808981         2854 -0.001340144         7037  0.012137858         1141 -0.000353677      2788501
316.250  0.009986426         2984  0.001239431         6903 -0.010380448         1051 -0.000014357      2778595
318.750 -0.002508536         2960  0.006777619         6720  0.004288764         1045 -0.000339483      2768679
321.250 -0.007864434         2836 -0.008348854         6469 -0.015173866         1014  0.000035559      2759835
323.750  0.007919153         2983  0.003989379         6376  0.012749681         1004  0.000052276      2752636
326.250  0.013117150         2776 -0.004433715         6131 -0.011414904          978 -0.000330399      2740686
328.750  0.012361638         2876 -0.003244226         6007  0.012160875          909 -0.000106889      2729245
331.250  0.003650221         2963  0.003142431         5857  0.006853328          840  0.000231732      2715731
333.750  0.000279658         2927 -0.003698898         5701 -0.006083180          897 -0.000181561      2706334
336.250 -0.004609380         2826 -0.006598030         5534 -0.000675573          809  0.000053033      2691625
338.750  0.009870929         2861 -0.001593321         5475 -0.002797905          821 -0.000079881      2681062
341.250 -0.001880263         2943 -0.003009407         5419 -0.005328051          745 -0.000352555      2665766
343.750 -0.010935716         2758 -0.002222544         5298  0.007648818          714 -0.000096298      2649875
346.250  0.018089967         2792  0.000165879         5116  0.040476214          667  0.000069818      2632025
348.750  0.000203495         2742 -0.006012808         4875 -0.009408376          726  0.000057432      2621197
351.250  0.006904807         2789 -0.009004127         4776  0.020110272          690 -0.000106647      2606018
353.750  0.000854526         2760  0.004812698         4634 -0.001682261          675  0.000019870      2590118
356.250  0.004611446         2667 -0.001623182         4492  0.015429340          673  0.000181907      2569341
358.750 -0.006078313         2641 -0.007567835         4399 -0.006245803          665 -0.000209432      2556458
361.250  0.008424271         2695 -0.010763131         4324 -0.016452921          593 -0.000077201      2537351
363.750 -0.005313004         2626  0.006069662         4184 -0.000582573          618 -0.000113119      2522381
366.250 -0.000135485         2674  0.006113689         4041  0.001233971          583  0.000106574      2505367
368.750  0.011024021         2661  0.002248640         3884 -0.002958318          552 -0.000007069      2485145
371.250 -0.003654855         2683 -0.004857867         3773 -0.004077387          542 -0.000062163      2467617
373.750 -0.009486462         2613 -0.005106654         3734 -0.004293657          527 -0.000116391      2448241
376.250 -0.015262024         2584  0.005057863         3726 -0.016877717          479 -0.000061165      2428771
378.750  0.009429126         2484  0.007265339         3653  0.008028351          480 -0.000174476      2410735
381.250 -0.000622399         2543  0.001622834         3482 -0.008197379          463 -0.000459251      2392891
383.750  0.005933233         2539  0.005007797         3387  0.003125882          448  0.000013368      2373630
386.250  0.006335081         2441  0.004696504         3361  0.013339856          445 -0.000132089      2352771
388.750  0.005663941         2439 -0.003975929         3344 -0.003853614          434  0.000054198      2332956
391.250  0.012593797         2415 -0.010254542         3177 -0.001235205          442  0.000141387      2315147
393.750 -0.000496180         2419 -0.007721708         3193  0.010838546          403 -0.000024113      2291661
396.250  0.007889878         2377 -0.003141123         2990  0.014705167          380 -0.000322265      2274006
398.750  0.000555720         2412  0.003031766         2727  0.010512986          422 -0.000060203      2251138
401.250 -0.009620762         2348 -0.001023855         2895  0.035397887          383  0.000102843      2229985
403.750  0.009263984         2358 -0.014445372         2801 -0.011158015          335 -0.000323182      2211904
406.250 -0.009467239         2291 -0.003790714         2652  0.005001904          380  0.000007677      2191339
408.750  0.013547756         2315 -0.001763685         2645  0.029307611          362  0.000198131      2171580
411.250 -0.005390125         2233  0.003216772         2474 -0.001609421          342 -0.000028598      2151624
413.750 -0.015998675         2188  0.000315961         2450  0.004635043          314  0.000010765      2131882
416.250 -0.003440681         2268 -0.004902848         2474 -0.005259378          306  0.000056606      2109615
418.750 -0.008122466         2196  0.014580976         2492 -0.008431692          327 -0.000022498      2086979
421.250  0.005196651         2207 -0.000686126         2393 -0.008066611          277 -0.000131548      2067644
423.750 -0.000560822         2214 -0.012357011         2264 -0.006139843          285 -0.000192649      2045790
426.250  0.004006584         2113  0.011535533         2191  0.002857760          299 -0.000097256      2025122
428.750 -0.009157822         2088  0.009033029         2191 -0.008429740          273  0.000137934      2005075
431.250 -0.001275109         2095  0.008069905         2140 -0.018502457          266  0.000137529      1983138
433.750  0.002628112         2043 -0.002430351         2081 -0.039337614          249  0.000037332      1962853
436.250 -0.000241174         2070 -0.007049460         1941 -0.035742806          265 -0.000309965      1939887
438.750 -0.000155120         2025  0.007372816         1966  0.000148762          266  0.000123320      1921179
441.250  0.007133961         2035 -0.005143745         1924 -0.004998992          242 -0.000432958      1901368
443.750  0.000264866         1897  0.005558788         1860 -0.004473778          227 -0.000125220      1878221
446.250 -0.002096063         1943  0.009187864         1847  0.045660344          225  0.000131683      1857582
448.750 -0.009647589         1924 -0.010170757         1819 -0.001873693          221 -0.000086357      1837283
451.250  0.009338131         1904 -0.015010294         1655  0.005977598          202  0.000033418      1818593
453.750  0.007093009         1883 -0.003708067         1629  0.003286537          173 -0.000115468      1797376
456.250 -0.008866523         1866 -0.009473094         1561  0.019176515          192 -0.000240964      1774987
458.750  0.000254098         1893  0.000977658         1609 -0.003745700          185 -0.000158802      1755408
461.250 -0.003119587         1860  0.002485070         1564  0.012486514          176 -0.000094249      1733824
463.750 -0.011664749         1838 -0.002009874         1449  0.002284457          165  0.000142163      1712847
466.250 -0.001177019         1743 -0.004507214         1450  0.011235908          157  0.000263850      1696385
468.750  0.004858190         1779  0.004452231         1436  0.047552218          163 -0.000255728      1674245
471.250  0.012448264         1778 -0.003705105         1416  0.011147684          179 -0.000240630      1654993
473.750 -0.005757303         1781  0.005618502         1280  0.009243817          161 -0.000245367      1637273
476.250 -0.007740482         1720 -0.011135548         1274 -0.047149063          159 -0.000296266      1618567
478.750  0.001911125         1735  0.004028332         1272  0.027335456          159 -0.000107351      1596911
481.250 -0.003819641         1673 -0.006116788         1291  0.000724840          142  0.000038221      1577216
483.750  0.006131155         1699  0.005010956         1239  0.030781785          144 -0.000464398      1558328
486.250  0.000323486         1673 -0.008634476         1241  0.015525873          131 -0.000093246      1541481
488.750  0.017757564         1625  0.002009974         1122 -0.031133987          122  0.000062658      1521465
491.250 -0.006501746         1605 -0.021078819         1079 -0.055972238          115 -0.000050288      1500167
493.750 -0.000465672         1575 -0.018040675         1079  0.036481754          127  0.000139800      1481918
496.250 -0.001205750         1552  0.012975217         1092  0.044014559          121  0.000136503      1463060
498.750  0.000114819         1530 -0.010178474         1103 -0.021805801          123 -0.000011254      1445404
