#   q     Cout       Nout      Cside       Nside       Clong        Nlong
  1.250  0.187027156        22982  0.146233287        21436  0.179078162        21969 -0.168370902          811
  3.750  0.187175373        21993  0.179658627        21649  0.201562501        21811  0.134984264         5492
  6.250  0.171136006        21638  0.184332141        21450  0.193700349        21568  0.202534110        14645
  8.750  0.162973884        21407  0.177145788        21469  0.170396312        21213  0.181267167        28203
 11.250  0.139148849        20644  0.153277485        21479  0.126901367        21248  0.138224866        44957
 13.750  0.116857904        20142  0.129417477        21323  0.095907772        20997  0.091654309        65794
 16.250  0.091942322        19775  0.096680947        21669  0.063016872        21026  0.057875996        89088
 18.750  0.068889814        19273  0.070248212        21587  0.042805241        20448  0.035771230       116156
 21.250  0.046054070        18541  0.048211740        21515  0.029745000        20213  0.019578698       145058
 23.750  0.031756049        18179  0.030198020        21396  0.025872494        20065  0.009748760       176880
 26.250  0.023579877        17832  0.017273037        21756  0.008103284        20173  0.006896315       210450
 28.750  0.010560633        17344  0.007676901        21530  0.008763687        19671  0.000886336       245592
 31.250  0.000131479        16910  0.000259712        21309  0.001299921        19492 -0.001652594       283207
 33.750 -0.005155351        16306  0.005117706        21491  0.005889259        19233 -0.001443442       320854
 36.250 -0.003165640        16116 -0.004091450        21755 -0.005526070        19158 -0.002413662       359532
 38.750 -0.013261625        15649 -0.000638418        21507  0.000666159        18746 -0.001411896       400698
 41.250 -0.006532810        15508  0.005487163        21804 -0.003901762        18726 -0.000406486       441932
 43.750 -0.005250207        15101  0.003898821        21475  0.000039031        18536 -0.001328626       482215
 46.250 -0.006709420        14917  0.000667752        21484 -0.006387428        18125 -0.001388888       524126
 48.750 -0.010690186        14074 -0.000659725        21378 -0.003974239        17737 -0.000706728       564037
 51.250 -0.009976442        13831 -0.002431644        21552 -0.003525528        17669 -0.000026750       605143
 53.750 -0.006315763        13287 -0.000991030        21725  0.003401846        17156 -0.000743146       649210
 56.250 -0.012090699        13198 -0.001330344        21536 -0.002689571        17220 -0.001076901       689299
 58.750 -0.014130536        12554 -0.004898133        21403 -0.000749547        17239 -0.002592632       731237
 61.250 -0.008495229        12374  0.007562788        21486 -0.002013019        16696  0.000371221       769835
 63.750 -0.007076820        12182  0.001228422        21728 -0.000834941        16322 -0.000020541       810781
 66.250 -0.012282867        11860 -0.002101819        21849 -0.001484034        16123 -0.000484748       851012
 68.750 -0.000299648        11754 -0.003511538        21627  0.003894740        16251 -0.000998003       890537
 71.250 -0.006148912        11304  0.005468422        21455 -0.002405520        15759 -0.000726940       926846
 73.750 -0.002634786        10880 -0.000636284        21583 -0.007720762        15837  0.000186279       966048
 76.250 -0.012497626        10854 -0.002547935        21566  0.005516261        15282 -0.000089249      1003351
 78.750 -0.004176464        10613  0.004627892        21552  0.003429162        15377  0.000119883      1038160
 81.250 -0.008559619        10334  0.002859539        21756 -0.002557635        14800 -0.000463586      1075603
 83.750 -0.002177005         9773 -0.001805496        21466  0.007180737        14746 -0.000190686      1109676
 86.250 -0.002140628         9875 -0.001293016        21568 -0.005156554        14279 -0.000461318      1143121
 88.750 -0.008277232         9758  0.004724800        21409  0.001832258        14256 -0.000645597      1176091
 91.250 -0.000873941         9344  0.000332056        21679 -0.010899424        14030 -0.000216771      1207436
 93.750 -0.007122882         9260  0.003148761        21364 -0.000876898        13878  0.000330338      1240451
 96.250 -0.006373455         9081 -0.002192220        21892 -0.002301844        13642 -0.001468121      1274489
 98.750  0.000722430         8591  0.000955579        21710  0.001433564        13232 -0.000802853      1303701
101.250 -0.004237466         8677  0.001982781        21974  0.000539193        13041 -0.000982077      1334471
103.750 -0.006224838         8249  0.004249103        21646  0.000332239        12936 -0.000669828      1364845
106.250  0.008469686         8017 -0.002372966        21665  0.006295910        12661 -0.000799344      1390744
108.750 -0.007398079         7933  0.004899235        21760 -0.006746118        12645 -0.000606749      1420467
111.250 -0.000021777         7777 -0.004347578        21522  0.005171617        12203  0.000230848      1446780
113.750 -0.005283491         7602 -0.003759830        21684  0.002218181        11974 -0.000037303      1473320
116.250 -0.011509152         7299 -0.003048477        21605  0.000084477        11934 -0.000122813      1500636
118.750 -0.007625351         7229 -0.001374580        21714  0.000500110        11468  0.000461656      1526024
121.250  0.005513153         7096 -0.001966919        21649  0.001845853        11328 -0.000390828      1553248
123.750 -0.000674338         6914  0.000402910        21807 -0.002251869        11273 -0.000282448      1577015
126.250 -0.001704918         6784 -0.009054041        21864 -0.008986502        10867 -0.000255412      1601232
128.750 -0.001619474         6693  0.001280297        22011 -0.004395576        10772  0.000222329      1629141
131.250 -0.003853087         6375 -0.003766339        21743  0.005745651        10477 -0.000000831      1651186
133.750 -0.005425054         6254 -0.005972335        21829 -0.001057278        10215 -0.000663946      1671671
136.250  0.002538389         6160 -0.004038967        21889 -0.002600561         9981 -0.001012422      1697733
138.750  0.004662556         6013  0.001412298        21953 -0.005096701         9782 -0.000277825      1717291
141.250 -0.006211101         5867  0.001510565        21999 -0.006501907         9572 -0.000267062      1744169
143.750 -0.006564107         5689 -0.000022880        21900 -0.008344106         9514 -0.000009838      1762434
146.250  0.005211722         5747 -0.001536888        21864  0.003564256         9053  0.000266382      1786044
148.750 -0.003621392         5541  0.002166485        22022 -0.006902590         9012  0.000173528      1807155
151.250  0.003128215         5433 -0.000168445        22164 -0.000665234         8827  0.000012723      1829993
153.750 -0.003544141         5338 -0.001199550        21946  0.000393977         8584 -0.000121598      1850014
156.250 -0.006554391         5155  0.000992926        22108  0.001882067         8169  0.000171186      1870405
158.750 -0.009821792         5091  0.000497565        22148 -0.005704396         8256 -0.000228660      1892749
161.250 -0.002921485         5022  0.000287748        22105 -0.003706493         8030  0.000077517      1913662
163.750 -0.006385464         4838  0.001485800        22372 -0.000583911         7680 -0.000272310      1935753
166.250 -0.006470989         4914  0.002475447        22197 -0.001673166         7573 -0.000112767      1954352
168.750  0.007141403         4607 -0.003004539        22363 -0.005463051         7364 -0.000224452      1973953
171.250  0.003145823         4551 -0.003076810        22227 -0.001308884         7052 -0.000173674      1993469
173.750 -0.001132173         4508  0.001695340        22080  0.002927110         7090 -0.000238137      2017527
176.250 -0.004096217         4257 -0.003028521        22543  0.002838030         6719 -0.000302174      2035518
178.750 -0.002394130         4157  0.001307205        22346 -0.003156968         6657 -0.000043664      2056802
181.250  0.005655798         4154 -0.002301012        22387 -0.002497944         6513  0.000062433      2078848
183.750 -0.002799499         4030  0.002265485        22631 -0.001348881         6417  0.000292500      2099862
186.250 -0.004363649         4023 -0.002847553        22581 -0.003926295         5965  0.000284994      2118287
188.750 -0.012634898         3931  0.001613421        22814  0.002553608         6029 -0.000219143      2144549
191.250 -0.005027024         3849 -0.001584019        22691  0.003699082         5696  0.000092678      2159001
193.750 -0.005662248         3798 -0.004530783        22789  0.008548697         5626 -0.000410655      2181540
196.250 -0.008950544         3573 -0.001459596        22928 -0.003155421         5514 -0.000008395      2207362
198.750 -0.007582087         3589  0.000641310        23042 -0.004053366         5344 -0.000554123      2231059
201.250 -0.008645532         3514 -0.002031045        22924  0.002760063         5216 -0.000071256      2258953
203.750  0.011750895         3344  0.000847968        22282 -0.001252193         5013 -0.000354037      2283829
206.250 -0.007677554         3400  0.000247162        21728  0.002168836         4683  0.000087052      2308067
208.750  0.004282063         3325 -0.001753099        21224  0.001764858         4620 -0.000023879      2338860
211.250 -0.006026931         3290  0.000490489        20485 -0.001642468         4393 -0.000449812      2362661
213.750 -0.016409309         3239  0.004402529        20188  0.003033502         4236 -0.000004404      2392539
216.250 -0.012715799         3229  0.000640852        19745 -0.001110051         4118 -0.000096497      2417508
218.750 -0.005457432         3209  0.000559640        19144  0.002330554         4126  0.000101902      2448104
221.250 -0.013770986         3034 -0.000756040        18651  0.008007385         3861 -0.000265930      2472582
223.750 -0.010232994         3115 -0.002837647        18151  0.000198547         3688 -0.000128897      2495678
226.250  0.000836281         3088  0.004214735        17801  0.000586259         3608 -0.000078571      2522365
228.750 -0.005630224         3057  0.002832393        17137  0.000126970         3472 -0.000051812      2545215
231.250 -0.012546760         3090 -0.000141865        16671  0.004490836         3475 -0.000440474      2568560
233.750  0.004564802         3017 -0.000616487        16260 -0.001298585         3317  0.000153285      2590887
236.250 -0.008326973         3115  0.000912454        15828 -0.002297699         3100  0.000151238      2613122
238.750 -0.007658789         2998  0.001869616        15625  0.002747202         3129 -0.000012088      2630614
241.250  0.019307704         3100  0.000614987        14994 -0.001850723         2910 -0.000083542      2651712
243.750  0.006688793         3054  0.003296610        14733  0.003415760         2843 -0.000056409      2669741
246.250 -0.003957578         3002 -0.003313318        14381  0.008993430         2705 -0.000154655      2688784
248.750 -0.001434494         3062  0.006010040        13931 -0.000377910         2691  0.000079558      2702564
251.250 -0.003608703         2974  0.000565498        13508 -0.007057354         2521 -0.000119777      2718565
253.750 -0.009947665         3011  0.002113129        13218  0.001608417         2512 -0.000144648      2734603
256.250  0.001753433         2999 -0.001104444        13059 -0.012712439         2422  0.000061038      2745269
258.750  0.001666902         3086 -0.003762349        12405 -0.009588193         2275 -0.000086044      2759968
261.250 -0.004297330         3007 -0.000399524        12117 -0.002381328         2246  0.000126413      2771308
263.750 -0.002545783         3115  0.002196160        12056 -0.001201121         2143 -0.000300161      2781705
266.250  0.000962642         3123  0.001422819        11818  0.000765029         1971 -0.000074351      2788367
268.750 -0.004650800         3109  0.004651466        11410 -0.001525150         2024 -0.000306377      2797714
271.250 -0.011779150         3082  0.003195732        11216 -0.006805833         1915 -0.000184297      2803370
273.750 -0.005956590         3120 -0.000752420        10757  0.002018148         1908  0.000139913      2809797
276.250 -0.004681647         2975 -0.002340342        10346  0.006238331         1857 -0.000067409      2816161
278.750 -0.011991516         3079 -0.001155872        10425 -0.006675482         1825 -0.000440343      2819721
281.250 -0.003396489         3094 -0.000925517         9950 -0.003178759         1726 -0.000054868      2823288
283.750  0.004527572         3092  0.001314496         9711  0.006737436         1608  0.000405922      2828757
286.250 -0.012949320         3009 -0.000366967         9439 -0.007583856         1587 -0.000154875      2827198
288.750  0.002042409         3099  0.000654016         9142 -0.000468174         1480 -0.000028748      2829145
291.250 -0.002508023         2982 -0.008090879         9101  0.005685248         1423  0.000019356      2828695
293.750  0.006961760         2994  0.002154493         8879 -0.005378647         1400 -0.000141293      2828129
296.250  0.001469634         2953 -0.002687257         8465 -0.002436788         1376 -0.000103088      2824641
298.750 -0.022563257         3085  0.004396865         8224 -0.001350431         1352 -0.000232045      2823533
301.250  0.001407070         3045 -0.001818965         8101  0.012246818         1277 -0.000073550      2819631
303.750  0.005818230         3045 -0.001161454         7665 -0.019033409         1256 -0.000069363      2812894
306.250 -0.001822660         3001 -0.004557521         7543  0.000609312         1162 -0.000081655      2807952
308.750 -0.015892949         2903 -0.000517969         7483 -0.007312757         1227 -0.000146787      2801723
311.250 -0.021166916         2937 -0.000752269         7272 -0.002339439         1155  0.000020003      2796980
313.750 -0.005044907         2927 -0.000328375         7097 -0.003160844         1086  0.000131929      2786829
316.250 -0.002674004         2908 -0.007747333         6837  0.002547254         1134  0.000168691      2777680
318.750 -0.014872205         2928  0.001201994         6703 -0.006034056         1014 -0.000381503      2770398
321.250 -0.005018874         3010  0.002929253         6407  0.012304598         1018 -0.000426802      2758984
323.750 -0.007811074         2840  0.005361509         6360  0.006736306          950 -0.000152442      2749648
326.250  0.009983284         2942  0.000670991         6221 -0.003358541          948 -0.000172960      2741814
328.750 -0.006331014         2871 -0.001797637         6001 -0.007492451          895  0.000171242      2726069
331.250  0.009801565         2942 -0.001716274         5985 -0.005430141          959  0.000002967      2718572
333.750  0.008568514         2841 -0.006678493         5886  0.009439081          854 -0.000216966      2707258
336.250  0.000279631         2759 -0.006933189         5648 -0.039429183          877  0.000305185      2693720
338.750 -0.003303547         2888 -0.001434162         5311  0.001943026          847 -0.000179922      2679103
341.250 -0.002914430         2762  0.011725493         5237  0.002413661          799  0.000016420      2661620
343.750  0.012848799         2803  0.003456930         5193 -0.003399252          737  0.000054824      2653584
346.250  0.003722863         2809 -0.001746959         4993  0.008601970          715  0.000000991      2635465
348.750  0.006626518         2884 -0.002091968         4824 -0.004397652          741 -0.000239757      2621608
351.250 -0.003656784         2785  0.002491939         4674  0.003064824          723  0.000072958      2603645
353.750  0.000231628         2784 -0.001859685         4583 -0.006976938          626 -0.000211845      2587901
356.250 -0.001090404         2751 -0.002198130         4477  0.005271291          642 -0.000277339      2570672
358.750  0.003914891         2675  0.005562926         4443  0.018114970          601 -0.000082798      2555577
361.250 -0.002797394         2660 -0.003758549         4345  0.013559363          561 -0.000240551      2540599
363.750  0.003675489         2580  0.006802261         4066  0.006830123          562  0.000064847      2520548
366.250  0.003966048         2608  0.006049147         4038  0.002946267          570  0.000251099      2500368
368.750  0.002225523         2624 -0.008743479         3958  0.010751531          542  0.000069487      2485765
371.250  0.008133307         2672 -0.002591182         3720 -0.014708493          552 -0.000154568      2469882
373.750 -0.002663179         2636 -0.008549777         3732  0.002464026          500  0.000031322      2450246
376.250 -0.013071371         2511  0.004999772         3607 -0.014433292          512 -0.000316734      2430072
378.750  0.000759660         2609 -0.001090398         3574 -0.013059079          472  0.000026200      2414020
381.250 -0.006093548         2515  0.001261339         3476 -0.007941470          464 -0.000271187      2390764
383.750 -0.009092995         2406  0.006722234         3401  0.012478479          476 -0.000156466      2374080
386.250 -0.007324823         2468 -0.005240467         3280  0.015146183          433 -0.000236297      2350356
388.750  0.006412500         2563  0.008374813         3192  0.012680612          444 -0.000330596      2334219
391.250  0.003513897         2334  0.004372562         3140 -0.016546158          423 -0.000014331      2313782
393.750  0.009586848         2431 -0.007099253         3009  0.004104325          414  0.000116853      2294578
396.250 -0.002487092         2351 -0.007798947         2974 -0.011061257          386 -0.000343974      2274757
398.750  0.013973834         2441 -0.001186218         2927 -0.022990791          371 -0.000045469      2253290
401.250 -0.009266340         2358 -0.002784293         2817 -0.003759771          368  0.000331700      2233249
403.750  0.000786198         2345  0.008375181         2784  0.032595205          323  0.000197256      2213720
406.250 -0.006947266         2299  0.001817008         2726  0.007880881          320  0.000066966      2188957
408.750 -0.014154022         2177 -0.001345017         2541  0.035822447          354 -0.000183484      2171787
411.250 -0.011792850         2305 -0.006740772         2592 -0.004699625          331 -0.000237596      2150610
413.750 -0.004486523         2249 -0.013170701         2477 -0.003148338          312 -0.000092794      2129493
416.250  0.000021890         2310 -0.004235334         2405  0.006445360          323 -0.000236164      2107098
418.750  0.000864770         2311  0.015455424         2351 -0.023575845          294 -0.000092241      2086454
421.250  0.000724743         2206  0.013229688         2336  0.024445727          329 -0.000184780      2067486
423.750  0.004279293         2229  0.002014294         2312 -0.021419513          274  0.000388184      2045784
426.250 -0.000564803         2131  0.002526876         2187 -0.023847662          274  0.000279253      2027928
428.750  0.000900868         2161 -0.018833520         2139 -0.007037183          289 -0.000150947      2003198
431.250  0.003523948         2129  0.014939746         2030  0.003317877          265 -0.000070706      1983293
433.750  0.006812717         2088  0.000310350         2156  0.006323277          243  0.000339200      1962511
436.250 -0.004354454         2112  0.007143687         2019 -0.006157429          217 -0.000000262      1939588
438.750  0.012184101         2064 -0.003200492         1882 -0.057494703          235 -0.000532803      1920859
441.250 -0.013361125         2001  0.000156634         1895  0.013215373          205 -0.000232119      1899407
443.750  0.000559335         2001 -0.015910133         1857 -0.026430254          255 -0.000385102      1878284
446.250  0.003708835         1970  0.007555149         1731 -0.035441104          208  0.000069424      1859568
448.750 -0.000702766         1934 -0.009011471         1670 -0.033958127          236 -0.000079920      1835627
451.250 -0.005397628         1916  0.000412644         1604  0.010030474          202 -0.000184235      1818584
453.750 -0.008728680         1922 -0.002534385         1593 -0.015343184          167  0.000092500      1797932
456.250 -0.001296731         1886 -0.001315853         1600 -0.011640511          196  0.000059246      1776823
458.750  0.004636404         1874 -0.006307667         1610 -0.011240565          179  0.000047791      1754634
461.250 -0.010668685         1791 -0.002004192         1522  0.023301467          182 -0.000155019      1734676
463.750 -0.002408228         1824  0.011757892         1448  0.002897297          189 -0.000390697      1715672
466.250 -0.018455095         1776 -0.012548245         1446  0.005747973          156 -0.000180016      1697590
468.750 -0.007285767         1709  0.002151790         1453 -0.027769425          181  0.000178810      1675870
471.250 -0.003142932         1732 -0.000679684         1355  0.014797727          173  0.000098583      1656074
473.750  0.002063872         1714 -0.006876290         1346 -0.028210402          159 -0.000228996      1636880
476.250 -0.001806684         1695 -0.005402557         1313 -0.020467805          142  0.000284606      1617896
478.750 -0.005119117         1727 -0.007723583         1232 -0.007535919          176 -0.000229497      1596471
481.250  0.013988818         1688 -0.014113941         1226  0.041131451          145 -0.000265624      1578963
483.750  0.001277785         1631 -0.001681937         1254  0.009082924          138  0.000184690      1559637
486.250  0.002622247         1628 -0.002471004         1118  0.006960435          133  0.000092115      1539074
488.750 -0.014352490         1585 -0.010029572         1179 -0.019600144          132 -0.000016222      1520669
491.250  0.001206572         1548  0.009346947         1117 -0.021951227          141 -0.000008772      1500646
493.750  0.004008222         1539 -0.018626668         1105  0.000368822          125  0.000097277      1481860
496.250  0.006676266         1560 -0.006165022         1105  0.020546011          112  0.000006356      1464521
498.750  0.009952688         1518  0.012148613         1112 -0.071773195          122  0.000484792      1446054
