#   q     Cout       Nout      Cside       Nside       Clong        Nlong
  1.250  0.186440978        23032  0.157088970        21397  0.183322119        21881 -0.168371462          785
  3.750  0.190475824        21959  0.181980738        21639  0.198154481        22090  0.135647840         5474
  6.250  0.176023148        21840  0.186152881        21431  0.194118238        21433  0.207434620        14737
  8.750  0.165696456        21307  0.178312136        21581  0.170979143        21243  0.184018591        27991
 11.250  0.138973477        20788  0.150094930        21379  0.131462311        21279  0.135123283        44751
 13.750  0.116939064        20147  0.127089029        21646  0.100157125        21147  0.093307917        65474
 16.250  0.090770391        19737  0.100801432        21483  0.059485776        20881  0.059526024        89547
 18.750  0.069613831        19187  0.069942144        21406  0.040982637        20640  0.034508825       116395
 21.250  0.049702252        18713  0.050785431        21361  0.029637649        20362  0.018965820       144908
 23.750  0.034444349        18019  0.028137659        21318  0.020357320        20249  0.010837059       176589
 26.250  0.013533240        17481  0.020535043        21615  0.013123101        20059  0.006959444       210671
 28.750  0.009426063        17377  0.016187668        21418  0.007348562        19577  0.003386276       245710
 31.250  0.005411369        16663  0.006935804        21504  0.005737732        19342  0.001731554       282485
 33.750  0.000183250        16583  0.006170849        21469 -0.005979857        19411 -0.000098967       320702
 36.250 -0.004443293        15993  0.002704907        21306  0.000215817        18926 -0.000469305       360134
 38.750 -0.011894785        15561 -0.002090385        21637 -0.007335801        18813 -0.000438181       399280
 41.250 -0.009673237        15317 -0.003044121        21442  0.006891032        18828  0.000019774       440696
 43.750 -0.007736422        14893 -0.001584898        21617  0.001893496        18264 -0.000433397       481821
 46.250 -0.007807490        14535  0.000152029        21495 -0.001876980        18252 -0.003062406       524423
 48.750 -0.002821273        14220  0.003187768        21625  0.002154456        18037 -0.000444444       564861
 51.250 -0.013617920        13957  0.002305952        21323 -0.001495272        17789  0.000007176       606092
 53.750 -0.006450710        13467 -0.004476685        21620  0.003059532        17774 -0.000319138       648141
 56.250 -0.004648074        13266  0.003508294        21416  0.000691768        17096 -0.001227476       688881
 58.750 -0.007055907        12771 -0.005038998        21451  0.003746402        17074 -0.001161634       729573
 61.250 -0.010550608        12517  0.004000896        21491 -0.004410022        16480  0.000142806       770353
 63.750 -0.008536109        12245 -0.004438354        21618  0.001932466        16763 -0.000329383       810757
 66.250 -0.004576388        11789 -0.007824287        21614  0.000345429        16437 -0.002371715       851651
 68.750 -0.004674531        11501 -0.008718682        21834  0.002502498        16217  0.000028866       890290
 71.250 -0.008915125        11403  0.001756692        21621 -0.004494692        15910 -0.000972129       927079
 73.750 -0.002838997        11074 -0.009647056        21536 -0.002200040        15597 -0.001079804       965401
 76.250 -0.002264254        10837 -0.001483640        21768  0.002741862        15419  0.000150352      1001792
 78.750 -0.001334752        10591  0.002390601        21732 -0.005301325        15446 -0.000485791      1039256
 81.250 -0.007761813        10288 -0.002331019        21749  0.002459836        14897 -0.000146921      1075374
 83.750 -0.001752455        10064  0.001620431        21799 -0.002238054        14410 -0.000742430      1110743
 86.250  0.001511441         9850 -0.004322574        21808 -0.004670350        14520 -0.000580843      1142062
 88.750 -0.004664950         9437 -0.002917509        21618 -0.000330485        14198  0.000565250      1176494
 91.250  0.006265514         9282 -0.003102948        21868 -0.002075835        14173 -0.000687540      1210959
 93.750 -0.011134993         9099 -0.001066422        21838 -0.002421996        13661 -0.000036333      1241912
 96.250  0.002450751         8876  0.006345438        21704 -0.003509721        13606  0.000157997      1272659
 98.750  0.000599332         8707 -0.003384278        21463  0.001526014        13300  0.000083957      1302875
101.250 -0.003785871         8411 -0.003091327        21835  0.005607572        13005 -0.000442062      1333407
103.750  0.000920398         8321 -0.001412845        21741 -0.004588354        12828 -0.000690013      1364436
106.250 -0.006405148         7993  0.003437958        21626  0.000219959        12583 -0.000327818      1390538
108.750  0.002002521         7855  0.000041556        21697 -0.000055615        12434 -0.000233507      1418007
111.250  0.007933252         7583 -0.005704941        21745 -0.002866180        12156  0.000613832      1445361
113.750 -0.003494613         7494 -0.005107539        21682 -0.005708121        11947 -0.000257317      1474406
116.250 -0.012750301         7237 -0.002454400        22040 -0.002430138        11635 -0.000300599      1500359
118.750 -0.011582234         7222  0.002844739        21846 -0.002949734        11616 -0.000332786      1527472
121.250 -0.007781225         6885  0.003136268        21791  0.005636391        11269 -0.000532171      1551670
123.750 -0.009959082         6977  0.004327404        21973 -0.004321821        10920  0.000293481      1578037
126.250 -0.000475231         6872  0.005680006        21718 -0.000920139        10796  0.000114430      1600649
128.750 -0.000622990         6476 -0.001092273        21835  0.008008077        10493  0.000424555      1625910
131.250 -0.000832824         6458  0.002898108        21649 -0.001821368        10545  0.000030071      1649592
133.750 -0.003397108         6328  0.001587843        21964  0.000484343        10142 -0.000325039      1674707
136.250 -0.003405679         6074  0.000691634        21831 -0.004767923         9942  0.000175523      1697146
138.750  0.014114342         5976  0.003723695        22120 -0.015380612         9829  0.000009338      1721555
141.250  0.001216049         5829  0.004120877        21818 -0.008347312         9549 -0.000327629      1745088
143.750 -0.006512538         5783  0.000305969        21911  0.000962481         9244  0.000200551      1765396
146.250  0.012103046         5555  0.001238870        22215 -0.006927286         8972 -0.000115877      1786817
148.750 -0.010743387         5453 -0.004144294        22169  0.000047007         8878 -0.000095908      1807838
151.250 -0.004677866         5309 -0.002050155        21897  0.000725618         8629 -0.000022415      1829099
153.750 -0.015637618         5395 -0.000197765        21898 -0.005033587         8417  0.000163954      1849567
156.250 -0.015158609         5049 -0.002926549        22148 -0.001588962         8400 -0.000483856      1869925
158.750 -0.008654933         5164  0.000194251        22271 -0.005458218         8149 -0.000297956      1891726
161.250 -0.003213823         4828 -0.000649118        22092  0.002552884         7925 -0.000159657      1913931
163.750 -0.000772996         4876  0.000263210        22292 -0.003615286         7834  0.000454718      1932891
166.250  0.005395658         4748 -0.001612928        22326 -0.000528857         7482 -0.000184983      1953633
168.750 -0.011015711         4674  0.002386585        21965  0.001253780         7229  0.000091445      1973758
171.250 -0.003168721         4458 -0.000221295        22336 -0.002558200         7136  0.000002806      1995291
173.750  0.011759906         4310 -0.002277397        21945  0.000036506         7042 -0.000144433      2016811
176.250 -0.007875600         4270 -0.002303787        22207  0.001549944         6761 -0.000301701      2040682
178.750 -0.007598953         4284  0.001772434        22248  0.000484656         6621  0.000158923      2057319
181.250  0.000474150         4184  0.000757455        22620  0.003155361         6516  0.000019362      2079861
183.750 -0.007098378         3995 -0.002143828        22823 -0.003944518         6273 -0.000206543      2099891
186.250  0.004173622         3970  0.001780746        22647 -0.001823494         6149 -0.000157296      2118548
188.750 -0.008068152         3942 -0.002273074        22612 -0.007216689         6030 -0.000080278      2139863
191.250 -0.007372849         3852  0.003937725        22500 -0.002652867         5716  0.000040069      2163093
193.750  0.001267286         3734 -0.000431818        22715 -0.003044294         5553  0.000058646      2185322
196.250 -0.013138541         3570 -0.001418780        22841  0.000583820         5408  0.000162868      2208656
198.750 -0.004114409         3506  0.000226364        22986  0.000097107         5181  0.000144049      2229683
201.250 -0.007145142         3542  0.001278086        22701 -0.001223889         5114  0.000084489      2253455
203.750 -0.007242778         3425 -0.003237242        22313  0.002495185         4944 -0.000051871      2284422
206.250 -0.010311002         3368 -0.000482746        21846  0.001997629         4704 -0.000008668      2312022
208.750 -0.003284848         3198  0.001140684        21334 -0.004695903         4621 -0.000004865      2338117
211.250  0.022472837         3238  0.001246600        20474 -0.003854546         4494 -0.000087550      2365938
213.750 -0.006318240         3232 -0.000048388        20133  0.001272102         4235 -0.000184790      2391718
216.250 -0.014201202         3143 -0.002901181        19549  0.001495378         4089  0.000081148      2418260
218.750  0.000759641         3148 -0.001783776        19339 -0.000415045         4032 -0.000320278      2445138
221.250  0.001252017         3114  0.002035116        18585  0.003908375         3818 -0.000365527      2470492
223.750  0.005782363         3136 -0.002776731        18212  0.005082658         3632  0.000103672      2497540
226.250  0.011299206         3173 -0.002282240        17575 -0.004595561         3536  0.000286709      2520554
228.750 -0.016990095         3035  0.001096369        17293  0.010422186         3547  0.000152899      2542785
231.250 -0.005684936         3080 -0.002449006        16766  0.000712680         3346 -0.000134961      2567027
233.750 -0.009563748         3037  0.005606693        16423 -0.002806989         3288 -0.000213867      2588759
236.250  0.001187222         3018  0.002161384        15908  0.018039253         3099  0.000193399      2612315
238.750 -0.003355659         2925  0.004494109        15463 -0.007915449         3107 -0.000013153      2630722
241.250 -0.024701014         3041  0.001217426        15288  0.009032558         3014 -0.000077477      2652642
243.750  0.003264508         2983 -0.000080388        14524 -0.007868644         2902 -0.000200731      2668653
246.250 -0.009160968         3074  0.000672031        14418 -0.010862585         2767 -0.000380364      2686325
248.750 -0.003537362         3066  0.003619277        14074 -0.002031517         2735 -0.000313396      2702730
251.250  0.017035227         3051 -0.000481242        13513  0.006317353         2612 -0.000051659      2718112
253.750  0.002492453         3037 -0.004163281        13364  0.001838816         2435 -0.000003080      2731298
256.250  0.000180549         2933  0.000587206        13092  0.004200701         2344 -0.000282203      2745833
258.750 -0.004090524         3090 -0.000078338        12534  0.003652956         2267  0.000053666      2758313
261.250 -0.003241548         3071  0.001816581        12364  0.001191800         2263  0.000096962      2769552
263.750 -0.009181808         3007  0.002013055        11873 -0.011405354         2248 -0.000107323      2781770
266.250  0.006590112         3076 -0.000448486        11770  0.003196888         2133  0.000225118      2789699
268.750 -0.001640125         2981 -0.002194606        11303 -0.002357304         2055 -0.000172996      2798504
271.250 -0.002000463         2989  0.003082792        10967 -0.008909663         2078  0.000041142      2803488
273.750  0.007062050         3025 -0.003308852        10801  0.000041707         1849  0.000111658      2810274
276.250 -0.009741312         3018 -0.002011754        10366  0.001717571         1793 -0.000160871      2819259
278.750 -0.007307583         2964 -0.002553212        10224 -0.008754831         1687 -0.000147585      2818559
281.250 -0.006597381         3125  0.003184330        10002  0.002138387         1716 -0.000385643      2824206
283.750  0.001597668         2996  0.005381822         9617  0.003444985         1588 -0.000159963      2825421
286.250 -0.004291127         3078 -0.000435891         9218 -0.002742276         1639  0.000142202      2826464
288.750 -0.000295978         3082 -0.003306022         8986  0.016211519         1550 -0.000166509      2829183
291.250 -0.006349109         3030  0.004482659         8861 -0.003306163         1503 -0.000057675      2824573
293.750  0.001421254         3162 -0.000038301         8719 -0.001643985         1443 -0.000125589      2826165
296.250  0.003098969         2947 -0.001831683         8343 -0.004161533         1370  0.000166384      2824071
298.750  0.006480696         3011  0.002960023         8310 -0.009822937         1379  0.000016748      2823755
301.250 -0.000484947         2910  0.003235067         8070 -0.004559153         1314 -0.000102351      2820147
303.750 -0.011751170         3018  0.002813849         7868  0.002516025         1227 -0.000314395      2812783
306.250 -0.006976442         2966 -0.001695007         7690 -0.002957300         1253  0.000067273      2808450
308.750  0.012070802         2953  0.000010806         7400  0.001889595         1220 -0.000215429      2803285
311.250 -0.000686529         2970 -0.001327714         7166  0.017544378         1179  0.000270717      2794565
313.750 -0.003843001         2815  0.001525530         7121  0.012479389         1092 -0.000120974      2786584
316.250  0.000982820         2913 -0.001924476         6898  0.015906526         1089  0.000014389      2780715
318.750 -0.000091071         2987  0.001036461         6797 -0.001110193         1023 -0.000197808      2771190
321.250 -0.009677171         2924  0.000091547         6515  0.002940439         1073  0.000262642      2762321
323.750 -0.000449271         2917  0.002950397         6217 -0.013399576          967  0.000022105      2750716
326.250 -0.003342379         2939 -0.010228274         6151 -0.003925899          910 -0.000267217      2739643
328.750  0.006246042         2803 -0.003590541         5938 -0.007385321          961 -0.000225714      2728031
331.250 -0.008760080         2854 -0.002797834         5977  0.009860941          910  0.000443823      2716620
333.750 -0.004639034         2904 -0.001272424         5660  0.004717770          835 -0.000150949      2707881
336.250  0.003734120         2887 -0.001970336         5557  0.011955939          819 -0.000197357      2690115
338.750  0.015192472         2946 -0.000994087         5429  0.003489046          763  0.000395211      2678658
341.250  0.000548820         2819  0.001573318         5216 -0.017005017          802  0.000093429      2662680
343.750 -0.002854828         2798 -0.000681754         5088 -0.012296493          800 -0.000196184      2649761
346.250  0.005984226         2763  0.002750811         4819 -0.000047599          701 -0.000062506      2636935
348.750  0.001865001         2790  0.006258166         5059 -0.022059061          719 -0.000096705      2618553
351.250 -0.005950101         2882  0.001652841         4673  0.007745708          676 -0.000143672      2604943
353.750 -0.002421094         2805  0.002159085         4589  0.000086693          677  0.000130686      2589206
356.250  0.004130261         2804 -0.006041986         4587 -0.004330093          657  0.000042282      2572648
358.750 -0.001859656         2644  0.000212386         4330 -0.010599316          647 -0.000062231      2554098
361.250 -0.004830997         2727  0.001886945         4286 -0.003791099          659 -0.000048166      2538540
363.750 -0.008885744         2679  0.008517439         4152 -0.015159546          590 -0.000268691      2522880
366.250 -0.002671880         2630 -0.000527348         4007 -0.005533505          581  0.000486939      2502881
368.750  0.008470916         2644 -0.007252239         3969  0.010301453          548  0.000403078      2485209
371.250 -0.000151469         2676 -0.009174539         3763  0.028789583          543 -0.000422954      2467581
373.750 -0.009190172         2612  0.001636153         3827  0.021421489          501  0.000213066      2446803
376.250 -0.001851969         2520 -0.000797456         3725  0.012006576          492 -0.000174790      2430938
378.750 -0.001389317         2570 -0.000606972         3600 -0.005221159          470 -0.000369423      2409980
381.250  0.000155775         2579  0.000332369         3397  0.007801071          519  0.000231776      2392061
383.750  0.001913081         2496 -0.013724842         3414  0.011545385          439  0.000032078      2370885
386.250 -0.005646926         2432  0.008443451         3398  0.030502036          417  0.000113902      2352439
388.750 -0.013485435         2501 -0.001211458         3230  0.020483395          431 -0.000291035      2334325
391.250  0.009761834         2465  0.007250377         3115 -0.012715681          444 -0.000170754      2310248
393.750  0.012979612         2425 -0.004126245         3023  0.029962071          408 -0.000020168      2292825
396.250 -0.003564848         2381  0.002017298         2988 -0.000552835          405  0.000030274      2269361
398.750  0.007907766         2367  0.004535920         3089 -0.043451079          391  0.000024791      2255562
401.250  0.000376982         2379  0.003171641         2901 -0.008485368          355 -0.000335281      2234056
403.750 -0.004253829         2313 -0.001841464         2802 -0.012176700          365 -0.000003634      2208265
406.250 -0.009232943         2296 -0.003091665         2801  0.007810115          324  0.000053249      2192736
408.750 -0.005144484         2330  0.002090982         2639  0.021941956          370 -0.000430906      2170936
411.250 -0.018426360         2261 -0.001965213         2564  0.012730899          309 -0.000162160      2149106
413.750 -0.007226727         2299  0.004266510         2441  0.002572970          323 -0.000317707      2127514
416.250 -0.009761248         2126  0.000028041         2429 -0.051208572          289  0.000318069      2108654
418.750  0.006175230         2138 -0.015429356         2403  0.003858340          288 -0.000432771      2087222
421.250  0.000872666         2168  0.000013769         2313  0.000089865          329 -0.000084713      2067965
423.750  0.013791983         2138  0.001380482         2351  0.000869806          292 -0.000071289      2044375
426.250  0.003023107         2180  0.005077663         2210  0.039390064          296 -0.000355817      2023347
428.750 -0.004174535         2084 -0.007183626         2135 -0.005171988          261 -0.000294878      2001364
431.250  0.011680330         2082  0.008499933         2004 -0.020605369          254 -0.000209898      1982835
433.750 -0.002665146         2107 -0.003899714         2035 -0.004139450          279 -0.000304431      1960231
436.250 -0.008165848         2052  0.010970990         2014  0.014143679          248  0.000059813      1940394
438.750 -0.001477509         1942  0.002392995         1863  0.005744004          270  0.000112865      1919832
441.250  0.001766787         2020 -0.002765947         1897  0.015719077          224 -0.000176709      1897064
443.750 -0.001717990         1928  0.005258138         1769  0.011690485          233 -0.000172593      1878149
446.250  0.012756351         1891  0.000362919         1787 -0.009669940          222 -0.000217948      1859091
448.750  0.007325264         1950 -0.008239476         1726  0.033036491          198 -0.000052882      1837776
451.250 -0.009911256         1912  0.005681441         1698  0.027003271          229  0.000073252      1816203
453.750 -0.007087847         1894 -0.002307542         1719 -0.000002545          212 -0.000192804      1796381
456.250 -0.013684367         1854 -0.009844995         1571 -0.006354948          179 -0.000100990      1775650
458.750 -0.008154069         1833 -0.013624859         1568 -0.020683749          197  0.000206079      1754606
461.250 -0.012747957         1804 -0.004595697         1525 -0.015846928          165 -0.000092583      1730969
463.750 -0.004366315         1783  0.006663343         1493 -0.017936403          202  0.000250731      1713805
466.250  0.000379058         1791 -0.015238101         1508 -0.035130809          143 -0.000233886      1697383
468.750  0.012477383         1753 -0.005957308         1467 -0.002218789          162  0.000151649      1675783
471.250  0.002626965         1739  0.001682565         1374  0.030587100          170 -0.000356626      1655616
473.750  0.003105279         1714 -0.009555943         1320  0.001689993          174 -0.000001111      1635878
476.250  0.012377522         1694  0.017717819         1317  0.015352295          152  0.000117168      1611770
478.750 -0.011713945         1658 -0.006830189         1360 -0.004294544          149 -0.000066806      1595531
481.250 -0.005856408         1642 -0.002374053         1304  0.018801325          152  0.000163210      1577793
483.750 -0.011706898         1694 -0.000434858         1218  0.039067070          148 -0.000017040      1558350
486.250  0.003262974         1597  0.012704314         1194  0.010426768          130  0.000193595      1540633
488.750 -0.001124427         1628  0.003462614         1126 -0.013280434          143  0.000044974      1520411
491.250  0.005538502         1566 -0.006074597         1145  0.010803348          120  0.000015385      1501009
493.750 -0.004828680         1628 -0.006811772         1101  0.049440422          125 -0.000218796      1483712
496.250  0.013310124         1505  0.005602264         1102  0.013259789          127 -0.000279989      1465120
498.750  0.004358809         1470  0.013151018         1105  0.041793864          115  0.000079135      1445235
