#   q     Cout       Nout      Cside       Nside       Clong        Nlong
  1.250  0.189968117        23126  0.153713731        21667  0.182855188        21902 -0.149675786          803
  3.750  0.184431201        22553  0.177523493        21452  0.199177382        21867  0.135424923         5514
  6.250  0.182469180        21689  0.184157296        21509  0.196235545        21832  0.205140739        14738
  8.750  0.163729847        21340  0.174054195        21458  0.169691977        21602  0.183091985        28078
 11.250  0.134602866        20500  0.168068972        21537  0.133673733        21079  0.134646075        45235
 13.750  0.116940480        20192  0.122630501        21777  0.094561711        21118  0.091191208        65800
 16.250  0.087213559        19725  0.096749585        21522  0.075070716        20730  0.058826138        89472
 18.750  0.070863833        19218  0.065024773        21565  0.040757966        20354  0.032723476       116325
 21.250  0.047291080        18701  0.040126672        21587  0.031863529        20479  0.018691590       145241
 23.750  0.027217473        18104  0.036517953        21481  0.020219744        19853  0.010202856       176779
 26.250  0.016703193        17667  0.020057114        21439  0.009713999        20009  0.005569312       210465
 28.750  0.005624812        17218  0.018161983        21780  0.003430502        19441  0.001696565       245353
 31.250 -0.004955916        16950  0.003678713        21616  0.000250208        19500  0.000834790       282549
 33.750 -0.003857268        16365  0.002938095        21689 -0.004622485        19296 -0.001406270       320768
 36.250 -0.009340535        16069  0.002804556        21292  0.001236487        19038 -0.001668388       360439
 38.750 -0.009780335        15508  0.000890264        21423  0.001394597        19025  0.000171835       399529
 41.250 -0.009386782        15564 -0.000802854        21635 -0.001887986        18196 -0.000288509       439200
 43.750 -0.010911418        14869  0.002358770        21384  0.001683374        18157 -0.000423568       481338
 46.250 -0.014898873        14374 -0.000738403        21508  0.003864429        18014 -0.001470540       523085
 48.750 -0.009410161        14193 -0.003757067        21305 -0.003176821        18064 -0.000868365       565194
 51.250 -0.002405509        13932 -0.006960337        21595  0.007897143        17662 -0.001851922       606473
 53.750 -0.009735501        13531 -0.005599317        21375  0.005753363        17608 -0.001177721       649520
 56.250 -0.008792806        13146  0.003100830        21689  0.000818363        17264 -0.000368779       689625
 58.750 -0.010245099        12836 -0.000167807        21404  0.001005519        16885 -0.000548837       730718
 61.250 -0.003234686        12428 -0.004771707        21445 -0.001136730        16710 -0.001575278       771130
 63.750  0.000187272        12368 -0.001047232        21591  0.003578458        16594 -0.000768434       810777
 66.250 -0.010267063        11958  0.001201980        21535  0.002592353        16348 -0.000806022       851246
 68.750 -0.010117296        11449  0.000634836        21573 -0.004911247        16035 -0.000243369       889188
 71.250 -0.002537551        11351 -0.005684034        21867 -0.002706169        15949 -0.001642830       929982
 73.750 -0.003748133        10938 -0.004945549        21616 -0.007184588        15718 -0.000166296       964641
 76.250  0.000007845        10687 -0.000685898        21738  0.003322025        15550 -0.000009054      1002223
 78.750 -0.004469125        10471  0.003642939        21710 -0.001627054        14996 -0.000916981      1041185
 81.250  0.002564201        10249 -0.003055933        21756  0.001750342        14825 -0.000323843      1075643
 83.750 -0.008752776        10143  0.003946238        21508  0.003010300        14854 -0.000213903      1108975
 86.250 -0.006093854         9717 -0.004969186        21571  0.000306118        14682 -0.000202331      1144893
 88.750 -0.006797527         9535  0.001709532        21856  0.002068313        14414 -0.000558016      1176495
 91.250 -0.006003141         9350  0.000018584        21477 -0.005266827        13888 -0.000196511      1209288
 93.750 -0.016337609         9034 -0.001817526        21482 -0.008159128        13758  0.000328885      1241876
 96.250 -0.005762175         8874  0.000966439        21786 -0.005901934        13783  0.000571003      1272131
 98.750  0.004656840         8642  0.004412364        21687  0.003896406        13048 -0.000199064      1304049
101.250  0.001251105         8481  0.000123477        21646  0.001352572        13078  0.000363219      1333794
103.750  0.003495458         8324 -0.003084910        21812 -0.003475759        12774  0.000315679      1361421
106.250  0.004405224         8118  0.006410806        21970 -0.002093272        12606  0.000234757      1393246
108.750 -0.001629510         7885 -0.000874659        21558  0.003720552        12315  0.000021318      1417950
111.250 -0.012458339         7739 -0.004079220        21798 -0.005580981        12382 -0.000088217      1447092
113.750  0.001373875         7656 -0.004418190        21755  0.005041238        12069  0.000535130      1472511
116.250 -0.006880640         7366  0.002440740        21848  0.005073645        11741  0.000189103      1501964
118.750 -0.001172115         7162 -0.004341738        21832  0.002287764        11395  0.000133088      1527574
121.250  0.005641949         7060 -0.000370786        21776  0.003820545        11362 -0.000579452      1552530
123.750 -0.002667872         6870  0.007602712        21952 -0.005652717        11229 -0.000151925      1577358
126.250  0.000764453         6644 -0.000535901        21897 -0.005440584        11057  0.000122736      1603033
128.750  0.000218565         6547  0.001452001        21724 -0.005842555        10638  0.000074519      1626766
131.250  0.008995783         6456 -0.003510957        21727 -0.005099457        10583  0.000172543      1648600
133.750 -0.008765572         6401  0.001153885        21798  0.000713973        10148 -0.000223846      1673159
136.250 -0.005711921         6287  0.003384319        22002 -0.012168726        10007 -0.000494010      1697001
138.750  0.004021390         6153 -0.002071121        21911 -0.008935017         9858 -0.000144551      1719777
141.250 -0.000614555         5924 -0.003680918        22053 -0.002461960         9481 -0.000293697      1742499
143.750 -0.001931212         5779 -0.000293547        21671 -0.005866057         9371 -0.000299199      1764316
146.250 -0.000513129         5599 -0.002113789        21934  0.002231864         9139 -0.000126791      1786785
148.750 -0.008685805         5532  0.000842762        21871  0.008734080         8881 -0.000065419      1806075
151.250 -0.010411331         5405 -0.003780528        22148  0.001397083         8735  0.000107393      1829393
153.750 -0.005133220         5304 -0.001657506        22296 -0.002381687         8497  0.000010177      1851544
156.250  0.005695986         5164 -0.000195802        22137  0.000960741         8312 -0.000115872      1871969
158.750 -0.006955963         4974 -0.001811590        22003  0.000222504         8325 -0.000274781      1892446
161.250 -0.006529676         4904 -0.002800672        22004  0.003161573         7799 -0.000133123      1914878
163.750 -0.000119694         4859 -0.000024649        22177 -0.002856437         7659 -0.000108976      1935106
166.250 -0.004054250         4705 -0.002059879        21963 -0.002814909         7619 -0.000525313      1951677
168.750  0.000080534         4571  0.003509496        22395  0.001517289         7428  0.000037184      1975404
171.250  0.011170104         4606 -0.000845067        22131  0.004120798         7140 -0.000215719      1994032
173.750 -0.000424251         4391  0.001502643        22283  0.000547995         7048 -0.000090150      2017958
176.250 -0.010291912         4168 -0.001183212        22127  0.000552879         6992  0.000082397      2038199
178.750 -0.022602572         4191 -0.000145100        22336  0.002419204         6711  0.000216894      2058219
181.250  0.008866768         4171  0.002728309        22355 -0.001429388         6567 -0.000243388      2077128
183.750  0.001290651         4010 -0.002846578        22360 -0.002030167         6126  0.000016544      2096978
186.250 -0.006827802         3878 -0.002029555        22422  0.007322339         6047 -0.000156555      2120181
188.750 -0.003577797         3962  0.000206090        22600  0.002369052         5951 -0.000351358      2139345
191.250 -0.008993638         3797  0.002672195        22628  0.000578442         5707 -0.000332764      2161365
193.750 -0.015445304         3610  0.000906733        22608  0.004601673         5592 -0.000147096      2184920
196.250 -0.004103626         3661  0.003474704        22944  0.004084905         5375  0.000056566      2206349
198.750 -0.008675548         3582 -0.003439125        22613 -0.007110468         5210 -0.000146712      2230704
201.250  0.011228734         3487  0.002942843        22922 -0.002590225         5206  0.000153808      2256889
203.750 -0.019564164         3403  0.000567850        22209  0.011335713         4926 -0.000117423      2282273
206.250  0.000037251         3368  0.002515513        21813  0.005238311         4740  0.000282501      2311132
208.750  0.012377275         3325 -0.000471975        21261 -0.003536953         4416 -0.000395899      2336668
211.250  0.011251176         3301 -0.000261977        20691 -0.009111732         4503 -0.000235128      2364573
213.750 -0.010184060         3172 -0.001536992        20013 -0.005173690         4217 -0.000283929      2393024
216.250  0.003687023         3115  0.002276483        19548  0.007383552         4141 -0.000171583      2420113
218.750 -0.014998818         3153 -0.001127515        19130 -0.007337399         3911  0.000133139      2446484
221.250 -0.012348213         3175 -0.003448860        18647 -0.003943489         3777  0.000074802      2471674
223.750 -0.001089550         3086  0.000074186        18040  0.006657643         3757 -0.000007940      2498338
226.250  0.004693558         3124  0.002559920        17798  0.001895296         3562  0.000123244      2523007
228.750  0.016196726         3096 -0.001138524        17334 -0.000706736         3506 -0.000031453      2543676
231.250  0.002806087         3027  0.002188969        16777  0.001435688         3358  0.000085555      2567767
233.750  0.013986763         3048  0.000580190        16468  0.012510330         3287  0.000214208      2592143
236.250 -0.007295298         2985  0.002842721        16075 -0.002604635         3059  0.000182521      2609882
238.750  0.004381617         3122  0.003167196        15533  0.003354912         2988 -0.000092133      2631688
241.250 -0.014300417         2991  0.001794208        14997  0.004040116         2902 -0.000195752      2652708
243.750 -0.010705925         3049  0.000751972        14776 -0.004740508         2798  0.000181323      2665076
246.250  0.009183187         2909 -0.001982850        14164 -0.006671048         2679 -0.000194394      2687371
248.750 -0.009190268         3079 -0.000730921        13897 -0.000464196         2528 -0.000136884      2704030
251.250  0.004897400         3024 -0.000041676        13609  0.004476686         2648 -0.000312709      2718406
253.750  0.008418758         3199  0.000611147        13341 -0.007087281         2513  0.000371299      2732393
256.250 -0.006944681         2964 -0.002583674        12833 -0.006840988         2404 -0.000206102      2747868
258.750  0.000990787         3095 -0.005180359        12470 -0.003293932         2238 -0.000080140      2756982
261.250 -0.010569624         2999 -0.001069712        12150 -0.005270658         2181 -0.000190127      2769458
263.750 -0.003244868         3091  0.000498009        12062  0.003058042         2124 -0.000075458      2779598
266.250  0.013806750         2985  0.002771441        11576 -0.003034942         2036 -0.000037895      2789542
268.750 -0.002133363         3191  0.000438147        11224  0.006203825         2005 -0.000027354      2799548
271.250  0.002715338         3048 -0.000087831        11164  0.002768650         1871 -0.000005545      2807908
273.750 -0.005894803         3068  0.001067285        10902  0.010962181         1817 -0.000278463      2811118
276.250  0.001582865         3156 -0.003531478        10511  0.016383974         1871 -0.000151118      2817974
278.750 -0.005619235         3013  0.003719745        10020 -0.002656926         1784 -0.000162233      2819397
281.250  0.006211529         3013 -0.003858485         9972 -0.004853935         1694 -0.000228215      2824898
283.750 -0.006685217         2993 -0.003448364         9690 -0.013798756         1571 -0.000351361      2826974
286.250 -0.014926348         2945 -0.004686270         9423 -0.009775722         1631 -0.000021591      2829238
288.750  0.000007421         3052  0.002408785         9188  0.004063665         1544 -0.000013631      2827477
291.250  0.006335010         3056  0.003215963         8868 -0.004178067         1535 -0.000122386      2826193
293.750  0.001466858         2978  0.009525975         8624 -0.004458266         1454 -0.000534706      2829429
296.250 -0.002712248         2936 -0.001289639         8410 -0.000618869         1441  0.000132984      2823567
298.750  0.002713389         3069  0.003269006         8139  0.010882588         1352  0.000335978      2819129
301.250 -0.004099307         2981 -0.001165446         8138  0.005376900         1298 -0.000163725      2817457
303.750  0.000397577         2950 -0.002109270         7925 -0.010031089         1251  0.000188073      2812154
306.250 -0.000451046         2890 -0.002681826         7677  0.002798886         1197 -0.000041557      2805964
308.750 -0.007937915         2949 -0.007277950         7322 -0.005816559         1244 -0.000275126      2799563
311.250 -0.002454937         3028 -0.002856302         7207  0.007265460         1189  0.000185407      2794594
313.750 -0.008310804         2941  0.000563052         7052  0.002469900         1170 -0.000130360      2788258
316.250 -0.004119119         2889 -0.008732871         6956  0.009623643         1091 -0.000143468      2782226
318.750  0.001567322         2993 -0.007048108         6633 -0.000464962          980 -0.000155431      2770342
321.250 -0.012339901         2998  0.001765478         6543  0.003609352         1000  0.000037704      2760320
323.750 -0.003077857         2948 -0.000442396         6433 -0.012369337         1026  0.000199650      2749533
326.250  0.005391830         2945  0.007973724         6237 -0.005772591          949  0.000141613      2740709
328.750 -0.003501000         2914 -0.002868751         6001 -0.011907318          892 -0.000068528      2727759
331.250  0.003604755         2896 -0.005643486         5718 -0.007527106          876 -0.000283853      2720368
333.750  0.010582699         2881 -0.006234102         5711 -0.016972233          892 -0.000218670      2709156
336.250  0.007979493         2886  0.000154040         5403 -0.009692954          827 -0.000209778      2690231
338.750  0.001533315         2861  0.000406748         5381  0.000432752          802 -0.000160725      2681168
341.250  0.006011752         2740 -0.000694015         5280  0.010109163          778 -0.000108302      2664092
343.750 -0.005460314         2821 -0.001370597         5152  0.018051982          848 -0.000072859      2650539
346.250  0.009647052         2803  0.000107079         4950  0.016755484          733 -0.000093108      2633315
348.750 -0.006844253         2750 -0.000290813         4853  0.002116622          741  0.000295922      2617790
351.250 -0.008163561         2704 -0.003930611         4930 -0.001894616          681 -0.000257711      2604406
353.750  0.000631976         2826  0.001185727         4651  0.014950702          662  0.000015476      2592852
356.250 -0.002220599         2770  0.000863654         4387 -0.004350927          663 -0.000025068      2575201
358.750  0.002029210         2704 -0.004599789         4370 -0.000038818          650 -0.000198238      2552148
361.250  0.010078558         2715  0.002576433         4368  0.000518626          622  0.000003494      2540507
363.750 -0.008805481         2688  0.000845658         4108  0.024629674          579 -0.000000042      2523926
366.250 -0.008312283         2683 -0.009992927         4057  0.012423601          547  0.000004045      2502662
368.750  0.001215865         2585 -0.008121918         3977  0.032936562          550  0.000291013      2486444
371.250 -0.006455709         2569  0.002583444         3822  0.025360594          558  0.000112256      2466982
373.750 -0.010645804         2604 -0.002608544         3808  0.022724609          526  0.000214651      2450014
376.250  0.004280321         2582 -0.008033090         3717  0.001450205          530 -0.000604117      2429338
378.750  0.001609919         2517 -0.010644462         3609  0.010292542          504 -0.000086351      2409792
381.250  0.007364391         2583  0.004001795         3409 -0.011327194          448 -0.000124175      2394025
383.750  0.005705810         2567 -0.014152688         3452  0.019125592          479 -0.000358945      2372900
386.250 -0.007139019         2467 -0.003753998         3318 -0.009080640          446  0.000102968      2352713
388.750 -0.004143610         2446 -0.008255812         3213 -0.000230283          423  0.000092562      2330958
391.250 -0.001585275         2468 -0.002900861         3116 -0.014189578          414 -0.000042476      2311881
393.750 -0.007277448         2344  0.007075644         3014 -0.003322522          424 -0.000272252      2292714
396.250 -0.003591432         2397  0.012121539         2933 -0.024733292          381 -0.000153387      2273945
398.750 -0.001920647         2504 -0.001480917         2864  0.003383326          394  0.000028998      2254336
401.250 -0.001640994         2311  0.003185706         2851 -0.015133880          340 -0.000185153      2232886
403.750  0.001064231         2326  0.008558220         2797  0.024236266          370  0.000233602      2210655
406.250  0.005426258         2295  0.004070225         2711  0.006370058          364 -0.000437127      2191964
408.750 -0.003282349         2314  0.003823849         2726 -0.030178202          328 -0.000231993      2170380
411.250 -0.006759983         2386 -0.013334867         2526  0.029096603          339  0.000356734      2148835
413.750  0.000039036         2260  0.005775942         2536  0.001823162          290 -0.000072002      2131559
416.250  0.002821905         2222 -0.001952871         2404 -0.009375753          320 -0.000245864      2107097
418.750  0.001052268         2239 -0.009618932         2369 -0.013959055          284  0.000122169      2089972
421.250 -0.013303580         2109  0.002876675         2269 -0.014788137          300 -0.000148496      2067457
423.750  0.001163180         2227  0.004982101         2227 -0.010516617          266  0.000108112      2048832
426.250  0.009614901         2180  0.014901197         2163 -0.015782893          270 -0.000168164      2022581
428.750 -0.008723462         2112 -0.006958893         2159 -0.003862065          289 -0.000005682      2005088
431.250 -0.010446567         2067 -0.014525841         2122 -0.001725618          267 -0.000228395      1982771
433.750  0.009730738         2084  0.000567309         2041 -0.008042613          253 -0.000039671      1959518
436.250 -0.011788411         2009 -0.009207476         2037  0.000020564          242 -0.000574415      1943352
438.750 -0.001786918         2066  0.008584691         1983 -0.023859829          244  0.000085670      1921363
441.250  0.010137021         2013  0.001546994         1837  0.014261257          227 -0.000061384      1898141
443.750  0.008967138         1920  0.001875972         1832 -0.042447938          214  0.000179644      1876572
446.250 -0.008716669         1934  0.011364681         1779  0.043657173          231  0.000095310      1858633
448.750 -0.004626173         1991  0.001063570         1728 -0.043000030          218  0.000306251      1840098
451.250 -0.001125171         1946  0.007314910         1773  0.005786414          208  0.000012552      1817899
453.750 -0.013478426         1890 -0.004930481         1679  0.024522910          210  0.000312897      1798876
456.250 -0.006333002         1810 -0.004484769         1667  0.025266312          227 -0.000001557      1776924
458.750  0.008402950         1911  0.014912546         1728  0.070440855          179  0.000199426      1753314
461.250 -0.006612439         1857  0.006650503         1547 -0.014912518          189 -0.000394403      1737821
463.750  0.001362629         1879  0.013049108         1493  0.018029253          203  0.000036613      1713195
466.250 -0.002266898         1818  0.004391500         1371 -0.024113665          157 -0.000087880      1693893
468.750 -0.018522973         1756  0.023544881         1408 -0.060205876          178 -0.000019881      1674849
471.250 -0.008496780         1718 -0.002806561         1300  0.014938382          163 -0.000168652      1656383
473.750  0.005384993         1701 -0.001838549         1333 -0.030765160          155 -0.000460114      1634069
476.250 -0.017151002         1722  0.011663421         1387  0.008704760          158 -0.000193511      1617341
478.750 -0.013849460         1779  0.013294456         1301  0.023903169          127 -0.000493124      1596643
481.250  0.000124808         1634  0.001287458         1211  0.012963566          161  0.000041674      1579199
483.750 -0.006844438         1721 -0.001981401         1177 -0.043741198          135  0.000137329      1557485
486.250  0.005708742         1608  0.008110887         1179  0.002787905          135  0.000197186      1539231
488.750 -0.005598721         1571 -0.008295203         1166  0.062961237          124  0.000095499      1518268
491.250 -0.012481538         1590 -0.007011937         1103  0.023163005          128 -0.000258903      1499802
493.750 -0.006506766         1556  0.020750317         1076  0.010442836          120 -0.000119080      1482454
496.250  0.006886849         1546 -0.000644920         1080  0.019850640          138  0.000228128      1464458
498.750 -0.008734668         1553 -0.004296110         1020  0.054117834          129  0.001001773      1446066
