#   q     Cout       Nout      Cside       Nside       Clong        Nlong
  1.250  0.190352313        22988  0.150540681        22065  0.182960582        21699 -0.158348339          860
  3.750  0.186404489        22407  0.177931636        21215  0.199209669        21691  0.137292748         5388
  6.250  0.176975523        21825  0.188517569        21714  0.197646056        21766  0.208802130        14895
  8.750  0.158336655        21132  0.172900639        21212  0.162080690        21450  0.181568463        28063
 11.250  0.141849191        20553  0.162161775        21393  0.134645542        21244  0.131904323        44973
 13.750  0.119677506        20002  0.128758951        21308  0.101635460        21057  0.091532917        65366
 16.250  0.088477892        19778  0.098499216        21750  0.078921766        20773  0.062781150        89753
 18.750  0.071977092        19224  0.074261759        21429  0.043227307        20720  0.037889357       116151
 21.250  0.051731130        18550  0.048254156        21513  0.020440677        20379  0.021650247       144892
 23.750  0.029190679        18284  0.030533661        21373  0.015584138        20062  0.007565889       176562
 26.250  0.026139975        17933  0.016696620        21407  0.009879125        19973  0.003900775       209899
 28.750  0.004106151        17367  0.006080130        21607  0.008346232        19650  0.002545814       246535
 31.250  0.000420949        16653  0.010909627        21245  0.003399302        19675  0.000231584       282132
 33.750 -0.001146396        16360 -0.002520705        21831 -0.004113741        19218 -0.000568684       320271
 36.250 -0.004953190        16220 -0.001771519        21374  0.000990575        19033 -0.000272470       361426
 38.750 -0.006145669        15575  0.002431858        21504  0.002151572        18815 -0.002866266       400719
 41.250 -0.009368807        15190 -0.000718802        21296  0.005741948        18457 -0.000804718       440627
 43.750 -0.005325576        14978  0.001881768        21560 -0.000239821        18506  0.000132690       482365
 46.250 -0.005563768        14424  0.003069859        21570 -0.003791709        18115 -0.000303948       523279
 48.750 -0.003592659        14305  0.003079938        21545 -0.001011281        17778 -0.001434676       563808
 51.250 -0.006577933        13735 -0.002924430        21504  0.004242772        17714 -0.001277656       607071
 53.750 -0.003827859        13518  0.001223154        21624 -0.005847624        17432  0.000568134       649182
 56.250 -0.009678356        12995  0.001535016        21660 -0.005527844        17348 -0.000338348       690576
 58.750 -0.010621175        12852 -0.004605970        21468 -0.004928046        17179 -0.001441928       730421
 61.250 -0.004043635        12403  0.001832255        21302 -0.001492028        16793 -0.001096079       772382
 63.750 -0.012282843        12176 -0.006925774        21872  0.002294071        16539 -0.001369224       812194
 66.250  0.002121231        12105 -0.000525608        21684  0.004768209        16454  0.000075523       850812
 68.750 -0.013086251        11491  0.002204144        21445 -0.002300496        16267 -0.000322118       890994
 71.250 -0.011280727        11359  0.007428089        21524 -0.001255579        15888 -0.000364446       929161
 73.750 -0.010759981        11035  0.001412446        21542  0.000370013        15480 -0.001038010       965867
 76.250 -0.007926308        10745 -0.002110637        21716 -0.005346759        15651 -0.001488099      1002965
 78.750  0.000853598        10393 -0.002189597        21651  0.004065266        15256  0.000758367      1039517
 81.250 -0.001866307        10248 -0.006770659        21622  0.002514168        14818 -0.000546166      1074368
 83.750  0.000604436        10147 -0.003591683        21360 -0.000680687        14683  0.000393424      1110108
 86.250 -0.005572343         9887 -0.003473928        21667 -0.005934942        14544 -0.000157018      1146068
 88.750 -0.001599471         9596 -0.000513386        21470  0.003829876        14283 -0.001012731      1176755
 91.250 -0.016301991         9189 -0.006979675        21646  0.004003750        14039 -0.000121121      1209446
 93.750 -0.001603379         9069 -0.003298872        21472  0.004022575        13722 -0.000446421      1240291
 96.250  0.003171538         9007  0.003250027        21793 -0.005038815        13387  0.000347646      1273270
 98.750 -0.003725569         8563 -0.001529795        21659  0.005385675        13285 -0.000359990      1303990
101.250  0.002088087         8630  0.001213923        21825 -0.001844196        13171 -0.000371063      1334716
103.750  0.007840201         8327 -0.002529888        21813  0.001216861        12831  0.000369378      1364331
106.250 -0.005920645         7913 -0.000280352        21683  0.005057609        12785 -0.000040204      1391688
108.750 -0.007630050         7960 -0.001214645        21655  0.000228301        12433  0.000246210      1419718
111.250  0.002067449         7820 -0.003357347        21898 -0.001027018        12078  0.000079744      1447202
113.750  0.000520021         7537  0.008325120        21976  0.000522082        12013 -0.000435197      1473045
116.250 -0.006891078         7304 -0.005144932        21912  0.001693851        11702 -0.000397540      1499268
118.750 -0.004859058         7165 -0.003775754        21764  0.001109361        11732 -0.000085126      1526027
121.250  0.006353119         7117 -0.002753098        21911  0.001961836        11421 -0.000573871      1552411
123.750  0.002771706         6984 -0.000209624        21936  0.002441065        11005  0.000096943      1578047
126.250 -0.013911901         6827  0.000826373        21758 -0.004606090        10970 -0.000250118      1603520
128.750 -0.009220935         6486  0.000999331        21690  0.001631323        10680 -0.000447300      1626049
131.250 -0.014596089         6447 -0.000224149        21827  0.002464451        10348 -0.000050483      1649091
133.750 -0.006931070         6340 -0.004462524        21869 -0.005288995        10113  0.000061441      1674240
136.250  0.002915931         6139 -0.000774450        21767 -0.013748459        10080 -0.000495884      1697968
138.750  0.011266188         6018 -0.000563917        21811 -0.005522815         9621 -0.000672908      1720730
141.250  0.005714651         5956 -0.004504487        21754  0.002208159         9496 -0.000530239      1743891
143.750 -0.011228116         5741 -0.001316457        21879  0.008926873         9306  0.000115217      1764225
146.250 -0.002311885         5738 -0.000888456        22105  0.002483553         9145 -0.000157113      1785605
148.750  0.001913861         5482 -0.002275492        21939 -0.001185184         8890  0.000030989      1808168
151.250 -0.000511866         5345 -0.000222987        22029 -0.004877607         8684 -0.000020760      1829275
153.750  0.003328865         5482 -0.000959056        21833 -0.007379136         8391 -0.000172924      1848770
156.250 -0.003270790         5005 -0.001169014        22113 -0.002657260         8268 -0.000225176      1871713
158.750 -0.003767771         5020 -0.003805884        22110  0.005928963         8057 -0.000225331      1891387
161.250 -0.005455924         4985 -0.002421770        21869 -0.001632908         7955 -0.000352847      1911521
163.750 -0.006029843         4881 -0.001842463        21819  0.002342479         7663 -0.000045478      1933655
166.250 -0.002565345         4767  0.000539819        22336 -0.003846532         7641 -0.000044887      1957365
168.750  0.001813185         4605  0.000123676        22438 -0.001615966         7449 -0.000698305      1976141
171.250 -0.004330260         4448 -0.000763909        21928 -0.004938718         7238 -0.000478633      1995473
173.750 -0.012407869         4287 -0.000298449        22357  0.002656514         6985  0.000206155      2016244
176.250 -0.014518899         4388  0.005237556        22345 -0.005680927         6874  0.000376311      2038546
178.750  0.002477745         4303  0.002266510        22309  0.004798721         6773 -0.000297559      2056031
181.250  0.000655902         4061  0.002246425        22439 -0.003527583         6458  0.000341876      2076315
183.750  0.004213587         3970 -0.000300930        22582 -0.002252177         6316  0.000044471      2099275
186.250 -0.008654627         3963  0.003491700        22441  0.004237404         6132  0.000039192      2119420
188.750 -0.001718693         3975 -0.000549942        22552 -0.003063502         5805 -0.000378428      2140380
191.250 -0.008276627         3989  0.002353035        22483  0.002861057         5772 -0.000381140      2161791
193.750 -0.008677206         3646  0.000608365        22702 -0.000197381         5554 -0.000132801      2182752
196.250 -0.002829581         3591 -0.002166074        22717 -0.007292041         5383  0.000272651      2206012
198.750 -0.011408534         3557  0.002037442        22578  0.002238223         5162 -0.000030252      2229931
201.250  0.014913895         3474  0.000036613        22703  0.004707233         5087 -0.000393783      2256924
203.750 -0.010765447         3427 -0.001867965        22230 -0.006479973         4927  0.000091435      2284179
206.250 -0.002360959         3397  0.002447680        21976 -0.011315299         4732 -0.000157151      2311645
208.750  0.005740036         3370  0.003007936        21279 -0.005758471         4576  0.000037405      2337776
211.250  0.007513992         3197  0.001261157        20639  0.001636656         4510  0.000060798      2365197
213.750 -0.003200805         3230  0.001823306        20166  0.003435317         4344 -0.000161838      2393327
216.250  0.001430582         3234  0.001383921        19523 -0.001229663         4227  0.000153302      2419401
218.750 -0.001409501         3195 -0.002447269        18961  0.008115081         4084 -0.000080650      2443620
221.250 -0.011057992         3152 -0.000501373        18699  0.002670728         3881 -0.000141977      2470783
223.750 -0.006483383         3079  0.002530362        18149 -0.004332167         3746 -0.000201827      2496832
226.250  0.004403321         3059 -0.002934248        17669 -0.001751460         3712  0.000003495      2522834
228.750  0.003040113         3166  0.001840383        17211  0.004849574         3510 -0.000093795      2544338
231.250 -0.000025129         3065 -0.000639034        16682 -0.001594372         3336 -0.000079474      2564608
233.750  0.003424150         3136  0.001043217        16272  0.001214412         3226 -0.000325775      2586887
236.250  0.015180094         2944 -0.000185952        16125  0.000604934         3117 -0.000167094      2610972
238.750 -0.009400160         3117 -0.000072277        15397 -0.000665922         3067 -0.000145618      2628562
241.250  0.010739208         3091  0.005313855        14942 -0.003411478         2951  0.000037708      2651011
243.750  0.007624644         3055 -0.003315768        14825  0.003623186         2893  0.000190301      2670684
246.250 -0.011812006         3006  0.000699697        14262 -0.008871747         2764 -0.000334508      2685759
248.750  0.013018428         3049 -0.003074397        13982 -0.007462656         2643 -0.000007858      2704542
251.250 -0.006896795         3033 -0.002345960        13675  0.006672619         2560 -0.000129260      2718483
253.750  0.008123533         3065  0.001718054        13137 -0.003430245         2549  0.000216328      2736062
256.250 -0.003847866         3001  0.007723586        12922  0.001739738         2331 -0.000066944      2748177
258.750 -0.001324831         3094  0.004162890        12583 -0.012204605         2352 -0.000521090      2758049
261.250 -0.011314087         3064  0.006994351        12085 -0.003900484         2263 -0.000081023      2769434
263.750  0.001948151         2963 -0.001268570        12017  0.008743689         2143 -0.000269476      2782286
266.250  0.001312704         3076  0.003563620        11599 -0.003567236         2020 -0.000068275      2789597
268.750  0.001748239         3058 -0.000328599        11462 -0.005872780         1989 -0.000150261      2799781
271.250 -0.011342294         3035  0.000029207        11020 -0.000639324         1961 -0.000278766      2805193
273.750  0.004554299         3050  0.000280650        10756  0.014026483         1841  0.000195680      2809213
276.250 -0.002610252         3097  0.004264764        10466  0.004924396         1785 -0.000117407      2817949
278.750 -0.005651874         2915 -0.006025550        10288  0.012657113         1793  0.000495999      2822806
281.250 -0.003314366         3041 -0.001309504        10047  0.012135566         1687 -0.000152999      2821140
283.750  0.008582968         2927  0.001237913         9744  0.004836523         1648 -0.000024419      2826136
286.250  0.010788319         3011 -0.006811582         9598 -0.002637681         1616 -0.000136322      2826806
288.750 -0.001518454         3038  0.001161174         9211  0.011934141         1531  0.000083396      2828133
291.250  0.007882278         2991  0.001632925         9014 -0.011768806         1510 -0.000154046      2827015
293.750 -0.010348511         3071 -0.000935379         8989  0.003776570         1429  0.000077912      2824685
296.250  0.000719492         2970  0.000052319         8556 -0.015773708         1326  0.000005994      2823645
298.750  0.006261761         3064 -0.004093881         8211  0.004256543         1356 -0.000196309      2819649
301.250  0.002925299         2990 -0.000013471         8013  0.001059105         1309 -0.000183550      2818241
303.750  0.000946912         2915 -0.003109229         7886  0.014125808         1252 -0.000121795      2811039
306.250  0.006503140         3039 -0.000424634         7687 -0.000645068         1189 -0.000044337      2809189
308.750 -0.012186984         2987  0.001772652         7396 -0.007648585         1159 -0.000216346      2801771
311.250 -0.003763214         2992  0.003125393         7174  0.015925793         1184 -0.000044321      2792795
313.750 -0.009251125         2926  0.007380660         6933 -0.006822942         1052  0.000212168      2786210
316.250 -0.001596710         2890  0.009210655         6862  0.007362050         1135 -0.000158659      2779523
318.750 -0.000404568         2891 -0.001510707         6757  0.008909686         1042 -0.000130907      2770471
321.250 -0.000641934         2985 -0.006256084         6448 -0.000859082          961 -0.000109911      2762318
323.750  0.002902461         2880 -0.001754484         6527 -0.010136517          957  0.000146710      2750158
326.250  0.006589048         2844 -0.001931644         6160  0.005611210          900 -0.000329539      2740221
328.750  0.002319154         2946  0.000210233         6085  0.000661189          947 -0.000106812      2730156
331.250 -0.006607685         2899  0.001059327         5886 -0.012609859          900 -0.000075719      2718989
333.750 -0.013351238         2858 -0.006319710         5722 -0.019703659          919 -0.000079290      2703626
336.250  0.006731099         2876 -0.001583867         5452 -0.008348075          846 -0.000168394      2691897
338.750  0.004716261         2814 -0.003716383         5283  0.006293175          817 -0.000167282      2679343
341.250  0.001808026         2802 -0.001797862         5209  0.007843732          794 -0.000248695      2663550
343.750  0.000245551         2711  0.002651485         5140 -0.017002872          734 -0.000024905      2653576
346.250  0.009862141         2746  0.000426767         4972 -0.005987151          714  0.000057617      2636992
348.750  0.010572123         2763  0.002466255         4734 -0.001308415          740  0.000126368      2622607
351.250 -0.006289395         2831 -0.000253774         4739  0.004744993          669 -0.000164123      2604915
353.750  0.000571959         2766  0.001501254         4641  0.022848183          723  0.000005583      2588457
356.250  0.014641089         2718 -0.000289841         4617  0.019362052          678  0.000215917      2574341
358.750 -0.003069983         2709 -0.007192990         4270  0.007223068          609  0.000001694      2555036
361.250 -0.008911849         2786 -0.004545739         4253 -0.007113318          596  0.000083516      2538825
363.750  0.001258111         2647  0.004055695         4228 -0.000697192          590  0.000046380      2522232
366.250 -0.007528715         2607 -0.003824154         4058 -0.003162055          570  0.000012104      2505525
368.750 -0.004275333         2643 -0.000350987         3969 -0.020158825          555  0.000248748      2486652
371.250  0.005451623         2644 -0.000755764         3810  0.021024938          517  0.000055893      2471210
373.750 -0.002951232         2632  0.003483754         3784  0.007736439          510 -0.000100543      2450312
376.250 -0.002988855         2622 -0.001599625         3775  0.003089469          530 -0.000197080      2432109
378.750  0.000846632         2542 -0.001415818         3489 -0.000096511          494  0.000014621      2411226
381.250  0.001230183         2507  0.002184387         3493 -0.024712177          435 -0.000093916      2390752
383.750 -0.010100258         2368  0.001951751         3359 -0.008399810          456 -0.000144392      2374083
386.250  0.003513853         2463 -0.005045941         3376  0.012602493          451 -0.000031222      2356114
388.750 -0.008729976         2474  0.000051157         3219 -0.031585062          391 -0.000080438      2334457
391.250  0.013821881         2386  0.000577584         3208 -0.007646941          406 -0.000458621      2312050
393.750 -0.010103321         2417  0.016497401         3086 -0.007565231          400 -0.000198650      2292566
396.250  0.013284340         2365 -0.001237989         2996  0.007134611          386 -0.000592695      2273214
398.750  0.005123083         2271 -0.004105547         2911 -0.012755321          414  0.000201880      2250757
401.250  0.000167963         2393  0.001902956         2807 -0.037558100          366 -0.000108263      2230889
403.750 -0.003705288         2328  0.001009663         2750 -0.006669121          371 -0.000046222      2212133
406.250 -0.000999933         2350 -0.004191552         2681 -0.022118903          334  0.000468751      2190641
408.750  0.010252252         2296  0.001443872         2645 -0.013566734          299 -0.000033378      2170549
411.250  0.000659652         2183 -0.009003976         2605 -0.000371405          315  0.000321008      2149738
413.750  0.005076131         2166 -0.003534389         2552 -0.016146179          348 -0.000204713      2129006
416.250  0.009791062         2309 -0.002803588         2397  0.016960591          314 -0.000244384      2108880
418.750 -0.001712107         2287  0.013632137         2432 -0.016196551          289 -0.000197850      2090847
421.250  0.010903718         2141  0.010278159         2178  0.006209191          325  0.000178378      2065740
423.750  0.002139051         2112 -0.000979723         2289  0.006701172          291 -0.000413367      2045957
426.250  0.005794991         2055 -0.005163465         2259 -0.002280462          272 -0.000183591      2024412
428.750  0.002049767         2129  0.001154589         2188 -0.012119307          277 -0.000153265      2001729
431.250 -0.012920192         2126  0.001209660         2032  0.039061677          252  0.000165198      1983030
433.750  0.008013751         2110  0.004892216         2012  0.018752819          258 -0.000185843      1962895
436.250 -0.003806379         2011 -0.000838903         2013 -0.024326404          270 -0.000086657      1940991
438.750 -0.010196815         2092 -0.004635742         1962  0.010326286          227 -0.000155673      1920524
441.250  0.014470874         1980 -0.009922578         1924  0.024433857          234 -0.000113199      1902686
443.750  0.001514934         1964  0.006216459         1843 -0.018813853          228 -0.000242732      1880120
446.250  0.010610314         1901 -0.004740471         1745 -0.001132176          222  0.000285839      1860316
448.750 -0.010425402         2012 -0.003966494         1722 -0.039718461          196 -0.000305288      1834702
451.250  0.003995297         1932 -0.005504216         1774 -0.026592241          199 -0.000297924      1818474
453.750 -0.002542241         1909  0.004338342         1714 -0.029784834          225 -0.000056738      1796859
456.250  0.001687848         1930  0.010842353         1583  0.017026510          206 -0.000042753      1777663
458.750 -0.008102819         1805 -0.005181525         1611 -0.009432194          208  0.000260737      1754206
461.250 -0.008490995         1781 -0.001429143         1555 -0.009943664          191 -0.000109819      1737188
463.750  0.014344500         1862  0.000566182         1485 -0.025793244          193 -0.000273038      1714387
466.250 -0.000190849         1695  0.001190860         1441  0.008198713          167 -0.000162177      1696794
468.750 -0.004326725         1683  0.005284032         1436 -0.002045264          199 -0.000158080      1677905
471.250  0.002211502         1732  0.009328240         1401  0.002427599          164 -0.000296341      1657522
473.750 -0.011280250         1756 -0.021241847         1331  0.018350504          139  0.000037898      1634516
476.250  0.006905339         1729  0.025314868         1295  0.011362519          144 -0.000344220      1616352
478.750  0.017154979         1691 -0.003733129         1244 -0.006452489          123 -0.000085724      1597604
481.250  0.012168832         1636 -0.007532381         1246 -0.046938172          164  0.000107700      1579272
483.750 -0.010074159         1637  0.003511924         1255  0.034980190          140  0.000332521      1556340
486.250  0.006947924         1645  0.003044242         1187 -0.019945300          152  0.000446736      1539650
488.750  0.000681644         1650  0.009602639         1184 -0.022628456          138  0.000167132      1521749
491.250  0.004066657         1638  0.003507637         1199 -0.011561612          151 -0.000083694      1501416
493.750  0.003339535         1514 -0.003231423         1127  0.044640854          123  0.000123649      1482495
496.250 -0.008650390         1576 -0.011564705         1119 -0.008053538          144 -0.000253920      1465214
498.750  0.011484846         1485 -0.013159758         1098  0.105762312          134  0.000019487      1443425
