#   q     Cout       Nout      Cside       Nside       Clong        Nlong
  1.250  0.182254016        22851  0.145052957        21494  0.184422923        22113 -0.161316650          827
  3.750  0.187091259        22504  0.180170441        21434  0.198017685        21724  0.135910681         5392
  6.250  0.176939514        21832  0.187441153        21637  0.191379332        21574  0.209920765        14773
  8.750  0.160046972        21065  0.176086921        21566  0.165745621        21292  0.182364218        27781
 11.250  0.142536912        20795  0.155718767        21486  0.133643097        21179  0.133745024        44831
 13.750  0.117763155        20172  0.128248538        21602  0.097516693        21337  0.091856988        65709
 16.250  0.093041666        19638  0.098702257        21368  0.068062213        20969  0.061184439        89650
 18.750  0.067543714        18735  0.070863600        21718  0.045072445        20492  0.035270938       116612
 21.250  0.050965240        18823  0.045186533        21457  0.025450754        20318  0.019380927       145250
 23.750  0.032631111        18250  0.030800879        21402  0.014462799        20122  0.009947146       176912
 26.250  0.022372189        17800  0.019141618        21343  0.005734647        19910  0.003643718       210492
 28.750  0.013064627        17266  0.010279714        21695 -0.004741574        19797  0.001628726       246417
 31.250 -0.002210715        16926  0.001200688        21658  0.005475069        19575  0.000018424       283091
 33.750 -0.003479115        16567 -0.000928174        21423 -0.006046143        19184 -0.001372294       320909
 36.250 -0.000256933        15893  0.003188304        21718  0.002523118        19225 -0.001233133       359158
 38.750 -0.012356177        15819  0.003516987        21608 -0.005186548        18765 -0.001376432       399980
 41.250 -0.002105872        15247 -0.003688118        21391  0.001670343        18667 -0.001266934       441414
 43.750 -0.012616635        15090 -0.005241635        21567 -0.000536853        18188 -0.001957539       482693
 46.250 -0.008085527        14485 -0.002650252        21648  0.008872232        18500 -0.000557536       522373
 48.750 -0.014348603        14238 -0.007127359        21598  0.000675347        17970 -0.002235310       565493
 51.250 -0.002709859        14052  0.001874772        21735 -0.004534333        17602 -0.001635508       607545
 53.750 -0.015545863        13411 -0.000524914        21636 -0.000240328        17549 -0.001043610       648146
 56.250 -0.005093825        13306 -0.002250078        21687 -0.002522097        17187 -0.000347250       689996
 58.750 -0.012714502        12890 -0.003883292        21611  0.000567811        17021 -0.001010659       730812
 61.250 -0.005301747        12422  0.000175849        21768  0.000105010        16887 -0.000400260       770454
 63.750 -0.012634141        12288 -0.003585341        21546  0.000800356        16607 -0.001523813       811378
 66.250 -0.011624886        11958 -0.004307134        21736 -0.000899174        16215 -0.000270113       850493
 68.750 -0.007804268        11689  0.002646180        21615  0.004710232        16099 -0.000418484       890473
 71.250 -0.004191039        11368 -0.001954289        21630 -0.004447841        15719 -0.000502983       927148
 73.750 -0.004457925        10934  0.000118867        21555 -0.002407503        15719 -0.000622283       965849
 76.250  0.001725284        10775 -0.001344627        21593  0.002709394        15539 -0.000014455      1002203
 78.750 -0.003621759        10529 -0.000328325        21656  0.002720689        15150  0.000671563      1040582
 81.250 -0.011385006        10487  0.003056678        21643 -0.002036840        15009 -0.000779804      1074865
 83.750 -0.006933748        10090  0.000475100        21480  0.000197072        14390 -0.000431195      1108511
 86.250 -0.015864405         9833 -0.002315061        21635 -0.001717422        14520 -0.000502363      1144221
 88.750 -0.004090305         9609  0.001856253        22100 -0.002166069        14398 -0.000503812      1176354
 91.250 -0.002664431         9350 -0.002656425        21474  0.000290734        14110 -0.001295623      1210347
 93.750 -0.008737020         9078  0.008444196        21476 -0.001599935        13661 -0.000754509      1240738
 96.250 -0.002935381         8879 -0.005174516        21667 -0.001000519        13714 -0.000109873      1273222
 98.750 -0.010482782         8691 -0.001390767        21857 -0.009728320        13174 -0.000232242      1301755
101.250 -0.002084809         8492 -0.000149071        21954  0.000923142        13238 -0.000463166      1334940
103.750 -0.012400447         8340  0.008348239        21954 -0.009984366        12765 -0.000606259      1363623
106.250 -0.009739287         8234 -0.000149133        21868 -0.002250142        12743 -0.000648218      1391017
108.750  0.002979532         7984 -0.005045665        21994 -0.000837753        12369 -0.000923483      1418214
111.250 -0.010149033         7813 -0.008865773        21718 -0.002204065        12243 -0.000638696      1447561
113.750 -0.005212711         7600  0.002619091        21983  0.001417810        11944  0.000358659      1477204
116.250 -0.000060908         7417  0.006704123        21769  0.001672079        11760  0.000018605      1501009
118.750 -0.003171130         7250  0.000338664        21773  0.007049564        11514 -0.000438798      1529559
121.250 -0.010094096         7077  0.002958281        21517  0.009153831        11310  0.000922032      1549762
123.750 -0.008909566         6944  0.005910045        21698  0.005898311        11072  0.000141352      1577167
126.250  0.003369015         6801 -0.002050046        21743 -0.013216609        10787 -0.000253451      1601577
128.750 -0.005038067         6455  0.002227107        22000  0.006007139        10356 -0.000356359      1626273
131.250  0.000677912         6294  0.000844186        21756 -0.002947568        10220  0.000313020      1650008
133.750  0.003734027         6419 -0.000887868        21889  0.000239546         9965 -0.000113809      1672215
136.250  0.004376243         6159  0.001496271        22020 -0.002465481        10040  0.000085724      1695330
138.750 -0.001438340         5970 -0.001871345        21997  0.000395713         9745 -0.000576512      1720657
141.250  0.014249400         5943 -0.001355136        22159  0.003189407         9701 -0.000988046      1744061
143.750 -0.001999684         5799  0.001597441        21684 -0.000617549         9407 -0.000347531      1762842
146.250 -0.010533788         5676 -0.003703566        22119 -0.006800600         9176 -0.000690047      1785649
148.750 -0.006074544         5631 -0.000719532        21918  0.000138548         8852  0.000212822      1809172
151.250 -0.004645689         5393 -0.000685662        21888  0.000657159         8623 -0.000377568      1827696
153.750 -0.004599096         5178  0.000388337        22152 -0.001231047         8468 -0.000354458      1850671
156.250 -0.007951256         5155 -0.002669316        22200  0.000791740         8179 -0.000216761      1872980
158.750 -0.005149069         5021  0.002596588        22161 -0.000216973         8063 -0.000307735      1889146
161.250  0.005408230         4833  0.002120514        21938  0.002289502         7919 -0.000442656      1916716
163.750  0.005372328         4842 -0.004079470        22135  0.001081826         7841 -0.000187983      1931655
166.250 -0.001515924         4672 -0.000817851        22121 -0.006668421         7444  0.000053659      1954790
168.750 -0.022530422         4599 -0.001749261        22127 -0.002309043         7407 -0.000320466      1975486
171.250 -0.009092907         4447 -0.001322935        22191 -0.000710395         7261  0.000112122      1994187
173.750  0.005985897         4468  0.001128338        22260 -0.003045342         7099 -0.000106008      2017965
176.250  0.001462183         4299  0.001996336        22254  0.006922421         6778  0.000208627      2038460
178.750 -0.002057429         4325  0.001080960        22358 -0.004250440         6639 -0.000289800      2055891
181.250  0.001214036         4140 -0.001455592        22637  0.002082104         6391  0.000243264      2080153
183.750  0.010902544         4066 -0.000028087        22331 -0.004167875         6276 -0.000199260      2098598
186.250 -0.013589880         3985 -0.003780484        22725 -0.001106258         6053 -0.000169061      2122094
188.750 -0.000000617         3792 -0.001279984        22620 -0.000877922         5951 -0.000181583      2140056
191.250  0.008910073         3873  0.002263916        22939  0.003516005         5722 -0.000043931      2163927
193.750  0.001996607         3621 -0.000628487        22648 -0.005290563         5530  0.000054249      2186377
196.250  0.009696998         3637 -0.002100711        22848  0.006196232         5467  0.000104230      2206480
198.750 -0.016345982         3488 -0.000205665        23155 -0.001376745         5312 -0.000359257      2234925
201.250 -0.012175690         3516 -0.002043715        22947  0.005999326         5225  0.000314006      2255005
203.750 -0.014181605         3420  0.000953952        22410 -0.001500463         5021 -0.000300024      2284017
206.250 -0.001908041         3376  0.000096109        21736 -0.003990328         4721 -0.000012817      2310210
208.750  0.006128706         3361  0.000897807        21207  0.004093641         4499  0.000026761      2336685
211.250  0.004872422         3212  0.002336771        20619 -0.002719420         4455 -0.000107108      2365082
213.750 -0.003246165         3357  0.000960199        20126  0.003202696         4328 -0.000020421      2392512
216.250 -0.012861449         3242 -0.001127877        19662 -0.000117349         4200 -0.000242191      2416513
218.750  0.011185751         3180  0.001286324        19017 -0.006367925         4033 -0.000242378      2446388
221.250 -0.000936589         3150 -0.000357936        18457  0.000281792         3949 -0.000079064      2472684
223.750 -0.006128445         3139 -0.001049080        18270 -0.004214382         3746 -0.000282299      2493683
226.250 -0.013446572         3147 -0.000308778        17806  0.005053557         3719 -0.000143165      2522016
228.750 -0.000604367         3080 -0.001954778        17243 -0.000672908         3455 -0.000262167      2542692
231.250  0.009204553         3118 -0.006563756        16799 -0.004878451         3300 -0.000090968      2565805
233.750  0.011098917         2988 -0.002867527        16658 -0.000220460         3291 -0.000125923      2591800
236.250 -0.009340012         3054 -0.000338479        15746 -0.004213549         3121  0.000149276      2610124
238.750  0.003480636         2927 -0.001326383        15716 -0.009211832         2968 -0.000135800      2634158
241.250 -0.002674956         3077  0.003350411        15193 -0.005027560         2980 -0.000241445      2650205
243.750  0.008482995         2976 -0.001274851        14735 -0.000373658         2882 -0.000297823      2670532
246.250  0.015632395         3077  0.002611572        14626 -0.009523624         2683 -0.000154449      2687088
248.750 -0.002343170         2996  0.000706020        13886 -0.012485965         2584 -0.000123084      2701876
251.250 -0.009724598         3007  0.003349707        13542  0.002325217         2566 -0.000069792      2715932
253.750 -0.008638464         2975  0.002491709        13278  0.003834688         2499 -0.000045203      2733251
256.250  0.001341157         3059  0.001926383        12937  0.000244352         2415 -0.000198519      2749952
258.750 -0.008258697         2978  0.003736052        12527 -0.011144506         2383 -0.000409457      2756852
261.250 -0.005072916         2988 -0.000222269        12215  0.007876459         2248 -0.000262943      2768003
263.750  0.000562709         2958 -0.003576016        12025 -0.010853823         2138 -0.000222494      2781941
266.250  0.002971441         3058 -0.001425642        11627 -0.004016249         2148 -0.000432021      2790275
268.750 -0.000860132         3065  0.003559119        11316 -0.007008901         2071  0.000182804      2797783
271.250 -0.003556757         3039  0.001793302        11241  0.005096718         1938 -0.000017440      2806906
273.750  0.012923148         3031 -0.002156500        10657  0.017102723         1958  0.000068535      2808767
276.250 -0.004211343         3019 -0.000766698        10528 -0.001023264         1877  0.000226932      2814512
278.750 -0.008843230         2939  0.000631571        10177 -0.016645900         1826 -0.000113787      2821135
281.250  0.010898268         3106 -0.000249377         9925  0.000867095         1763 -0.000236394      2822899
283.750 -0.005985669         2995  0.003708618         9737  0.009793536         1622 -0.000105248      2827187
286.250  0.007475262         3094 -0.003109208         9462  0.008967029         1662  0.000213826      2827818
288.750  0.003646085         3051  0.003044295         9099 -0.005766716         1520 -0.000138515      2824880
291.250 -0.002588960         3040  0.001070877         9013 -0.006537017         1416 -0.000378582      2831869
293.750 -0.008632351         2990 -0.003916171         8850 -0.001132886         1457 -0.000182597      2825334
296.250  0.009698398         2955 -0.001202638         8344 -0.000865556         1388 -0.000009758      2824379
298.750  0.002313460         3078 -0.000651369         8085 -0.013377161         1330  0.000120086      2821012
301.250 -0.001493448         2980  0.002308515         8001  0.002400008         1389 -0.000145920      2817516
303.750 -0.007040767         3113 -0.005445692         7823  0.016742703         1291 -0.000227555      2812583
306.250  0.009268053         2941  0.001549749         7538  0.004824372         1229  0.000022909      2807933
308.750  0.016668719         2981  0.001659525         7307 -0.008150793         1199  0.000283646      2803118
311.250  0.003297050         3006 -0.000764715         7319  0.001129895         1152 -0.000321297      2794447
313.750 -0.000210414         3014 -0.003170129         6916 -0.015255046         1080 -0.000373131      2787767
316.250 -0.006988040         2913  0.002127134         6847 -0.016680171         1075 -0.000297281      2776444
318.750  0.000166086         2892  0.000166409         6733  0.023413146         1009 -0.000208305      2772082
321.250 -0.003195713         2899 -0.004471443         6513 -0.005318189         1043  0.000098543      2761112
323.750 -0.012746161         2856 -0.003454826         6428 -0.008184960         1016 -0.000231254      2749906
326.250  0.004245176         2989  0.000560456         6111 -0.008408795          925  0.000111015      2739118
328.750 -0.009674042         2904  0.002525308         6017  0.001983728          912  0.000278421      2727012
331.250 -0.011705178         2832 -0.002597822         5863  0.004685660          892 -0.000146781      2717629
333.750  0.017620815         2874  0.000361772         5725  0.008259342          874 -0.000113974      2703057
336.250  0.005198077         2866  0.002189039         5543 -0.004213430          812 -0.000021025      2694063
338.750 -0.012403722         2799  0.011184254         5411 -0.011408937          818 -0.000354585      2677153
341.250 -0.000959412         2832 -0.002449504         5318  0.014606432          807 -0.000136752      2661896
343.750 -0.004580144         2773  0.009643986         5197 -0.016055687          781  0.000605559      2652305
346.250  0.006078241         2718  0.001973753         5039 -0.008750839          699  0.000069683      2637682
348.750  0.002286595         2758  0.003370976         4909 -0.012874795          703 -0.000020104      2617826
351.250 -0.002842452         2805  0.000159950         4697  0.013189425          711  0.000038682      2605871
353.750  0.003683700         2780 -0.006484148         4691  0.018282230          679 -0.000291539      2587705
356.250  0.002979316         2654 -0.000053971         4498 -0.036189094          654 -0.000094825      2571170
358.750  0.008678675         2720  0.001238360         4440  0.009625071          644 -0.000378891      2554506
361.250  0.000678272         2747 -0.000547232         4301  0.004758443          660  0.000439224      2540611
363.750 -0.001065080         2657  0.000589764         4143 -0.003385953          594 -0.000472109      2521935
366.250 -0.000155612         2577 -0.000259810         4082  0.002081273          591 -0.000025297      2500575
368.750 -0.007004899         2553 -0.002658527         4011  0.007493683          585 -0.000230982      2482978
371.250 -0.003009503         2508 -0.002650584         3931  0.020252431          511  0.000049068      2466023
373.750  0.001158447         2589  0.000293707         3795 -0.011437170          495 -0.000016765      2450927
376.250  0.000483796         2599 -0.007871280         3703 -0.008479303          522 -0.000681653      2428556
378.750 -0.004299934         2465 -0.007590331         3520  0.007314191          492  0.000128360      2409831
381.250 -0.009990565         2526  0.009697518         3390  0.006541361          451  0.000029273      2390757
383.750 -0.006892722         2573 -0.008494790         3452 -0.007015739          422 -0.000037103      2370472
386.250  0.000763324         2448  0.000588554         3300  0.012455448          443 -0.000266198      2354707
388.750  0.000948173         2467  0.002336105         3258  0.008813150          464 -0.000405797      2331885
391.250 -0.006489052         2439 -0.003789826         3167 -0.022402666          430  0.000088329      2313474
393.750 -0.018333819         2437  0.007689318         3103 -0.008630358          451  0.000116221      2293957
396.250  0.011336393         2382 -0.000308917         2956  0.009529872          401 -0.000025032      2274526
398.750  0.002796588         2373  0.011539470         2940 -0.005307321          380  0.000053711      2253867
401.250 -0.007611960         2311 -0.011300128         2814  0.013780851          382  0.000064017      2234073
403.750  0.006646237         2398 -0.007507426         2794  0.010625897          354  0.000178923      2208460
406.250 -0.013121987         2377  0.007325369         2706 -0.025177932          331  0.000022467      2192747
408.750  0.006566806         2356  0.005063911         2669 -0.011774999          322 -0.000220910      2172633
411.250 -0.001213985         2310 -0.003429511         2555  0.012079343          353  0.000201016      2151385
413.750  0.006522773         2206  0.009022789         2485  0.001461090          337 -0.000549006      2127677
416.250 -0.004774195         2223  0.013139124         2427  0.003126175          294 -0.000396597      2107275
418.750  0.006597566         2272 -0.002415363         2317 -0.005783801          305 -0.000269232      2085919
421.250  0.009030714         2142  0.000868096         2263 -0.023164141          275  0.000167869      2066118
423.750 -0.003843475         2214 -0.001048775         2219 -0.004635136          272 -0.000245081      2045370
426.250  0.005672908         2215 -0.001708766         2202  0.018371895          263 -0.000286147      2022914
428.750  0.015950792         2126 -0.011999505         2188  0.034823303          271  0.000116615      2003830
431.250 -0.006040592         2128 -0.002712726         2030 -0.040303201          248  0.000095811      1981517
433.750  0.006792071         2102 -0.001949612         2056 -0.020462827          276  0.000172560      1961882
436.250  0.004503189         1971 -0.020329261         1947 -0.031930488          257 -0.000384864      1940022
438.750 -0.009178624         2028 -0.004864320         1921 -0.015970784          220  0.000139468      1921065
441.250  0.005631060         2038  0.004004809         1874  0.012965001          236 -0.000023961      1900643
443.750 -0.009029502         2093  0.015835670         1832  0.013759394          215  0.000096431      1877328
446.250  0.003321008         1979  0.011678473         1697 -0.021983177          220 -0.000254175      1857062
448.750 -0.001737146         1930  0.001274093         1765  0.010283804          186  0.000143202      1838954
451.250  0.004949116         1942  0.007044639         1725 -0.009921154          184  0.000280274      1817749
453.750 -0.009572092         1946 -0.004036125         1666 -0.021383416          214 -0.000181076      1796831
456.250 -0.011891818         1881  0.000192204         1703  0.013012765          193 -0.000505085      1774736
458.750  0.017517123         1829  0.022608200         1601 -0.003760765          190 -0.000103354      1757058
461.250  0.003641358         1875  0.000687552         1481 -0.000837679          185  0.000018679      1732878
463.750 -0.005711930         1890  0.008625227         1502  0.002042014          190  0.000070912      1715137
466.250 -0.019507648         1687 -0.009430515         1421 -0.023193897          173  0.000319351      1694355
468.750 -0.003616198         1767  0.008264776         1454 -0.006984812          171  0.000293070      1677863
471.250  0.004304324         1705  0.003390382         1396 -0.008645934          149 -0.000002643      1655012
473.750  0.005368627         1733  0.006409012         1349  0.040978002          144 -0.000125762      1637467
476.250 -0.001387117         1624 -0.000707276         1366 -0.005754836          145 -0.000005442      1616901
478.750 -0.000784100         1682 -0.012676209         1347  0.029969896          152 -0.000194968      1596358
481.250  0.009807195         1657  0.005484988         1247 -0.024225185          155  0.000000984      1575537
483.750 -0.002573992         1719  0.014376813         1190  0.008650991          132  0.000062878      1557983
486.250 -0.007243844         1653  0.003333630         1228  0.037372102          129  0.000590666      1539384
488.750 -0.008264502         1540  0.006273703         1099  0.033824554          124 -0.000120730      1520366
491.250 -0.008311396         1546 -0.003714082         1175 -0.001407564          137 -0.000213539      1501067
493.750  0.004084994         1517  0.000606428         1092 -0.032534586          141 -0.000105226      1482705
496.250 -0.005784432         1517 -0.015127564         1119  0.052086244          133 -0.000033994      1462595
498.750 -0.009257441         1556  0.003491262         1046 -0.130853195          122 -0.000344920      1445656
