#   q     Cout       Nout      Cside       Nside       Clong        Nlong
  1.250  0.107775965          216  0.032756267          244 -0.019093530          226 -0.261895930            3
  3.750  0.056934535          224  0.080012891          222  0.083333827          246 -0.235077672           30
  6.250  0.112220949          214  0.046088861          224  0.069771776          245 -0.187982320           83
  8.750  0.074219683          242  0.102303981          227  0.193619918          229  0.021089157          167
 11.250  0.141670647          254  0.148350550          216  0.120336653          224  0.127415929          288
 13.750  0.033008133          244  0.117631038          261  0.078010174          224  0.146400032          435
 16.250  0.121277617          227  0.116315511          242  0.182352173          231  0.133726060          585
 18.750  0.055351670          229  0.137928074          236  0.126659978          246  0.109754316          787
 21.250  0.049188128          250  0.127140732          231  0.126590603          247  0.092196472         1072
 23.750  0.040475800          217  0.075982704          235  0.013982702          220  0.082082131         1301
 26.250 -0.090560288          241  0.025269167          239  0.112632107          223  0.021870403         1597
 28.750  0.026656465          219 -0.098808351          255 -0.002360910          217 -0.006466971         1845
 31.250  0.042540125          243  0.095835937          243 -0.023228984          205  0.005710482         2139
 33.750 -0.032529683          223 -0.020535447          242 -0.154650237          244 -0.009352311         2554
 36.250 -0.015157485          226 -0.027047065          251  0.043201712          245 -0.017583834         2922
 38.750 -0.109976221          231  0.018435074          252 -0.001003584          233  0.014600237         3323
 41.250  0.019091840          234 -0.044488910          229 -0.052227183          215 -0.011448783         3786
 43.750  0.040262159          188  0.029228726          248  0.037570704          220  0.012532922         4219
 46.250 -0.138472236          209 -0.044970852          218 -0.063494816          226 -0.012363520         4509
 48.750  0.071825458          191 -0.085185101          257  0.032336199          245  0.012989761         5011
 51.250 -0.056254412          199 -0.018624085          222 -0.077599509          200 -0.006349627         5570
 53.750  0.011057633          219 -0.024183635          259 -0.020214048          231 -0.009780329         5955
 56.250 -0.062424415          196  0.070025183          243  0.076785151          228 -0.005995598         6755
 58.750 -0.052656244          203 -0.030105539          259 -0.031941972          207 -0.008211715         6965
 61.250 -0.006617986          188  0.005939375          273 -0.004046528          204 -0.020483603         7631
 63.750  0.011458125          190 -0.046038022          250 -0.080046896          178 -0.009238381         8198
 66.250 -0.001109982          177  0.014453704          252  0.020481808          223 -0.004958350         8858
 68.750  0.065475610          194 -0.109500806          236 -0.036042791          213  0.020025856         9412
 71.250 -0.091896038          198 -0.080102420          259 -0.012794309          232  0.001348395         9968
 73.750  0.001760829          191 -0.057887197          237 -0.056254271          217  0.004912940        10965
 76.250 -0.158931089          165  0.048391545          246  0.024440917          210 -0.004085857        11195
 78.750  0.018590614          166  0.022694638          234 -0.091484273          195  0.011088205        12035
 81.250  0.097492610          183 -0.027216621          228 -0.017513069          215  0.009972692        12639
 83.750  0.090396626          185 -0.001909121          250 -0.033765209          161  0.015289614        13358
 86.250 -0.053619555          161 -0.048308442          275 -0.039381208          192  0.003993590        13927
 88.750 -0.031497861          157 -0.013362447          237 -0.033262905          200 -0.010369026        14759
 91.250 -0.043624067          183  0.045040809          252  0.045824312          178 -0.000395041        15286
 93.750 -0.045956631          167 -0.096616553          237 -0.035612386          157  0.003914534        16021
 96.250  0.123982037          178 -0.085179070          259 -0.028813123          168 -0.005888836        16800
 98.750 -0.149367604          171 -0.000939942          241  0.002133556          168 -0.004349033        17590
101.250  0.053844257          179 -0.020952171          235 -0.105782861          194 -0.007621828        18616
103.750  0.023716032          143 -0.084657874          254 -0.059869182          183  0.004205823        19227
106.250 -0.006512363          134 -0.102030106          215  0.118641891          179 -0.008572985        19981
108.750  0.061054130          180  0.009476037          238  0.090327814          170 -0.002290662        20767
111.250  0.011766995          142 -0.061015997          257  0.002799541          158  0.001465974        21436
113.750  0.039779773          159  0.036862341          247 -0.130398836          172 -0.010637847        22272
116.250 -0.011083300          133 -0.027254075          248  0.122631339          181 -0.007533370        22935
118.750  0.062561158          160  0.009436837          275  0.056765710          163  0.004776104        23450
121.250 -0.118512417          138  0.012449773          220  0.063606022          181  0.004422674        24453
123.750 -0.050003665          158 -0.048858433          245  0.098276305          166  0.001003638        25173
126.250  0.062915677          125 -0.080391354          275 -0.008680168          161 -0.001969940        25948
128.750 -0.065760113          132  0.028475589          258 -0.133416182          145 -0.005912661        26862
131.250  0.031260220          152 -0.006007104          226  0.063667686          170  0.001121579        27523
133.750 -0.058477685          155 -0.088591736          242  0.008956506          150 -0.003846749        28627
136.250 -0.046540332          149 -0.011149179          255  0.144910894          175 -0.001961544        28918
138.750 -0.061023601          119  0.011267948          248 -0.058708858          145  0.005932295        29929
141.250 -0.017457146          154  0.118348157          252  0.019989041          150  0.002663964        30467
143.750  0.097454536          127 -0.026730925          228 -0.011140196          153  0.006541103        31329
146.250  0.005178849          125 -0.019160633          237  0.055491140          147  0.000058082        32125
148.750  0.017561076          121  0.014863241          252 -0.013083128          183 -0.005276289        32972
151.250  0.030960797          147  0.003170033          294  0.029226797          126 -0.001627637        33636
153.750 -0.023859008          110 -0.007926795          223  0.005817456          114  0.002139939        34354
156.250  0.055987633          136  0.029090672          258  0.026010951          144 -0.000811019        35307
158.750  0.147278660          119 -0.008477696          252  0.013461763          133 -0.003957944        36112
161.250  0.006037112          131 -0.008392033          260 -0.043386583          136  0.000040850        36864
163.750 -0.182856226           97 -0.007307695          260  0.027199715          129  0.004550776        37564
166.250  0.031973836          104  0.037200591          261 -0.031605347          134  0.000732805        38561
168.750 -0.122039103          111 -0.007332727          294 -0.003928164          139  0.004792891        39055
171.250  0.089104906          119 -0.054575697          267  0.016068969          131  0.001165849        40267
173.750 -0.057982754          103 -0.030726061          247  0.009369486          137 -0.002262655        40627
176.250  0.039261214          120 -0.002173240          272  0.022986048          130  0.000924164        41419
178.750  0.018757903           88  0.004669786          256 -0.014092673          120  0.000361797        42010
181.250  0.035320579          104  0.003423764          246 -0.018062209          136 -0.001112960        42826
183.750 -0.011800203           96  0.032395361          262 -0.032022960          110 -0.000213998        43972
186.250  0.179484824           95  0.043430119          251  0.075815759          122  0.002141965        44477
188.750  0.002127808           87 -0.049955495          228  0.125183340          130  0.000977936        45445
191.250  0.006309540          103 -0.014005241          244 -0.118595513          123  0.000022986        45871
193.750  0.069448765           87  0.009631210          250 -0.038268068          102 -0.003724764        46571
196.250 -0.050423247           90 -0.031927369          258  0.013921316          118 -0.001071298        47462
198.750 -0.029694327          100 -0.023989342          281 -0.005748427          109 -0.003011550        48221
201.250 -0.009258123          115 -0.007817369          246 -0.025903771          125  0.002436795        49342
203.750 -0.046274924           78 -0.011752500          249 -0.013192678          126 -0.000782800        49622
206.250 -0.059652142           88  0.083745504          238  0.031511071          115  0.000408082        50264
208.750  0.039880308           84 -0.019022360          233  0.035420507          119  0.002580459        50994
211.250 -0.075303075          101  0.032906748          249 -0.086549349           88  0.004118618        51995
213.750  0.045321303           77  0.011023782          229 -0.042840097          114  0.002443393        52128
216.250  0.208773821           65  0.051182643          229  0.084286627           97  0.001263133        52953
218.750 -0.112959422           80  0.018802266          227  0.018582269           84 -0.003871108        54126
221.250  0.056649984           75  0.053796586          228 -0.016784067          115  0.000464512        54663
223.750  0.021783498           92  0.016219014          215 -0.082233279          106  0.003402630        55132
226.250 -0.059630787           75 -0.024048715          258 -0.003393409           99  0.000161806        55787
228.750 -0.001301820           83  0.073472285          224  0.058774209           89 -0.000507057        56626
231.250  0.115243430           83  0.001293445          220 -0.051534218           86  0.000421662        57228
233.750  0.107670747           81 -0.001098366          231  0.067029652           89  0.001711208        57853
236.250  0.021322204           76 -0.033117565          235  0.054818308           87 -0.001921926        59099
238.750  0.154279549           70 -0.038578359          212 -0.044706261           81  0.006369611        59167
241.250  0.012541923           79 -0.006441987          256 -0.018139207           84  0.001285631        59669
243.750  0.049734786           79 -0.027448302          210 -0.016640460          101  0.002535124        60159
246.250 -0.053712808           77  0.008358116          212  0.069931012           83 -0.003050077        61453
248.750  0.132651489           71  0.005582773          214  0.026551724           96 -0.007076200        61599
251.250  0.012664378           68  0.035715175          227 -0.030044717           95  0.001712458        62428
253.750  0.044167758           85 -0.000700950          207 -0.042088424           94 -0.000148771        63161
256.250  0.251924105           67 -0.087607372          237  0.120646214           74  0.001124260        63784
258.750  0.079330062           76 -0.050074104          191 -0.065535345           65  0.000055643        64024
261.250 -0.141785989           63  0.043357623          222  0.055748732           76 -0.001712220        65174
263.750 -0.015170010           60  0.029374425          212  0.017788092           67 -0.001502147        65850
266.250  0.005620780           71 -0.005878743          200 -0.002203725           97 -0.000192959        66231
268.750  0.125165108           66  0.021158328          212  0.047622995           80 -0.000840930        66963
271.250  0.059611655           60  0.048170510          200  0.058328252           63  0.001224068        67424
273.750  0.052580716           57 -0.001515793          215 -0.040725501           76 -0.000129148        67711
276.250 -0.028115232           58  0.032097883          194 -0.058184425           71  0.001794805        68488
278.750 -0.192182518           72  0.020361684          219  0.043963905           95 -0.000697118        68843
281.250 -0.030531168           56 -0.038154733          221 -0.129330869           55 -0.002657467        69661
283.750 -0.105752388           75  0.051000874          200  0.044614922           64  0.002698004        70170
286.250 -0.089727726           71 -0.081619617          184 -0.005221327           65  0.000636333        70701
288.750 -0.006515682           62  0.047617703          185  0.047852352           73 -0.000976759        71188
291.250  0.015267141           59 -0.046175736          230  0.075402905           68 -0.002433854        71865
293.750 -0.027972232           72  0.018409997          204 -0.017637805           54 -0.000697481        72132
296.250  0.018728371           63  0.026136254          190 -0.170883391           69  0.004725486        72818
298.750 -0.076326762           69  0.017239647          203 -0.090848661           53 -0.000158486        73291
301.250 -0.008830341           75  0.043909062          163 -0.097078160           53  0.001868486        73281
303.750  0.002254267           65 -0.001994902          191 -0.034592974           72 -0.000498705        74595
306.250  0.006592080           57  0.023231350          185 -0.013712967           51 -0.001036639        75171
308.750  0.005120688           54 -0.005571073          208 -0.034336002           56 -0.002015956        74908
311.250  0.000859414           62  0.006059294          171  0.001250286           57  0.001510534        74903
313.750  0.003263973           55 -0.003736531          165  0.062935201           60 -0.000197586        76199
316.250  0.021972920           66  0.009814572          187  0.014031450           51  0.001775534        76724
318.750  0.095318310           54  0.019054794          187 -0.033678957           54  0.001405038        76461
321.250  0.006537195           48 -0.015361597          176  0.019492340           43  0.002300591        76796
323.750  0.011666647           45 -0.014800736          159 -0.073563633           63 -0.003714845        77290
326.250 -0.038728591           61  0.040461198          172  0.041956078           60 -0.000816392        78205
328.750  0.088448381           52 -0.060263864          188  0.000204137           53  0.001180810        78341
331.250 -0.043291544           60 -0.068757995          165 -0.085858487           38  0.003159089        78821
333.750  0.003697486           49 -0.014680635          142  0.087946822           57 -0.002966350        78512
336.250 -0.034191452           40  0.058843824          159  0.023476660           49 -0.000126443        79205
338.750  0.119045009           55  0.028003422          162 -0.069975599           49  0.001537215        79662
341.250 -0.114903690           49  0.001490329          179 -0.085191035           42 -0.001703286        80034
343.750  0.057543029           59  0.021119900          151  0.035471029           31 -0.005398183        80949
346.250 -0.107262295           52 -0.095961914          146 -0.046135278           41  0.001643862        80693
348.750 -0.070239539           60  0.031176903          160  0.205084695           36  0.000021141        81132
351.250 -0.050542875           56 -0.036454871          153  0.105219163           50 -0.003671152        81569
353.750 -0.031997432           45  0.008927321          129  0.063364694           37  0.000152365        81813
356.250 -0.059760080           80 -0.036535861          154 -0.180841138           37  0.000493685        82528
358.750  0.016636392           53 -0.016279390          138  0.054048234           32 -0.003224184        82056
361.250 -0.040263343           53 -0.005166410          140  0.041240998           29 -0.000643323        82610
363.750 -0.041163773           43  0.045417034          151  0.088702485           51 -0.000696045        82967
366.250 -0.001046254           74 -0.009836484          146 -0.162370099           27 -0.000501119        83062
368.750  0.004601932           49  0.075816408          133  0.024658609           39  0.000383370        83057
371.250 -0.041828768           55 -0.030918201          133  0.037596052           51 -0.000983610        83422
373.750 -0.010875120           50  0.026709297          139 -0.105213148           33 -0.000947506        83783
376.250  0.045401544           59  0.037031006          139  0.178105528           35  0.003936471        84179
378.750  0.015212498           49  0.029759323          152  0.143932318           45 -0.001213797        84182
381.250 -0.015523628           60  0.033032497          145  0.051102531           28  0.004302478        84329
383.750 -0.094225351           36 -0.032655707          134 -0.028634818           21  0.001474165        84200
386.250 -0.134873402           47  0.025584477          143 -0.097012966           51 -0.000735677        84866
388.750 -0.105328559           43  0.036030333          120 -0.029675188           39 -0.000391952        85163
391.250 -0.003766898           64  0.037398292          129 -0.085200081           30 -0.002397095        85109
393.750 -0.092169305           37 -0.018995287          128 -0.006455338           34 -0.000023932        85310
396.250  0.009604287           42  0.004439216          134 -0.121748355           31  0.001319861        85383
398.750  0.045618849           56  0.036288398          152 -0.209073909           36 -0.002224743        85468
401.250 -0.100074711           36 -0.054966449          122 -0.049230512           24 -0.000950850        85562
403.750  0.015315367           54 -0.042779456          135  0.251637468           38 -0.003762817        85420
406.250 -0.044804955           44  0.011739885          116 -0.065954206           36 -0.001499970        85429
408.750  0.008466449           43  0.023484777          136 -0.020619177           21 -0.003062730        86053
411.250  0.081597812           50 -0.022404410          119  0.010622427           32  0.000663406        86428
413.750 -0.056718809           49 -0.093837597          112  0.105862838           35  0.000628998        86036
416.250  0.051169467           59  0.022562693          121  0.101720968           35  0.003115243        85794
418.750  0.017008070           50  0.010696887           93  0.060671400           33  0.000761177        86150
421.250 -0.039722737           48  0.038986720          112  0.008072165           23  0.002835783        86067
423.750  0.236186984           36  0.009307387          109  0.084366008           27  0.002340805        86112
426.250 -0.002041361           47  0.011935176           99 -0.181870582           28 -0.000312096        86302
428.750 -0.021323334           42  0.060228027          101 -0.100760488           21  0.001566191        86143
431.250  0.098747726           50 -0.046581240          111  0.109106976           24 -0.001842548        86234
433.750  0.017241119           54  0.021106479          118  0.266336754           20 -0.001355012        86456
436.250 -0.008300450           46  0.043268664          106 -0.001165489           11 -0.001900916        85780
438.750 -0.093624314           41 -0.022310766          115  0.132846317           19 -0.000558778        86394
441.250  0.146605751           46  0.089807398          117 -0.114917618           18 -0.000676312        86060
443.750  0.049945148           49  0.014551922           85 -0.000562560           19  0.000883919        86034
446.250 -0.010353766           38 -0.026845685          104 -0.219909498           27  0.001881389        86120
448.750  0.002386720           44 -0.014903909           97  0.090925851           14  0.000607516        85629
451.250 -0.005961527           50 -0.024697184           99 -0.006781638           24 -0.002493545        86299
453.750 -0.053216658           44  0.044688743           92  0.041793602           18 -0.001429824        86204
456.250 -0.093609410           39 -0.059512815           91 -0.089332708           27 -0.003081499        86214
458.750  0.030338266           47  0.003611201           91  0.130758611           18 -0.005119479        85842
461.250  0.058625018           56  0.052416876           76  0.057667554           15 -0.003175066        85883
463.750 -0.086880113           37 -0.053819682           92 -0.097642248           21 -0.005709833        85597
466.250 -0.059347886           38 -0.000226576          104  0.096150116           20 -0.000674212        85573
468.750  0.009766121           42 -0.009984782           79  0.104036435           13  0.000876875        85582
471.250  0.031349589           37 -0.029355008          102 -0.031563913           17  0.000457822        85551
473.750  0.221566591           37  0.056776924           72  0.045802157           16 -0.000384117        85680
476.250 -0.028428925           44  0.022357761          101 -0.064281538           14 -0.001488876        85289
478.750 -0.018575761           47 -0.021492179          104  0.007561637           18  0.001237081        84792
481.250  0.005365777           51  0.004392140           94 -0.036838757           18 -0.000103980        85225
483.750 -0.083637855           38  0.098183232           88  0.106457640           14 -0.001170815        84383
486.250 -0.114107333           43 -0.079351109          101  0.009924721           17 -0.003101378        84529
488.750  0.112949605           41 -0.063115411           84 -0.126929529           15 -0.000207388        84335
491.250  0.068489617           38 -0.047993598           91 -0.002582521           19  0.000708062        83909
493.750  0.075169595           32  0.008917811           88 -0.062335335           11 -0.001310816        84124
496.250 -0.080054173           33 -0.157664420           73  0.222780034           17 -0.002453299        83618
498.750 -0.019647916           41  0.210736858           63  0.166627131           13  0.000701732        83767
