#   q     Cout       Nout      Cside       Nside       Clong        Nlong
  1.250  0.066436644          254  0.045464813          232 -0.003931260          214 -0.157753883            5
  3.750  0.100673586          246  0.025559802          246  0.073421187          244 -0.163705720           29
  6.250  0.077978290          222  0.126923201          216  0.090008949          222 -0.120351194           90
  8.750  0.049752632          217  0.120756514          239  0.087633758          235  0.046492318          176
 11.250  0.142703037          214  0.174854840          245  0.135154710          221  0.095801236          267
 13.750  0.107077798          241  0.046949577          216  0.149510543          258  0.129199092          428
 16.250  0.178735945          224  0.142871365          255  0.103311588          245  0.096299400          623
 18.750  0.033086554          237  0.045193234          256  0.010997430          217  0.116772276          845
 21.250  0.096823103          258 -0.034470727          242  0.036449291          235  0.045928354         1040
 23.750  0.112868043          240  0.051051741          257  0.066798179          242  0.036633689         1322
 26.250 -0.020440877          247 -0.103646847          250  0.088333139          229  0.006076882         1532
 28.750 -0.026979704          218  0.013291215          246 -0.002106717          212  0.023625657         1836
 31.250  0.070163566          213 -0.026884688          237  0.079218525          226  0.007926684         2147
 33.750 -0.018790390          225  0.053396859          227 -0.091789766          229  0.034606728         2433
 36.250  0.051293957          189  0.031063453          254 -0.087055739          244 -0.015385696         2982
 38.750 -0.102785845          201 -0.018925047          256  0.052585508          237 -0.028785223         3270
 41.250  0.067314680          196 -0.103486157          230 -0.005511067          229  0.000732904         3757
 43.750 -0.025964922          203  0.042226161          218 -0.038945746          230 -0.007143308         4141
 46.250 -0.008164987          227 -0.087234875          249  0.124190306          222 -0.005646531         4598
 48.750 -0.020189026          208 -0.038596796          244  0.131139217          227  0.006276752         4921
 51.250 -0.089318685          214  0.018029583          265 -0.090237345          220 -0.007884782         5646
 53.750 -0.091239231          189  0.002697629          236  0.069732553          207 -0.003053251         6040
 56.250 -0.034784616          179 -0.027046303          257 -0.082516051          215 -0.007445275         6455
 58.750 -0.119189987          208 -0.005142487          272  0.060887341          216  0.007196407         7134
 61.250  0.003139731          197 -0.064333170          226 -0.032060739          214  0.004499358         7611
 63.750 -0.150009694          198 -0.096999914          256 -0.047390541          205 -0.015694431         8196
 66.250 -0.069286104          174 -0.028079109          240  0.003668833          184 -0.016686662         8696
 68.750  0.004595357          198  0.102980881          239  0.069560556          202  0.014699072         9362
 71.250  0.012211528          182 -0.051041722          244  0.041691567          203 -0.014614883         9978
 73.750 -0.161058962          208 -0.023666944          251 -0.017119791          228  0.018736083        10686
 76.250  0.012675416          179  0.063116300          251 -0.020792843          186  0.001037902        11207
 78.750  0.010585896          171 -0.036401727          240 -0.052461101          203 -0.004797582        12215
 81.250 -0.087691819          184  0.053330692          233 -0.044975942          184  0.002958041        12519
 83.750  0.032067343          178 -0.003235753          228  0.021499677          197 -0.007055517        13316
 86.250 -0.060276818          149 -0.003336343          228 -0.105407085          190  0.011848265        14079
 88.750  0.014425299          182 -0.021002751          249  0.179016991          162 -0.011369930        14531
 91.250  0.064590421          183  0.012281846          262  0.018737784          191 -0.007364068        15469
 93.750  0.084533371          181 -0.014868775          245 -0.068719423          185 -0.002897379        16053
 96.250 -0.010806586          172  0.101336169          247 -0.090502465          189  0.001461779        16806
 98.750  0.097470927          190 -0.023783126          241  0.058578947          198 -0.001562310        17576
101.250 -0.029253940          152  0.058271777          233  0.054328164          191 -0.003053534        18452
103.750  0.119834203          158  0.033361603          236  0.073822906          183 -0.004030959        19227
106.250 -0.023244185          161 -0.144964084          250 -0.010916654          176 -0.001769846        19835
108.750 -0.005413480          183  0.008449732          231  0.110221613          166  0.008230911        20722
111.250  0.071483952          171 -0.034195317          232 -0.041950321          191  0.000718762        21191
113.750  0.021202659          150 -0.006613378          253 -0.058995069          184  0.000582049        22064
116.250 -0.052995279          168  0.015210529          242 -0.024515516          173 -0.006758924        22923
118.750  0.125302318          168 -0.008136825          222  0.035408290          172 -0.005939091        23775
121.250  0.029390975          147  0.022733205          230  0.050846724          158  0.001278339        24623
123.750 -0.010863426          124  0.035122100          244 -0.018385270          177 -0.006889065        24984
126.250  0.061691321          152 -0.032948971          255 -0.037013511          173  0.008982118        25828
128.750  0.042687864          136  0.044854392          261 -0.024888582          158  0.008582119        27055
131.250  0.091458858          143  0.009050860          225 -0.012285420          136 -0.004477239        27717
133.750  0.002939057          164 -0.003500463          230  0.109701029          145  0.000785332        28332
136.250  0.107958088          134 -0.076692425          252  0.052639090          155 -0.002014195        29078
138.750  0.051494785          141 -0.043389054          233 -0.013520707          156 -0.001634946        30005
141.250 -0.065964056          115  0.076543383          225 -0.065982959          171 -0.004961374        30815
143.750  0.018695863          138  0.025428787          242 -0.028069783          147 -0.001839045        31503
146.250  0.040816872          137  0.002140156          257 -0.015532782          154 -0.000557706        31876
148.750 -0.048554129          135 -0.009893172          249  0.129761535          131 -0.000961725        33064
151.250  0.195749745          113 -0.001362996          266 -0.021356200          156  0.001334686        33928
153.750  0.217384677          114 -0.033833935          257 -0.037056575          146  0.000782103        34346
156.250 -0.056726268          115 -0.010792284          232 -0.000718750          115  0.002406854        35484
158.750 -0.013263766          126 -0.023778538          225 -0.080976268          137 -0.002222277        36321
161.250  0.045107571          110 -0.008618931          229 -0.008407564          134  0.004643728        36754
163.750  0.033697043          111 -0.017453021          248 -0.050891672          121  0.000126585        37545
166.250 -0.047509386          103 -0.027725346          239 -0.011931203          143  0.000763772        38124
168.750 -0.123309965          125  0.032586162          249  0.028697742          134  0.000727342        39161
171.250 -0.096707952          116 -0.009581149          251 -0.045522534          129 -0.001039545        40124
173.750  0.073023060          101  0.023630039          239 -0.031339897          157  0.000933760        40623
176.250  0.039225232          107 -0.086483400          247  0.029128172          131  0.001693001        41333
178.750 -0.094090890          110  0.019550370          254  0.059968461          123  0.001280677        42258
181.250  0.065701224          114 -0.043618806          241  0.038968099          140  0.001159067        42593
183.750 -0.013118603          109  0.014142723          222  0.026590663          147 -0.001510194        43479
186.250 -0.053935837          104 -0.000524724          211 -0.019671575           99 -0.002976295        44365
188.750  0.082110217           96 -0.005309100          242 -0.014067920          108 -0.000422173        45212
191.250 -0.121261642          108 -0.027063540          226 -0.010858265          117 -0.002846935        45881
193.750 -0.038256502           89 -0.007109405          252 -0.021205803          117 -0.000757771        46696
196.250  0.014290542           92 -0.006919792          263 -0.080271505           97  0.000384108        47568
198.750 -0.044392914           92  0.076064376          267 -0.025127759          122  0.000650232        47964
201.250 -0.063518069          104  0.048493886          279  0.072609945          121  0.000371152        48770
203.750  0.112859887           84  0.008209073          250 -0.033952007          105  0.001654942        49957
206.250 -0.048650962           88  0.026106497          242  0.061477073           99  0.001937230        50356
208.750  0.065669798          101  0.039297007          240 -0.015799008          100 -0.000288635        51444
211.250 -0.122018774           95  0.030103250          244 -0.087527145           79 -0.004780491        51710
213.750  0.003250392           89 -0.016777627          239 -0.055403121           98  0.001412847        52728
216.250 -0.060941303          101  0.005027253          256  0.128093471           96  0.000579188        52771
218.750  0.017720237           87 -0.057388954          243  0.007818124           99  0.000498335        54000
221.250  0.019289681           88  0.023534512          232 -0.037489292          110 -0.000620418        54974
223.750  0.026037335           86  0.012421295          206  0.010485805          100  0.001176885        55394
226.250 -0.071100006           78 -0.027170905          229 -0.042800639           89  0.001486428        55551
228.750  0.019647343          100  0.028438541          202 -0.036421852           91 -0.001194396        56337
231.250 -0.006998206           94 -0.012102760          230  0.066487090           75  0.002102996        57796
233.750 -0.054205857           91  0.030110382          238  0.144163260           91 -0.003293269        57939
236.250  0.106173933           77 -0.021022957          236  0.032759055           88  0.001813375        59104
238.750  0.097913670           82 -0.026247471          208  0.048150512           92  0.002692962        59251
241.250 -0.061046294           78  0.045345511          237 -0.066879163          100 -0.005562593        60450
243.750  0.035234524           90  0.035980973          240  0.021950496           72 -0.001183383        60638
246.250 -0.019852252           77  0.067990428          222  0.068158713           72  0.003143812        61249
248.750 -0.037860010           83  0.056907159          226 -0.068624846           89  0.002384852        62173
251.250 -0.064997421           92 -0.067250457          209  0.017331073           90 -0.001972314        61906
253.750 -0.096341382           80  0.029349405          185 -0.001692664           84 -0.000304829        63120
256.250 -0.041335790           78 -0.046490451          220 -0.013589943           83 -0.001425803        63561
258.750 -0.034060767           67 -0.019530396          225 -0.073855434           85  0.000084937        64273
261.250  0.048151097           73 -0.021990006          180  0.029606544           82 -0.002883140        65224
263.750 -0.091996124           78  0.051619388          224 -0.061568475           91  0.004510574        65960
266.250 -0.127742560           72 -0.044178649          207 -0.018411485           79  0.002322134        66270
268.750 -0.051755909           76 -0.002878193          191 -0.062175194           72 -0.000207621        66708
271.250 -0.024637590           66  0.046687905          202 -0.053636555           67 -0.002486343        67763
273.750 -0.064506373           69 -0.002770070          199 -0.027573630           68  0.006689556        67972
276.250  0.049817574           51 -0.016835299          221  0.027181702           69  0.002410080        68509
278.750 -0.034603320           65 -0.027053715          196  0.005426923           83  0.003396992        68677
281.250  0.008378829           61 -0.075038544          192  0.087290535           75 -0.001593733        69347
283.750  0.102301670           63  0.014939254          212 -0.110542292           66 -0.001849700        70168
286.250  0.122604498           65 -0.006954170          206 -0.020726382           68 -0.001958448        70793
288.750  0.034175934           60  0.012615532          196 -0.016375332           65 -0.001500351        71224
291.250  0.029090270           70  0.013966640          185  0.046101119           68 -0.000733961        71387
293.750 -0.144702555           53 -0.013967130          209  0.082388083           63 -0.000093206        72534
296.250  0.021321839           70  0.049263163          197 -0.038715264           69 -0.001455229        73006
298.750 -0.004869828           51  0.080543650          173 -0.014846530           52  0.000030302        73473
301.250 -0.056039829           59 -0.035699284          202  0.023545111           62  0.000511372        73659
303.750  0.084121062           79 -0.005235702          184 -0.029548299           58 -0.004953123        74607
306.250 -0.038572668           46  0.026130821          188  0.060535936           65 -0.003050674        74396
308.750 -0.054918615           59  0.031240368          173  0.031883260           57  0.001104365        74758
311.250 -0.028373479           65  0.008520396          160 -0.006587509           49 -0.000919517        75298
313.750 -0.010717098           66  0.022701989          168 -0.001088786           75  0.000652712        76263
316.250  0.070278954           66  0.010897681          169  0.039590997           53  0.000479692        76542
318.750  0.013951785           61  0.019189812          175 -0.049503105           57  0.000780241        76762
321.250 -0.058190534           56 -0.007195376          150 -0.023646625           60 -0.000302502        77634
323.750 -0.075119716           69 -0.028570080          171 -0.097922728           42  0.000428150        77628
326.250 -0.063137458           57  0.047568679          168 -0.044428204           55  0.001036581        78057
328.750  0.028699397           56  0.046895464          180 -0.095178142           69  0.000356054        78584
331.250  0.077516616           59 -0.092650587          176  0.050413707           46  0.002707601        78724
333.750 -0.047134435           48  0.061127837          166  0.052062255           52 -0.002258110        79203
336.250 -0.060428089           62  0.052136922          185  0.077672318           51 -0.002317947        79614
338.750  0.083542694           55  0.039751077          165  0.022491235           43  0.002967411        80065
341.250 -0.055035734           55 -0.020158506          165  0.044410746           47  0.000850171        80138
343.750 -0.050738527           64  0.005898097          149  0.004913625           41 -0.001904543        81209
346.250 -0.040852615           59 -0.033339564          175  0.122058864           33  0.001251304        80671
348.750 -0.097805648           51  0.057437192          159  0.036245777           42 -0.001372096        81544
351.250 -0.031520245           62 -0.019472099          167 -0.014205254           48  0.003621399        81507
353.750 -0.071993505           62  0.016491178          150  0.000107174           39 -0.000099700        81720
356.250 -0.077994574           59 -0.013902135          179  0.007412179           48  0.000386401        81765
358.750  0.037751342           54  0.048330596          141 -0.097051447           41 -0.001529740        82526
361.250 -0.030976277           55 -0.022321697          169 -0.066453231           38  0.000048734        82516
363.750  0.006234922           56  0.037175155          149 -0.016583229           33  0.001260517        82695
366.250  0.066105624           56  0.061325418          132  0.084273466           43  0.000651267        82661
368.750  0.039732039           55 -0.021249679          140 -0.072794783           34  0.001350550        83007
371.250  0.025955435           57 -0.026429171          137  0.000291966           35 -0.000032888        83394
373.750  0.047470877           43 -0.028908946          120  0.058275688           37 -0.002183790        84415
376.250  0.081395713           50  0.027544439           98 -0.066083850           31  0.001820316        84187
378.750 -0.148659162           45 -0.017423750          128 -0.047747917           31  0.000284668        84493
381.250 -0.039277391           51  0.020959963          139  0.131677652           39 -0.001750424        84286
383.750 -0.031413282           51 -0.041642201          134  0.028357866           36  0.003097619        84787
386.250 -0.009152884           52 -0.018850361          151  0.188880795           37  0.000711435        84618
388.750 -0.001373876           50 -0.031917939          154  0.030054603           29 -0.002464973        85143
391.250  0.002314545           59  0.024990455          136 -0.005878520           43 -0.000906065        85059
393.750 -0.070145560           61  0.041887025          114  0.156880425           47 -0.003257489        84987
396.250 -0.022174915           49 -0.031829843          125 -0.010805009           29 -0.002121798        85454
398.750  0.041604922           49  0.060054508          125  0.113937669           21  0.000340472        85450
401.250  0.039972646           44  0.016555813          107 -0.087725375           31 -0.000024258        85548
403.750  0.159531680           51 -0.016451607          144 -0.158105865           29  0.005089796        85237
406.250 -0.068895633           48 -0.015076123          121 -0.146120852           23 -0.001455379        85695
408.750  0.020352745           58 -0.000492440          118  0.003913929           23 -0.000987794        86068
411.250 -0.009567941           47 -0.020452896          125  0.138213182           24 -0.000352189        86183
413.750  0.088379641           46 -0.024630322          119  0.083228509           36 -0.000172674        85766
416.250  0.056625124           41 -0.013552976          123  0.071208017           27  0.000816099        86387
418.750 -0.022138590           60 -0.001281981          129 -0.066317758           24  0.000880415        85994
421.250  0.083384443           44  0.012267195          123 -0.172703444           21  0.001219622        86465
423.750 -0.040865560           43 -0.004032734          121  0.037744068           30  0.000121673        86300
426.250  0.203270757           38 -0.019654985          119 -0.098284308           28 -0.002398130        86311
428.750  0.014080432           50  0.010825224           97  0.204910948           35  0.002824634        86694
431.250  0.037880794           43 -0.060523671          107 -0.000003902           13  0.000419688        86745
433.750 -0.067198211           45  0.008097557          108  0.041965811           27 -0.000894101        86142
436.250 -0.127415127           36 -0.053647417          106 -0.055339835           30 -0.000020260        86848
438.750  0.161504663           42 -0.096154644          113  0.100968688           24  0.001680171        85937
441.250  0.001487126           44  0.014588742          112  0.082470232           29  0.000287267        86350
443.750 -0.074350860           38 -0.025026020          104 -0.144048521           33  0.000322670        85840
446.250 -0.040697189           50 -0.066496507          111 -0.268363144           17  0.002091622        86124
448.750 -0.122258297           58 -0.012056111          116 -0.034661700           19  0.002032894        86126
451.250  0.081846485           48 -0.035446401          105 -0.056574446           20 -0.003993148        86409
453.750 -0.086770012           44 -0.018383155           86  0.064443761           27  0.000807691        86027
456.250 -0.011305893           53 -0.018021522           94  0.069950750           13  0.002527618        85813
458.750  0.029849252           53  0.060125624          103 -0.057071283           23  0.000554977        86736
461.250 -0.015540668           40  0.029258519           85  0.034094231           19  0.000261696        85856
463.750 -0.061885108           46  0.017364964           88  0.186943022           20  0.000718124        85483
466.250  0.031537985           51  0.069743547           86 -0.046042132           17 -0.000646851        85688
468.750 -0.119537716           48 -0.021512571           81 -0.049798311           20  0.000056734        85273
471.250  0.034680631           42 -0.114216717           92  0.023920369           17  0.000421213        85480
473.750  0.030436340           42 -0.051582505           83 -0.055077218           25  0.000991505        85347
476.250 -0.098597619           45 -0.001125902           87  0.188587417           17  0.001127261        84968
478.750 -0.101416384           36 -0.040896211           93  0.305530388           13  0.001713142        84583
481.250  0.043965312           45  0.069402241           82  0.002696731           16  0.001683998        84792
483.750  0.119894594           54  0.027491593           94 -0.310370926           21  0.000699823        85182
486.250  0.035781392           32 -0.053195698          100  0.076813474            9 -0.000365564        84509
488.750 -0.009466588           29 -0.004927743           83 -0.012783993           23  0.001276660        84488
491.250  0.027839968           33  0.013603935           69 -0.154832476           17 -0.000511660        83927
493.750  0.009885681           45 -0.138188707           76  0.146374618           15 -0.001585358        84521
496.250  0.029693550           50  0.020883457           82  0.019940166           18  0.001757435        83482
498.750 -0.069446155           38 -0.044745693           99  0.032737332            6 -0.003416442        83610
