#   q     Cout       Nout      Cside       Nside       Clong        Nlong
  1.250  0.085521326          277  0.009372894          256  0.046845256          254 -0.885846559            3
  3.750  0.112913444          259  0.084014655          251  0.029624181          245 -0.173821870           33
  6.250  0.013297572          251  0.093792032          261 -0.013672715          247 -0.028780630          109
  8.750  0.180904040          240  0.088291218          252  0.101015311          271 -0.000540594          177
 11.250  0.092059849          289  0.124388552          284  0.202445537          280  0.028346388          305
 13.750  0.080175171          249  0.155996045          261  0.173202257          268  0.142168571          486
 16.250  0.054508930          236  0.145800523          255  0.095616421          231  0.139975389          630
 18.750  0.050936360          260  0.180319898          238  0.037107995          226  0.071692376          833
 21.250  0.102710159          224  0.041106932          228  0.049013995          221  0.067366758         1068
 23.750  0.062542247          218  0.014439414          239  0.143176511          247  0.030046208         1269
 26.250  0.003630252          235  0.152474342          241  0.080454072          250  0.074089053         1563
 28.750  0.066457420          220 -0.023621620          254  0.105721856          217  0.050283847         1849
 31.250  0.084881083          235  0.058343791          247 -0.087317177          231  0.026254751         2192
 33.750  0.004626067          242  0.074759866          246 -0.016707987          237  0.013649111         2569
 36.250 -0.004151365          230  0.007167948          262  0.017483737          247 -0.000341171         2940
 38.750 -0.046194762          197  0.025935879          262 -0.044017390          218  0.008198125         3259
 41.250 -0.173625545          249 -0.086801217          244  0.083884226          239 -0.018078012         3753
 43.750  0.043690711          221 -0.035715169          241  0.019854678          228  0.001858844         4178
 46.250 -0.002083726          229  0.011612663          241 -0.010550565          218 -0.001728156         4609
 48.750  0.013592899          213  0.025769213          222  0.015671503          234 -0.003164188         5071
 51.250  0.003359787          208 -0.029662051          267 -0.057208346          221 -0.020478920         5608
 53.750 -0.004122527          232  0.050713132          265 -0.039796093          263  0.001390217         6006
 56.250 -0.084724512          220 -0.042989357          261  0.044062764          226 -0.008376438         6651
 58.750 -0.020883104          195  0.016448891          246  0.026115377          225  0.006514135         7291
 61.250 -0.028501216          192  0.133234417          260 -0.001729523          198 -0.010377636         7607
 63.750 -0.063181170          173 -0.020548629          217  0.013725852          203 -0.003719680         8265
 66.250 -0.003685996          196 -0.067834876          250  0.107254453          176 -0.001401615         8899
 68.750  0.066091372          191 -0.061690313          271  0.030381603          208  0.009684630         9529
 71.250 -0.005115269          203  0.041962639          266  0.111775633          189 -0.004487713        10112
 73.750 -0.023981022          188  0.051797938          265  0.062768901          186 -0.003880440        10727
 76.250  0.139157068          200  0.083484611          250 -0.006101583          193 -0.005735421        11392
 78.750 -0.023033816          206 -0.110112120          269 -0.105185332          186 -0.004238731        12076
 81.250  0.040591892          187 -0.076469310          248 -0.036316027          190  0.011555531        12765
 83.750  0.045478886          184 -0.051923591          224 -0.069662768          209 -0.003621583        13431
 86.250  0.063407363          172 -0.009792283          255 -0.141485093          165 -0.003244763        13856
 88.750 -0.022222928          197  0.034952743          263  0.047085122          211  0.015638742        14769
 91.250 -0.012524915          166  0.012288809          219 -0.042753441          182 -0.010814384        15470
 93.750 -0.111410018          171 -0.012560544          239 -0.040019302          203 -0.014514250        16037
 96.250 -0.070635342          156  0.009450664          216 -0.023064623          166 -0.004629664        17097
 98.750  0.014148961          159  0.007329082          262 -0.094219076          185 -0.002692215        17515
101.250  0.042734063          164  0.092790593          286  0.011370394          191 -0.000783283        18294
103.750  0.106993207          165 -0.106086196          252  0.027484328          178  0.000457456        19033
106.250  0.065560551          162  0.099423172          244 -0.012388202          167  0.007315057        19505
108.750  0.015330198          132  0.028638906          252  0.084546454          181 -0.011051175        20635
111.250  0.024386551          135  0.020047019          245  0.025064627          184 -0.002378008        21291
113.750  0.033957634          160  0.002279715          231 -0.016555201          162  0.004185452        22074
116.250 -0.019752456          150  0.064701517          245  0.069886009          147  0.002909887        23045
118.750 -0.015606615          135  0.066242777          225 -0.032240060          180  0.000914945        23467
121.250  0.128154678          136  0.035055725          236  0.029051767          159 -0.004533160        24278
123.750 -0.058022643          174 -0.047761001          240  0.000334526          161  0.002442227        25375
126.250  0.031865851          162  0.012549351          230  0.012238859          163  0.000341332        26166
128.750  0.069882058          147  0.079791551          258 -0.030706544          153  0.000061229        26716
131.250  0.064091950          151  0.001070947          249  0.072447717          146 -0.011413427        27563
133.750 -0.066821505          158  0.046975846          253 -0.028734174          176 -0.006291703        28039
136.250  0.145932144          143  0.017169594          232 -0.023110493          147  0.003365658        28812
138.750 -0.061614171          146 -0.114165013          250 -0.145515221          152  0.010560153        29974
141.250 -0.002523541          118  0.010906409          258  0.056021964          144 -0.001857113        30571
143.750 -0.071338919          128  0.070612625          237 -0.169233342          130  0.001929530        31201
146.250  0.206513246          134 -0.047908116          275  0.050738082          158 -0.009612147        32371
148.750 -0.078575993          113  0.003209055          222 -0.036546010          141 -0.004589230        33067
151.250 -0.037996993          117  0.023228641          260 -0.052287687          160  0.001849300        33577
153.750  0.081181086          113 -0.038674532          246  0.024641592          138 -0.003129372        34760
156.250 -0.035865110          112  0.007322379          242 -0.039837333          159 -0.001618550        35564
158.750  0.142809353          135  0.011127743          238  0.022275772          150  0.004217904        36083
161.250  0.067064622          130  0.052569007          261 -0.060624183          168 -0.000974244        36863
163.750  0.013498701          126 -0.008947491          276  0.010522469          119  0.004773882        37807
166.250  0.037347882          124  0.004202546          249  0.078792442          156  0.002651473        38305
168.750  0.046625250           99  0.061843777          267 -0.047427844          135 -0.003427667        39112
171.250  0.154783344          109 -0.011558629          249 -0.046524960          137  0.002114135        40155
173.750  0.045253276          127 -0.031483708          228 -0.048100740          134 -0.004785229        40310
176.250  0.001674588          118 -0.004862724          263  0.014934171          137 -0.000883997        41239
178.750 -0.026846498           98  0.020711056          259 -0.022160577          126  0.001401425        41978
181.250  0.022253969          104  0.057992953          242 -0.001832792          123  0.000627909        42872
183.750 -0.035275109          118  0.015661309          249  0.004752872          136  0.001585723        43703
186.250  0.102803369          102  0.034641025          222 -0.009082436          125  0.000920701        44265
188.750  0.075527251          103 -0.050557182          218 -0.075413654          112 -0.001118547        45154
191.250 -0.050637549          105 -0.016409258          235 -0.022830742          115  0.000215505        45653
193.750 -0.009653560          104  0.005439582          266 -0.017301124          134  0.003586214        46515
196.250  0.053558825           93 -0.007160914          242 -0.022772809          103  0.006027380        46962
198.750  0.093623300           96  0.054544784          257 -0.045539715          129 -0.001136010        47814
201.250 -0.012608019          101 -0.032190408          261  0.013985368          119  0.002692551        48892
203.750 -0.024891468           84 -0.047569674          257  0.023891345          116  0.002337902        49584
206.250 -0.107439495          100 -0.029702224          259  0.067416218           86 -0.003917098        50625
208.750  0.037319202           95  0.000676883          237  0.028662268          104 -0.000538717        51252
211.250  0.057211170          103  0.028447141          252 -0.012366372           92 -0.004837238        51667
213.750 -0.012125602           80 -0.006773063          239 -0.055452719          108 -0.003447132        52292
216.250 -0.038309230          101 -0.002479008          246  0.008803500          119 -0.001576413        53113
218.750  0.003397463           97 -0.042795142          263 -0.064225368          107  0.001891887        53939
221.250  0.012131949           91 -0.030560822          251 -0.099645796          105 -0.001914152        54412
223.750 -0.014158232           77 -0.020118900          232  0.000977584           98 -0.002496340        55911
226.250  0.032679270           94 -0.007611171          248 -0.021427581           90 -0.000420042        55822
228.750  0.055167982           83 -0.017632953          253  0.076384272           93  0.001208230        56772
231.250 -0.043641211           77  0.028584974          251  0.055561985          121 -0.002368026        57226
233.750  0.025635835           62  0.044150432          227  0.028008875           91  0.001062352        58075
236.250 -0.096238583           83  0.016288690          245  0.163964980           91 -0.001666116        58686
238.750  0.046930913           58 -0.033983870          236 -0.028069434           92  0.005526562        59680
241.250 -0.011621645           86 -0.026091387          225 -0.031457722           79  0.001565008        59929
243.750 -0.045095574           80 -0.013844686          224  0.021116588           90 -0.001262526        60584
246.250 -0.080937442           70 -0.015422511          208  0.076407981           79  0.000289387        60986
248.750  0.022951353          100  0.029655558          239 -0.043958569           94 -0.001733254        61576
251.250  0.007126473           65 -0.015676709          233 -0.113352418           87 -0.001779573        62266
253.750 -0.053928340           82  0.020204833          220 -0.098025502           84  0.003014772        63477
256.250 -0.069210875           72  0.029770831          224 -0.006301261           71 -0.001740489        63826
258.750 -0.050140752           76  0.044545841          207 -0.025120245           67  0.001605486        64518
261.250  0.115212092           79 -0.005895369          196 -0.084080655           76  0.000688323        65252
263.750 -0.120922111           71  0.046762332          208  0.013202796           59 -0.000621371        65517
266.250  0.049098051           70 -0.020557582          236 -0.037451069           60 -0.000650985        65944
268.750 -0.077651306           65  0.046975531          235 -0.106804914           62  0.001452741        66561
271.250  0.101174561           71  0.018139906          191 -0.096652253           67  0.002347765        67869
273.750 -0.041758013           60  0.067513245          195 -0.080975955           62  0.000735970        68660
276.250  0.069966935           60 -0.025050984          209  0.004997609           65  0.002510253        68148
278.750 -0.021656917           67 -0.030602566          219 -0.021122492           70  0.002312817        68687
281.250 -0.031370585           68 -0.011023197          204 -0.026087388           67 -0.002300953        69590
283.750  0.017337913           57  0.026917272          198  0.054141406           55 -0.002431281        70032
286.250  0.067985242           62  0.054691314          170 -0.067474089           64  0.000949831        71292
288.750  0.110411449           76  0.008339895          225 -0.075726632           59  0.004901095        71254
291.250  0.008067294           61  0.035381303          183  0.038785745           62 -0.000824107        72023
293.750  0.064748690           58 -0.029482209          195  0.164228563           60 -0.000318613        72097
296.250 -0.055886921           68  0.022259531          198 -0.071453362           46 -0.001105114        72710
298.750  0.044109144           58 -0.015432716          195 -0.024469740           53 -0.000642268        73480
301.250  0.070476455           65  0.026362830          208  0.079798033           61 -0.001723374        73886
303.750  0.129907322           59  0.012441192          218 -0.018373757           64  0.000049866        74185
306.250  0.138466354           57  0.028330736          184 -0.017935819           66 -0.000157629        74328
308.750  0.050934249           62 -0.025768144          184 -0.038052213           52 -0.000800054        74642
311.250  0.078605750           68 -0.019192010          172 -0.005535913           74 -0.002260956        75307
313.750 -0.035866670           57  0.014416004          175  0.022124726           60 -0.000982282        75684
316.250 -0.055051601           48  0.143357550          165  0.026847614           51 -0.002297774        76016
318.750  0.114761549           52  0.013889290          193  0.059191131           66  0.003086119        76583
321.250 -0.078159922           55 -0.044945154          183 -0.049126403           54 -0.000963746        77092
323.750  0.032730963           50 -0.059423267          154  0.117025608           38  0.001828237        78031
326.250 -0.051169791           52 -0.015126340          192  0.055709120           51 -0.002039511        78086
328.750  0.048157031           62  0.012116184          163  0.036882752           47 -0.002381019        78495
331.250 -0.021225262           60  0.015466005          179 -0.021350339           51 -0.002205479        78972
333.750 -0.040236427           51  0.018863370          164 -0.013126213           51 -0.001809482        78466
336.250 -0.110507769           53  0.019861226          147 -0.104561987           56 -0.001237516        79358
338.750  0.025342828           63 -0.080601492          148  0.009560376           46 -0.001098428        79849
341.250  0.024213694           55 -0.010272738          173  0.041750646           55  0.001401872        79654
343.750  0.038428887           58  0.016981081          155  0.023209373           50  0.001461617        80559
346.250 -0.034392535           56  0.035898463          174 -0.033432574           46 -0.001541188        80100
348.750  0.037196095           45 -0.049892406          143  0.116676933           48  0.005012112        81432
351.250 -0.020438195           46  0.019575957          151 -0.000945495           38 -0.002979014        81309
353.750  0.027436161           58  0.077735347          181  0.157743226           26 -0.001133655        82207
356.250  0.000835817           52  0.009328985          141 -0.091683405           46  0.000176138        81621
358.750 -0.094721612           57  0.023462589          162  0.040361278           36 -0.002391800        81992
361.250 -0.090567887           46  0.023138317          153  0.071181041           44 -0.001591592        82558
363.750 -0.099406838           39  0.037176177          166  0.019136082           43 -0.000283436        82888
366.250 -0.006220163           51  0.018859042          138  0.056998034           38  0.000677932        82851
368.750 -0.059297013           46  0.070383298          139  0.009097058           46  0.000115309        82600
371.250  0.025424158           56 -0.040097276          157 -0.011256840           36 -0.001477959        83587
373.750 -0.044921402           45 -0.020234608          133  0.055980061           41 -0.001342036        83451
376.250 -0.023408216           58  0.018796006          150 -0.151952546           29  0.003604548        83960
378.750  0.017283763           46 -0.008782823          140  0.072459603           34  0.000285146        83490
381.250  0.100230454           46  0.067393113          146 -0.029186607           35  0.001008069        84117
383.750 -0.027307742           31  0.014878765          156  0.131153492           31 -0.000007619        85134
386.250  0.034840405           57 -0.029940252          132 -0.000429549           34 -0.001518358        84557
388.750 -0.151061751           46  0.083244666          130 -0.000637939           24  0.002131649        84831
391.250 -0.035758788           56 -0.048653554          131 -0.070035618           30  0.000728880        84934
393.750  0.094931332           64 -0.064178695          133 -0.043896785           32 -0.000200255        85105
396.250 -0.093419094           45  0.010795498          109  0.071224455           28 -0.002226151        84993
398.750 -0.087168532           64  0.021379182          143 -0.035036609           31 -0.000085809        85575
401.250  0.000469013           38 -0.008906210          154 -0.031703060           33  0.000494148        85763
403.750 -0.058494816           57 -0.024076231          133  0.079527872           28 -0.000183986        85837
406.250 -0.080274757           58  0.031701835          109  0.077790552           27  0.001357179        85779
408.750  0.028879159           45  0.007725671          140  0.211219407           30  0.001323532        85727
411.250  0.026248240           47  0.081380243          138  0.049553399           31  0.001293193        85777
413.750 -0.014689183           45 -0.009534406          119  0.061793509           24 -0.001026872        85616
416.250 -0.010403337           46  0.020102993          117  0.079433580           21  0.000702943        86113
418.750 -0.079535793           55  0.063832727          115  0.112033455           27 -0.001254126        86241
421.250  0.076467163           41  0.057118058          115  0.009082246           26  0.001372519        85926
423.750 -0.044267507           41  0.030594137          109  0.121176406           24  0.000779967        86299
426.250  0.206646961           45 -0.061036284          111  0.108101573           29 -0.001262718        85688
428.750 -0.149984069           39  0.046037137          129 -0.032936928           26  0.000180327        86162
431.250 -0.084994515           38 -0.048879171          120 -0.155271614           27 -0.000999939        86423
433.750  0.110379899           38 -0.038792575          107 -0.158118235           25 -0.000116239        86013
436.250  0.026798850           39  0.099128049          114  0.000707599           24  0.003901894        86683
438.750 -0.102239055           46  0.033882074           99 -0.025954027           30  0.002253893        86207
441.250 -0.053185906           51 -0.043092490          130 -0.061209622           20  0.001243801        86016
443.750 -0.108084568           32  0.049825852          123 -0.044582319           17 -0.000878643        86075
446.250  0.057059249           43 -0.027065705          100  0.022303572           28  0.001381916        85967
448.750  0.057788359           39 -0.040545722          107 -0.200114455           12 -0.001845873        85843
451.250 -0.005252193           49  0.057830461          109 -0.060760321           31 -0.001908207        86394
453.750  0.007885217           47  0.037311021          105 -0.051332199           13 -0.000346267        86210
456.250  0.116115865           55  0.060526875           99  0.039646376           18  0.000571181        85707
458.750  0.088075038           37 -0.010370144           95 -0.138585833           19  0.002941086        85988
461.250  0.026904854           41  0.024578464           87 -0.214280893           17 -0.002298055        86000
463.750  0.037414090           43  0.010059066           98 -0.474305503           17  0.001587201        85458
466.250  0.065367118           54 -0.023340324           88  0.015983594           24 -0.000202152        85726
468.750  0.144650729           48  0.032252073           82 -0.078330290           21  0.000160454        85980
471.250 -0.003443374           37  0.004903839           89 -0.110415464           20 -0.000346102        85020
473.750  0.113027686           32 -0.012268016          101 -0.019293890           19 -0.001519529        85524
476.250 -0.043179593           48 -0.022706819           82 -0.055187137           19 -0.000834023        85455
478.750 -0.043875370           44 -0.071211184           74 -0.116779802           18  0.002130717        84654
481.250  0.045063849           44  0.032077865           88  0.104370918           14 -0.000614782        84806
483.750 -0.049205140           51 -0.030677869           85 -0.155284680           17 -0.002633554        84765
486.250  0.027828448           41  0.073488697           92  0.085792392           16  0.000431777        84432
488.750 -0.016367778           57  0.001183737           79  0.067193075           17 -0.000918270        84120
491.250 -0.007623774           47  0.124120730           96 -0.169430562            8  0.000095143        83663
493.750 -0.046188765           42  0.052804770           81 -0.191714836            5 -0.002193712        83918
496.250 -0.124159695           31  0.077320260           78 -0.020225037           21 -0.001816169        84200
498.750 -0.016003857           42 -0.197834100           74  0.704281359           13 -0.001602217        83676
