#   q     Cout       Nout      Cside       Nside       Clong        Nlong
  1.250  0.020324787          255  0.016446173          254  0.031150079          244 -0.187588953            8
  3.750  0.054558932          241  0.015040121          240  0.014999741          235 -0.136126132           44
  6.250  0.078483620          240  0.084830052          270  0.127041054          252 -0.161072369           90
  8.750  0.104394556          253  0.106502226          236  0.087949751          257 -0.019133640          169
 11.250  0.112442060          229  0.145717907          235  0.116510948          238  0.110092364          307
 13.750  0.114981167          246  0.120282572          229  0.101434529          238  0.118007626          464
 16.250  0.116375250          234  0.147602031          233  0.072964396          245  0.099242720          607
 18.750  0.097776873          238  0.097731134          225  0.118583742          244  0.076813625          823
 21.250  0.029572308          222  0.095174397          234  0.043559064          232  0.085220806         1019
 23.750 -0.049382585          233  0.117197978          214  0.111322780          241  0.070780189         1318
 26.250  0.064882237          228 -0.007036522          228  0.015391998          223  0.042577995         1543
 28.750 -0.015460664          241  0.065527247          240  0.026613643          264  0.043756917         1797
 31.250  0.034524288          226  0.125254400          262  0.040833044          222 -0.002283466         2173
 33.750  0.038806459          199  0.100987748          229 -0.040194907          239  0.011850772         2521
 36.250 -0.134976195          207  0.065060124          257 -0.045353624          211  0.003831093         2883
 38.750  0.007247821          231  0.056972963          265  0.021349619          235 -0.002305652         3302
 41.250  0.037071067          228  0.043537064          224  0.000489790          236  0.011175205         3699
 43.750 -0.084486894          215 -0.050951677          253 -0.116031092          213 -0.018815684         4212
 46.250 -0.053777531          197 -0.038641563          269  0.042195372          215  0.010761040         4634
 48.750 -0.071008394          216 -0.061869379          233  0.056397444          229 -0.020564363         5105
 51.250  0.010302041          195 -0.044658346          299  0.015023612          228 -0.001567475         5574
 53.750 -0.022127978          192 -0.068844375          242 -0.028032478          197 -0.023295363         6116
 56.250 -0.050559197          188 -0.012125544          256 -0.002274725          199 -0.009516108         6608
 58.750 -0.000077618          192  0.032594551          223  0.093553972          201 -0.004655796         7233
 61.250  0.105266450          184  0.037718498          259 -0.050628622          221 -0.030341555         7755
 63.750  0.014175723          236 -0.088160798          287  0.080073326          223 -0.015487454         8161
 66.250  0.094697724          190 -0.108995190          244 -0.040636452          177 -0.012216211         8874
 68.750 -0.075214671          182  0.029189065          236 -0.101316757          229 -0.011365332         9441
 71.250 -0.030161803          223  0.025846166          253  0.024426464          205 -0.005878546        10006
 73.750 -0.002195882          186  0.032434530          249 -0.014646512          195  0.007823896        10747
 76.250 -0.119075317          208  0.098723638          229 -0.016947419          219 -0.001922868        11288
 78.750 -0.129935471          179  0.072393188          237  0.011938440          210 -0.006443665        11866
 81.250 -0.020409115          178  0.058384694          254 -0.012533990          204 -0.003409830        12685
 83.750  0.005556178          148  0.074751428          232  0.127511751          179 -0.001620892        13246
 86.250  0.035935542          184  0.003353255          235 -0.005156446          193  0.003053818        13947
 88.750 -0.014728378          167 -0.008053970          227 -0.086821611          202 -0.006375679        14813
 91.250  0.227733711          157 -0.042374518          243 -0.101400337          176 -0.004822471        15399
 93.750 -0.105134432          173 -0.000616390          261  0.051709822          181  0.008130905        15995
 96.250 -0.052725814          170 -0.038250098          271  0.004042043          191 -0.010300889        16649
 98.750  0.132775581          166 -0.064371487          237 -0.028048000          203  0.007559298        17552
101.250 -0.137216844          159  0.065728618          271  0.023199770          175  0.005046586        18337
103.750  0.109286442          166  0.018026381          251 -0.041068474          180 -0.003555339        19049
106.250 -0.086920768          165  0.013461533          250  0.014996652          141  0.002986924        19636
108.750  0.029798175          155 -0.001501192          259 -0.014392605          176 -0.002383471        20458
111.250  0.074946225          159  0.001002517          252  0.013324950          210 -0.001804258        21519
113.750 -0.035698288          155 -0.064287481          263 -0.147909518          196 -0.000517567        22395
116.250  0.008660038          117  0.099461122          242 -0.049333879          174  0.004023863        22696
118.750  0.027145469          149  0.012479315          277  0.153319770          149  0.013339224        23282
121.250  0.064465373          142 -0.051772441          264 -0.034333093          148 -0.002586125        24338
123.750 -0.002915119          146 -0.034396556          224 -0.104553094          154 -0.003650553        25134
126.250  0.181890040          152  0.121246220          232 -0.048695802          175  0.003579131        26099
128.750  0.039552955          148  0.045978461          251  0.020612124          151  0.001426180        26926
131.250 -0.007977485          115 -0.088812193          242  0.055001491          165  0.000211848        27625
133.750 -0.105563593          131  0.031027574          228 -0.068153664          156  0.005324768        28110
136.250  0.039150153          147 -0.073892836          237 -0.059031074          168 -0.004345410        29024
138.750  0.025112631          135  0.025392216          258  0.028900469          164  0.007154009        29911
141.250 -0.064492304          129 -0.029955959          228  0.094454173          148  0.003042754        30685
143.750 -0.034617472          122 -0.001745207          245  0.078241377          166  0.004048035        31329
146.250 -0.031515007          116 -0.040268969          256  0.008469369          152 -0.000405004        32199
148.750 -0.091958743          125 -0.024113067          245  0.053376409          142 -0.000914309        33083
151.250 -0.004038716          149 -0.044684178          286  0.010447552          161 -0.000056787        34011
153.750  0.064147148          126 -0.006977977          258  0.016630504          144  0.001623098        34643
156.250 -0.013917911          117  0.071957365          232  0.017271810          168 -0.003199244        35184
158.750 -0.009868070          125  0.002189090          249 -0.012438500          130 -0.001909790        35862
161.250  0.014107082          112  0.020121650          233  0.057044079          147  0.002543345        36546
163.750 -0.033301234          118  0.043168186          251 -0.063232610          124 -0.002801822        37453
166.250  0.007420645          104 -0.041473988          222 -0.008869218          149  0.004829869        38283
168.750 -0.046075007          104 -0.042321041          246 -0.073893509          145  0.004422676        39243
171.250  0.082527393          114  0.046440489          252  0.005013581          121  0.000546790        40485
173.750  0.048359903          117  0.030885713          237 -0.133613955          118 -0.000604225        40302
176.250 -0.052534955          102 -0.015262017          266 -0.003719999          121 -0.003070112        41071
178.750  0.075622353          106  0.028109344          266  0.036724396          135 -0.000142402        42510
181.250  0.094217999          112 -0.038837209          242  0.038623102          111  0.002859234        42600
183.750  0.095856985          109 -0.024971064          248  0.020473136          119  0.000668636        43647
186.250 -0.026199062           88 -0.000556000          230 -0.034868850          135  0.001407376        44457
188.750  0.005527747           92  0.042411800          262 -0.042349350          123  0.000201424        45242
191.250  0.036948360           92  0.010993738          219  0.035117863          132 -0.002068633        46174
193.750  0.110924521          116 -0.014918669          242  0.085805718          102 -0.000052563        46415
196.250  0.019764366           94  0.001177408          234  0.008016972          107  0.001247237        47323
198.750 -0.094368246          100 -0.057157574          232  0.020406949          117 -0.000550333        48005
201.250  0.170446909          100 -0.014607678          228  0.014601512          114 -0.001969662        48562
203.750  0.035726567           89 -0.011648681          279 -0.031983171          124 -0.002828578        49434
206.250 -0.009633387          107  0.039234070          222  0.003453771          130 -0.002076008        50287
208.750 -0.030477696          113  0.007337997          224  0.055376366          114  0.000265325        51055
211.250 -0.263553705          103  0.047999511          237  0.057219973          101 -0.001442637        51754
213.750  0.019273144           75  0.001222316          237  0.039159275          106  0.002132366        52152
216.250 -0.086176304           71 -0.056157383          221 -0.006340356          108  0.002306374        52927
218.750  0.026758267           89  0.027202412          237  0.026424931          113  0.000081087        53655
221.250  0.041922894           84 -0.003674661          223  0.088269369           97 -0.000976381        54400
223.750 -0.030651029           83  0.024466258          246  0.018189509          103  0.001586335        55354
226.250  0.127062841           76 -0.026026045          246  0.054340594           84  0.002959107        55728
228.750 -0.050528138           86 -0.021355894          242  0.059304899           92  0.000465973        56192
231.250  0.112668110           72 -0.051167952          238 -0.119293427           96  0.001248444        57405
233.750 -0.077737702           66  0.001272971          238  0.012864243          112  0.004539631        58210
236.250 -0.270506954           79 -0.001160408          213  0.106407645           76  0.002682276        58593
238.750  0.064640824           79 -0.037900329          215 -0.038638309           75  0.000535651        59302
241.250  0.010337584           73 -0.055484586          235  0.011732914           97 -0.000295803        59661
243.750 -0.218431716           73  0.045348408          223  0.019947530           87  0.000717765        60684
246.250 -0.019348491           76 -0.047652214          214  0.020732725           87 -0.000267293        61332
248.750 -0.099458449           81  0.052075310          223  0.031468492           91  0.000140114        61798
251.250  0.010227083           69 -0.002313168          223  0.026739896           78  0.000557241        62567
253.750  0.018449234           71  0.040201298          213  0.023229638           81  0.001099531        63624
256.250  0.097985817           95 -0.048523945          220 -0.023552140           96  0.002813075        63966
258.750  0.031779762           74  0.032707070          216  0.060095683           70 -0.000330484        64655
261.250  0.092743788           64 -0.018081152          211 -0.003055524           85  0.000974436        64930
263.750 -0.027416081           68  0.024699978          202 -0.086471665           80 -0.000680092        65414
266.250 -0.011314981           70 -0.009299918          204  0.057855116           75 -0.002192985        66016
268.750  0.065557631           74  0.060048641          210  0.028314906           90  0.000890216        66648
271.250  0.036325803           67 -0.003052355          202 -0.061159548           76 -0.000364899        67364
273.750  0.050835277           68  0.025881920          210  0.012224432           74  0.000588647        67699
276.250  0.018073279           62 -0.021055076          194  0.040763602           70  0.000651708        68730
278.750  0.062973426           71  0.016332330          209  0.091798253           70 -0.000821216        69042
281.250  0.069934281           68 -0.005522377          192  0.019319967           56 -0.003378089        69584
283.750 -0.000056826           72  0.071747890          186  0.106096002           67  0.004862230        69429
286.250 -0.050283075           51 -0.016632857          208  0.021791433           61 -0.001258173        70463
288.750  0.015736082           69  0.019238107          181  0.004597227           73 -0.003784799        70954
291.250 -0.032692334           54  0.002710642          185 -0.014403427           58 -0.000172815        71430
293.750  0.084316417           63 -0.070191139          175  0.092800315           64 -0.001624996        72445
296.250 -0.026531289           67  0.016031838          207 -0.036343135           50  0.002214804        72631
298.750  0.042813929           63 -0.056704942          186  0.067876849           64  0.000304369        73071
301.250 -0.056057164           61 -0.058607308          189 -0.022814961           58  0.000143642        73779
303.750  0.030916256           60 -0.028732970          188  0.028535595           71 -0.000305477        74065
306.250 -0.007677572           76  0.032945103          180 -0.007677906           69  0.001613597        74481
308.750  0.027545261           43  0.016610189          209 -0.021626717           52  0.000993320        75049
311.250  0.000264352           49  0.043416143          178 -0.068963439           60  0.001041371        75522
313.750  0.045593268           67  0.003215969          163 -0.075992085           58 -0.001910823        75935
316.250 -0.074676477           66  0.014123692          182  0.009703197           49  0.004926857        76773
318.750 -0.098038846           55  0.085256775          191  0.047838539           68  0.000618208        76974
321.250 -0.052699922           73  0.011950725          182 -0.085134123           51  0.003705001        78018
323.750 -0.007347423           44 -0.008752484          147  0.041629497           51  0.001322786        77827
326.250  0.055823654           68 -0.002832351          138 -0.062630449           56  0.001561684        77954
328.750  0.025515542           53  0.033795487          168  0.015258153           41 -0.001018464        78335
331.250  0.084215608           55 -0.012387718          172 -0.082608560           51  0.002102244        78696
333.750 -0.055771442           63 -0.019490453          165 -0.036071034           48  0.000734270        79117
336.250  0.022715224           55  0.001823752          177 -0.038338156           45 -0.002005540        79493
338.750  0.001048655           55 -0.080426837          156 -0.034040436           47 -0.000501349        79835
341.250  0.006986376           56  0.009360699          151  0.102130644           43  0.001028942        80082
343.750 -0.003375531           49 -0.061222342          169 -0.112489740           36 -0.000932469        80186
346.250  0.009383621           56 -0.000397776          162  0.011583334           43  0.000133094        80869
348.750  0.004729414           53 -0.090594537          140  0.028452313           41  0.000497923        81502
351.250 -0.044516498           65 -0.018211953          154  0.003297964           39  0.000644779        81799
353.750  0.040156740           37  0.098422308          139 -0.036378814           43  0.000114732        81399
356.250 -0.111141004           44 -0.041211834          123 -0.029994782           47 -0.000583867        82241
358.750 -0.052094663           55  0.078774572          169 -0.043144812           38 -0.000104403        82191
361.250 -0.123024361           49  0.006858476          154 -0.100183353           41 -0.003349840        81812
363.750 -0.072174498           68  0.025601204          169 -0.050249367           35  0.000277989        83036
366.250 -0.053720168           54 -0.022689070          155 -0.008145502           43  0.002039533        83074
368.750 -0.028434374           46 -0.013427400          144 -0.128532127           32  0.000157622        83228
371.250  0.018926270           63 -0.031352107          145 -0.055417578           30 -0.002127490        83617
373.750 -0.097659609           71 -0.000829320          149  0.145868917           40  0.000591407        83684
376.250  0.043384890           54 -0.032297217          150  0.019456228           25 -0.002281619        83659
378.750 -0.136903662           56 -0.056119226          130 -0.013016696           28  0.001910222        84523
381.250 -0.061036885           46 -0.101363811          158 -0.037229902           27  0.000051590        84804
383.750  0.138854176           56 -0.054280211          132  0.052948475           30  0.003195209        84717
386.250 -0.164303651           54  0.001872804          144 -0.078890806           30 -0.001900638        85405
388.750 -0.013712966           53 -0.018295902          144 -0.141875052           31  0.000785605        84908
391.250  0.024840404           43  0.024921090          134  0.018876737           35 -0.002333166        85099
393.750  0.098644659           52 -0.021496280          140 -0.029744976           37  0.002354377        85076
396.250  0.067316966           41 -0.119920705          129 -0.086569959           27  0.000097793        85156
398.750  0.036240508           51  0.010035463          129 -0.130173370           31  0.000447070        85317
401.250 -0.038391958           57  0.094111817          125 -0.033153174           35 -0.000688171        85502
403.750 -0.022008205           62  0.041981384          121 -0.183985905           29  0.001518171        85996
406.250  0.089059333           55  0.039314983          131 -0.175713745           27 -0.000155052        85632
408.750  0.067580316           43 -0.008944102          124 -0.079727881           28 -0.001053612        85992
411.250  0.073084065           57  0.019624996          136 -0.074402904           38 -0.001835791        85684
413.750  0.001010641           42  0.029152396          123  0.052862069           34  0.000819471        86234
416.250  0.032842517           34 -0.078291687          124  0.134941996           31 -0.000649075        86085
418.750  0.112503319           46  0.096390372          110  0.141346672           16 -0.000250185        86255
421.250  0.114270599           46 -0.099833467          117  0.121874343           22 -0.001542926        86444
423.750 -0.040317443           42  0.070450750          106 -0.032015048           16 -0.000508433        86044
426.250 -0.221881728           46 -0.035958481          128 -0.105471538           23  0.001313542        86503
428.750 -0.020242434           60  0.072417783          121  0.091501668           17  0.000093670        86398
431.250 -0.027064089           44  0.036076631          122 -0.010361621           31 -0.000097647        86136
433.750 -0.002472164           42  0.016308566          120  0.097935169           28  0.001750532        86901
436.250 -0.090016042           43  0.004328032          102  0.025527180           26 -0.001644308        86474
438.750 -0.091301645           56  0.078255561          112 -0.007979085           22  0.003964141        86708
441.250 -0.052850093           29  0.095089594           93  0.124847157           15  0.000645210        85987
443.750 -0.037722110           40 -0.047499137          108  0.182064516           20 -0.001327155        85750
446.250 -0.155611711           40 -0.170632323          100  0.010982258           24  0.002206750        86240
448.750 -0.066221516           44  0.019621909           87 -0.078498122           22 -0.001380024        86269
451.250 -0.193200439           51 -0.004277271           84  0.075730810           23 -0.001299402        86165
453.750 -0.015027378           38 -0.023587708           92 -0.126295861           25 -0.001799531        86357
456.250  0.102474558           30  0.022781235           99 -0.092234965           17  0.000533347        86296
458.750  0.003395933           39  0.007094471           89  0.014638194           25  0.001250158        85617
461.250  0.073895378           53  0.030837520          108 -0.048272533           24  0.001967253        85784
463.750  0.112412170           34  0.041690874           91 -0.005940626           20  0.001850421        85224
466.250 -0.001683023           49  0.044574963           97 -0.006684232           19  0.000520844        85524
468.750  0.034252283           43  0.029252898          101 -0.108408946           17  0.000090567        85133
471.250 -0.004513015           35  0.085293746           91 -0.028141976           20  0.001952737        85688
473.750 -0.005231720           49  0.017556441           83 -0.034311744           12 -0.003116409        85068
476.250  0.003971079           49  0.049814844          106 -0.000112759           14 -0.000617244        85246
478.750  0.065214316           45  0.092939224           73  0.178545183           20 -0.004564950        84950
481.250 -0.041270869           36 -0.029995547           83  0.256008834           10  0.000498373        84854
483.750 -0.051076394           38 -0.023730357           91 -0.022571643           14 -0.001663943        84680
486.250 -0.151378743           43 -0.016671420           91  0.115593831           12 -0.002637612        84521
488.750 -0.134172024           51  0.066640128           88  0.011763820           19  0.000903465        84549
491.250  0.013852876           41 -0.005761619           69 -0.107321983           11  0.001813376        83807
493.750  0.060471459           35 -0.022316123           82  0.065940810           10  0.002329733        84144
496.250  0.045007955           43 -0.070562737           72  0.233322951            9 -0.001281658        84461
498.750  0.037889544           34  0.025424356           71 -0.233042325           11 -0.001301113        83989
