#   q     Cout       Nout      Cside       Nside       Clong        Nlong
  1.250  0.084392042          241  0.000297665          261 -0.007201926          260  0.606995117            3
  3.750  0.071293615          252  0.079850141          218  0.061432859          236 -0.284330907           42
  6.250  0.090376946          232  0.127804224          231  0.110717501          239 -0.103465210           83
  8.750  0.111196465          223  0.070082948          252  0.103008770          264  0.055335480          163
 11.250  0.049310114          251  0.112384327          245  0.095741406          223  0.105439341          333
 13.750  0.084333211          244  0.105169570          236  0.132991371          221  0.117927761          440
 16.250  0.105561966          246  0.074821682          268  0.149758306          254  0.111191472          632
 18.750  0.045002268          222  0.103486933          249  0.066462638          226  0.083078731          816
 21.250 -0.008741650          228  0.047207922          230  0.013773189          229  0.065907565         1027
 23.750  0.010286960          241  0.084993513          232  0.158227680          240  0.039653956         1325
 26.250  0.009156666          223  0.051875873          242  0.022799050          215  0.044706929         1586
 28.750  0.008609587          242 -0.020134978          205  0.087676449          222  0.024792949         1835
 31.250  0.071492317          219 -0.100450772          244 -0.019912656          244  0.026523057         2106
 33.750  0.117944635          215 -0.001207699          266  0.027945715          224  0.006721750         2481
 36.250 -0.080305939          203  0.039983118          242  0.028683299          227 -0.001183045         2972
 38.750  0.025492631          239 -0.003184490          234 -0.010801101          237  0.005511997         3273
 41.250 -0.082448387          222 -0.012559010          260  0.033842606          233 -0.020296421         3718
 43.750 -0.011500381          216 -0.033302767          246 -0.057504424          233 -0.031717459         4160
 46.250 -0.072167287          226  0.073472188          250  0.061611570          236  0.004689735         4677
 48.750  0.074177567          249  0.003121758          243 -0.093126389          223 -0.002023496         5090
 51.250  0.014111470          229  0.053492698          232 -0.026802647          212 -0.022102787         5501
 53.750 -0.051393491          192 -0.065083496          223  0.061593452          206 -0.019278140         6032
 56.250  0.028972301          201 -0.040824060          256 -0.051815516          209 -0.009949997         6463
 58.750 -0.057963838          173 -0.016795598          235 -0.110915192          224 -0.010379863         7122
 61.250 -0.031625199          205  0.010613459          283 -0.158510507          172  0.010213157         7704
 63.750  0.004611513          192  0.116033825          265 -0.013021949          214 -0.003313014         8091
 66.250 -0.077086550          188 -0.071398841          245  0.024899237          204  0.003595551         8822
 68.750 -0.003040973          183  0.076533386          249  0.068726011          191 -0.006035783         9528
 71.250  0.057734612          187 -0.062720917          253  0.018085963          183 -0.000830765        10192
 73.750  0.145778389          185  0.131541800          209  0.010449154          201 -0.007932047        10654
 76.250  0.010482516          187  0.006458302          274 -0.035631670          191 -0.002244376        11192
 78.750  0.000586875          164 -0.009836966          270 -0.026626536          204 -0.006364487        11953
 81.250 -0.037028319          192 -0.004850302          204 -0.004163712          198 -0.008703309        12552
 83.750  0.003632147          224 -0.060447958          241 -0.016761679          208  0.002462433        13396
 86.250  0.007357305          175 -0.068518430          249 -0.021747806          199  0.002008806        14265
 88.750 -0.006776589          179  0.045232600          245 -0.053724024          166  0.013405456        14647
 91.250 -0.020262805          169  0.115376443          277  0.091214312          165  0.000949071        15467
 93.750  0.056251938          173  0.024247399          213  0.066113774          208  0.009620131        15998
 96.250 -0.097033006          153  0.102385105          250 -0.071963603          201  0.005955244        16876
 98.750  0.100935175          160 -0.029602654          244 -0.005258262          187 -0.000374760        17553
101.250 -0.037446233          182  0.029006079          241  0.052147719          193 -0.003194250        18181
103.750 -0.094415552          152 -0.003797367          241  0.029758310          160  0.006749859        18996
106.250 -0.044681033          176  0.057317634          238  0.027324460          186  0.000903055        19899
108.750  0.058521230          164 -0.006851433          282  0.013630667          169 -0.010820484        20481
111.250 -0.002513897          150  0.044652282          254 -0.030863247          194 -0.008850854        21293
113.750 -0.112726884          152  0.011328455          244  0.056440580          190 -0.001885847        22412
116.250  0.035173292          168 -0.001650904          230 -0.049390734          199 -0.008392890        22779
118.750 -0.056635064          149  0.023660038          225  0.015095620          178 -0.010349556        23439
121.250 -0.077671378          151 -0.085738488          242  0.022040173          176 -0.001912054        24315
123.750 -0.128710455          140  0.092693305          291  0.046591602          165  0.008274114        25178
126.250  0.013634059          143  0.020333955          250  0.098493416          160  0.002834950        25954
128.750 -0.099490967          127 -0.052248860          254 -0.109773252          181 -0.004736204        26917
131.250  0.037082496          143  0.049589632          250 -0.124328306          180  0.007623259        27676
133.750 -0.033721135          117  0.087369493          234 -0.010803264          164  0.003189645        28305
136.250 -0.051038988          150  0.067085571          251  0.059224409          129 -0.003684567        29161
138.750  0.046140102          160  0.014963770          247 -0.029648089          165 -0.002767508        29726
141.250  0.027875845          138 -0.068285760          278 -0.040474493          152 -0.001676078        30740
143.750  0.018900893          126  0.017775696          245  0.057477160          168 -0.003922430        31473
146.250 -0.046583257          113  0.001409709          254 -0.091943016          155  0.004681385        32080
148.750 -0.061555735          133  0.040087633          256  0.064423146          158  0.005334154        32760
151.250 -0.001301632          112 -0.044494247          244  0.041648447          150  0.001284364        33726
153.750 -0.016323975          110  0.052543664          212  0.014809578          158 -0.001822038        34645
156.250 -0.046606267          121  0.001171265          254  0.058592838          135 -0.003397051        34962
158.750  0.042020831          109  0.021732922          268  0.020175239          153  0.002529266        36206
161.250 -0.010735659          122 -0.025225582          218 -0.037238766          140 -0.007868502        36946
163.750 -0.024074501          127  0.028131332          205  0.083827898          147  0.001247477        37470
166.250  0.078211761          108 -0.057929663          234  0.013374535          147 -0.001801218        38364
168.750  0.099725921          120 -0.012966318          274 -0.061913778          127 -0.003800956        39158
171.250 -0.069377033          103  0.068711425          242  0.036194769          132 -0.000974113        39667
173.750  0.066520141          119 -0.003835543          237  0.001178523          132  0.002434255        40703
176.250 -0.112383244          101 -0.052924680          233  0.070909887          133 -0.002579929        41250
178.750  0.074392520           94  0.042772823          226  0.000371760          134  0.000417642        41992
181.250  0.058569806          112 -0.001368493          254 -0.016698704          136  0.002591042        42567
183.750  0.022801965          102  0.046738647          231  0.056581955          119 -0.003490809        43541
186.250 -0.111275970           92 -0.010351163          263  0.080565564          123 -0.000473007        44445
188.750 -0.005461447          102 -0.017954518          261 -0.059965096          112 -0.000432360        44843
191.250  0.052357199          104 -0.024594965          256  0.013186594          124  0.006417060        45906
193.750 -0.034864754          112 -0.002046072          241 -0.068469951          114 -0.000206030        46636
196.250 -0.045592365          104  0.008521043          227 -0.052584196          137 -0.002546393        47546
198.750  0.099932554           93 -0.043602555          254  0.042695770          132 -0.000761722        48283
201.250  0.030967881          102 -0.002165534          233 -0.004901720          122  0.001430924        48353
203.750 -0.005524107           96 -0.010599765          272 -0.011214836          127  0.001753261        49797
206.250 -0.113012073           76 -0.007671518          242  0.035016329          112 -0.001286825        49911
208.750 -0.070815444           89 -0.046979558          247  0.024217571          124  0.000784503        51250
211.250  0.087089639          104 -0.007029240          238  0.060567092          106  0.001221034        51475
213.750 -0.088229520           91  0.041765682          250 -0.001901783          111  0.000411962        52348
216.250 -0.238794215          103  0.025739903          232  0.059729583          116  0.000414394        53029
218.750  0.015449429          111  0.034287691          269  0.017790820           78 -0.001338494        54022
221.250  0.116551072           77  0.035502114          250  0.011584031          107  0.000534007        54589
223.750 -0.100320831           87  0.006295678          235  0.036617661          101 -0.000392316        55432
226.250  0.028115262           93  0.006016576          249 -0.014467142           85 -0.001516484        56015
228.750  0.035657272           72  0.010054008          226 -0.073394479          102  0.000686372        56594
231.250  0.054118314           84 -0.055965791          240  0.077757579           96  0.000377968        57201
233.750 -0.133515450           71  0.030845078          219 -0.003814275           86 -0.004040236        58195
236.250  0.011509223           63 -0.067081144          221 -0.102532266           95  0.000002373        59026
238.750 -0.042467307           76 -0.022533967          212 -0.119842008           83  0.000908641        59162
241.250 -0.017736238           79  0.078137797          197 -0.016422399           91 -0.000983579        59830
243.750 -0.051597990           85  0.005596728          197  0.021748465           88 -0.000374713        60388
246.250  0.174260440           79  0.024406350          235 -0.012711170           72  0.001635778        61319
248.750 -0.035504088           87  0.004997992          195  0.060863095           73 -0.000842150        62391
251.250  0.083480438           79 -0.012389530          244 -0.028691237           75 -0.003487360        62177
253.750  0.145030570           61  0.050012220          221  0.021229309           74 -0.002202232        63426
256.250 -0.013006426           66 -0.057660339          196  0.038102983           93  0.001548937        64000
258.750  0.002383799           63  0.003957628          226 -0.023690485           79  0.000013128        64160
261.250 -0.105092494           77  0.044749482          210 -0.002094177           74 -0.001521576        65265
263.750  0.023677891           63  0.007208905          219  0.051498673           79 -0.003295417        65483
266.250  0.071367960           87 -0.035068541          222 -0.052481558           99  0.001467065        66285
268.750 -0.024103504           75  0.032043853          195 -0.069620297           69 -0.000561362        66959
271.250 -0.010576266           68  0.014133606          212 -0.018654364           56  0.002265455        66981
273.750  0.026457969           92  0.004256284          211  0.084259840           68  0.001484948        68598
276.250  0.086381746           82  0.015172698          205  0.046616781           76  0.000557021        68224
278.750 -0.042329290           65 -0.002606195          203 -0.014233570           82 -0.000434766        69352
281.250  0.029439177           72  0.006609940          183 -0.079349248           76  0.003344900        69403
283.750 -0.075648870           50 -0.015236382          212  0.020056927           64 -0.003801017        70065
286.250  0.125808426           59  0.066419569          200  0.263083825           52  0.001394701        70801
288.750  0.047550417           68 -0.040720648          193 -0.003532508           54 -0.000396987        71689
291.250 -0.064795704           64  0.008429124          191  0.042436116           64  0.002400771        71514
293.750  0.012339969           74 -0.023184780          197 -0.095779931           58 -0.000431894        72038
296.250 -0.031157625           59  0.030760524          206  0.090205770           60  0.001696378        72743
298.750  0.062529371           79 -0.029490608          171  0.010917253           58 -0.000507338        73255
301.250 -0.001664221           69 -0.000966878          193  0.039680502           55  0.002093828        74279
303.750  0.120316055           55  0.006298017          181 -0.205238768           56 -0.000442491        74152
306.250  0.080262158           65  0.089374949          195  0.021149162           57  0.001838584        74685
308.750  0.185779589           47 -0.014172094          179  0.008425445           59 -0.002659640        75060
311.250  0.017916298           55 -0.019319099          184  0.029484379           60 -0.000913588        75276
313.750 -0.128008369           60 -0.008490662          191  0.051636061           57  0.001288824        75236
316.250  0.119683084           59 -0.043700310          180  0.123340007           57 -0.001353783        76380
318.750 -0.028631480           67 -0.045809885          191 -0.033812334           60 -0.003466117        76969
321.250  0.043899937           70  0.076571134          178 -0.005807207           51 -0.002794355        77721
323.750 -0.009694439           51  0.010760131          163 -0.162031804           56 -0.002344498        77758
326.250  0.072597205           44  0.019732542          179 -0.048588705           45 -0.002613538        77988
328.750  0.127025759           57  0.006831733          191  0.100482146           44  0.000147640        78294
331.250 -0.140525958           72 -0.045594031          174 -0.027809233           42  0.000678734        78541
333.750 -0.006023724           56  0.041325396          173 -0.050608876           41 -0.000764013        79319
336.250 -0.014411713           61 -0.035595801          182 -0.109467425           38 -0.000197364        79528
338.750 -0.024692730           49 -0.110600214          159  0.141265586           44  0.000017769        79664
341.250 -0.078201064           62  0.007965358          167 -0.043378055           38 -0.000785759        80051
343.750  0.071187961           64 -0.008509505          146 -0.044933763           45  0.001107508        80603
346.250  0.027751418           56 -0.026962002          155 -0.040158383           27 -0.002391410        80680
348.750  0.004387707           40  0.053724611          164 -0.042108518           38  0.004151366        81276
351.250 -0.120903110           53  0.024814821          154  0.047583604           36  0.002719565        81312
353.750  0.097684027           62 -0.002304370          157 -0.010229299           48 -0.004266364        81730
356.250 -0.089567638           59 -0.058693519          141  0.004389963           34  0.000793807        81715
358.750 -0.020693179           58  0.003862004          163 -0.080618789           42 -0.000591378        81913
361.250  0.037043210           48 -0.020321500          160 -0.062154871           40 -0.002831568        82382
363.750  0.030722794           35 -0.062173604          143 -0.016309661           29 -0.000103167        82682
366.250  0.088459451           38  0.015804814          148  0.039150772           45  0.000443141        83085
368.750  0.105679652           59 -0.052905544          165  0.023085829           39  0.000543932        83330
371.250  0.008030033           62 -0.001787751          123 -0.180198626           41 -0.003847719        83347
373.750 -0.099906814           56 -0.051449685          131 -0.053304050           34  0.002822557        83763
376.250 -0.021910587           45  0.053122906          147 -0.204253803           31 -0.000339247        83649
378.750 -0.084950346           55  0.007107271          150 -0.037803474           23 -0.001196907        84531
381.250  0.178168492           48  0.003519734          128  0.004380655           28  0.001666983        84408
383.750  0.019761846           45  0.019705376          150  0.053174147           24  0.000241126        84509
386.250  0.046376433           57 -0.005893271          135 -0.041796190           29 -0.000545889        84808
388.750 -0.032255738           58 -0.063145616          136  0.019578437           40  0.000236791        84669
391.250  0.155227944           39  0.063038100          119  0.058026327           32 -0.000827131        85019
393.750  0.027243108           53  0.029056741          123  0.216451020           35  0.003117579        84999
396.250  0.096395238           53  0.001204798          148  0.009843169           36 -0.002361058        85248
398.750 -0.021459840           39  0.006810545          123  0.070088468           27  0.000154596        85419
401.250  0.078484985           47 -0.046405050          113 -0.097251107           24  0.002450614        85014
403.750  0.003393742           52 -0.072800366          130 -0.037239110           29  0.000649516        86017
406.250 -0.099031438           56 -0.004112688          108 -0.042322399           34  0.001497506        85527
408.750  0.029305227           54 -0.071406228          101  0.040593049           22  0.001173023        85963
411.250  0.144875007           44  0.041794010          114 -0.010114239           19 -0.003601881        86132
413.750  0.082818710           56  0.048511917          133  0.170586329           22  0.001141292        86276
416.250  0.106561886           52  0.017833011          108  0.283357875           30  0.001628041        85596
418.750 -0.047242221           38 -0.011892759          109  0.063016295           29  0.001860735        86203
421.250 -0.028915847           43 -0.021733302          102  0.011061793           21  0.001941058        85863
423.750  0.057511852           58  0.011929195          123  0.067063092           21  0.001131425        85981
426.250 -0.025152069           41  0.026099066          120 -0.034019541           22  0.000111794        86267
428.750 -0.081947725           49  0.007942431          104  0.072406137           19  0.000177046        86351
431.250  0.148641710           31  0.029096577          100  0.010881639           19  0.002418870        86499
433.750  0.009616953           61  0.027925960          122 -0.134936535           22 -0.001176788        86280
436.250 -0.016901679           59  0.013753519          111  0.083843794           23 -0.000147842        86717
438.750 -0.000620987           49  0.045396566          113  0.098213972           23  0.001778596        86089
441.250  0.110039779           41 -0.015988074          105  0.021620844           24 -0.000075417        86053
443.750  0.044856560           53 -0.066761638          110  0.246183260           25 -0.001692520        86219
446.250  0.072325906           42 -0.027729133          106 -0.038879643           18 -0.001990021        85858
448.750  0.091787594           43 -0.053608338           98  0.087263341           22  0.000569933        86130
451.250 -0.028938655           46  0.025174309          107 -0.011725471           16 -0.004893439        85840
453.750  0.012568345           45 -0.017395596          106 -0.195557100           22 -0.000764803        86042
456.250  0.004252512           52 -0.013490006          100  0.014386016           22 -0.000619462        86297
458.750  0.123787647           49  0.017475301           97 -0.060130013           21  0.001520679        85774
461.250 -0.001607196           46 -0.013172228           88  0.429338572           13 -0.001337110        85833
463.750 -0.218851001           48 -0.032132859          104  0.220756827           20 -0.003615042        85648
466.250  0.110414485           38 -0.063428505           93 -0.049743055           16 -0.002424625        85778
468.750 -0.015551500           52 -0.052110967           95 -0.096160385           26  0.000517962        85380
471.250 -0.100801423           39  0.025228499           66 -0.007773860           12  0.000915437        85795
473.750 -0.032953844           36 -0.023126751           91 -0.074444674           20  0.000616682        85085
476.250 -0.046439358           51 -0.043739689           77 -0.084354273           17  0.003380553        84964
478.750 -0.171321035           34  0.039833842           77  0.043342782           18 -0.000644539        85030
481.250  0.064035759           41 -0.000036079           85 -0.080513768           15 -0.000653617        84773
483.750  0.073045308           41  0.006617432           85  0.003834401           20  0.000801784        84656
486.250 -0.031912325           38 -0.122247863           68  0.007119392           23  0.000590716        84893
488.750  0.070633283           47 -0.058146754           55 -0.116713671           24 -0.000834851        84210
491.250  0.087976918           44 -0.013722492           89  0.113121499            9 -0.002003440        84348
493.750  0.018994218           38 -0.037686702           92 -0.369862044           13  0.000422627        84409
496.250  0.013418263           42  0.106921965           84  0.083395822           22 -0.000249717        84031
498.750  0.047991909           41 -0.067310184           84 -0.081235659           12 -0.001522490        83720
