#   q     Cout       Nout      Cside       Nside       Clong        Nlong
  1.250 -0.009054504          252  0.000412538          259  0.012938993          235 -0.906845254            5
  3.750  0.060026543          245  0.048815141          254  0.011378733          260 -0.442254524           30
  6.250  0.117650672          238  0.077022911          243  0.094668352          249 -0.086480737           94
  8.750  0.102741630          249  0.101883720          220  0.100717104          231  0.057583805          203
 11.250  0.104694407          229  0.079423794          254  0.079677656          257  0.064721089          293
 13.750  0.078626458          256  0.151887714          239  0.155262971          237  0.079457974          467
 16.250  0.145577790          223  0.068628458          239  0.104130574          242  0.113885673          612
 18.750  0.047188731          218  0.073513244          244  0.030150718          232  0.080261370          792
 21.250  0.030386414          239  0.093604333          231  0.142755942          271  0.095518339         1038
 23.750  0.036876940          257  0.167943814          273  0.002920178          238  0.032675449         1309
 26.250  0.074470955          238  0.065964561          258  0.030398521          245  0.025796150         1640
 28.750 -0.069365083          246  0.145181695          252  0.016796740          222  0.040997648         1863
 31.250  0.060206829          215 -0.021804895          234  0.024736228          216  0.017259219         2219
 33.750 -0.026303651          222 -0.041820306          248  0.123207065          217  0.029625476         2488
 36.250  0.044420128          236 -0.071237170          250  0.007937273          223 -0.005603515         2857
 38.750  0.094865732          240 -0.036278553          264  0.001989974          207 -0.014049989         3192
 41.250 -0.011829668          203 -0.069133404          222  0.047656366          227 -0.009011530         3671
 43.750  0.003324969          217 -0.027140933          229  0.022989120          216 -0.023705441         4124
 46.250 -0.017867552          199 -0.002810355          233  0.060042941          229  0.006565984         4530
 48.750 -0.033042466          196  0.029775205          267  0.030462945          230 -0.010756415         5105
 51.250 -0.121479187          213  0.076659153          230 -0.051118546          225 -0.004046756         5649
 53.750 -0.031932499          204  0.089205610          246  0.030405578          233 -0.004072629         6129
 56.250  0.021687213          216  0.006901918          253  0.036910943          212 -0.007870246         6581
 58.750 -0.021610674          196 -0.002653668          274  0.138257053          199  0.001044490         7156
 61.250 -0.008399735          186  0.129783970          229 -0.038951598          202  0.018598421         7598
 63.750  0.106301017          182 -0.048232363          241  0.029569660          195  0.006333729         8303
 66.250 -0.045826065          201 -0.003597521          243 -0.053982823          188  0.004961084         8735
 68.750 -0.064153552          206 -0.078858668          260 -0.084107704          209 -0.002832601         9547
 71.250  0.043308863          187 -0.034068913          238  0.028767562          191  0.005385137        10049
 73.750 -0.102476176          188  0.017520639          229  0.046634667          191 -0.004896519        10590
 76.250  0.019575543          160  0.022161775          239  0.011921442          195 -0.002796746        11249
 78.750 -0.025548238          164  0.023000040          229  0.047578829          193  0.007412359        12091
 81.250  0.028116393          168  0.012886194          235  0.025009658          205  0.000257121        12543
 83.750 -0.018104299          198  0.103199407          264 -0.056309220          204 -0.004264934        13234
 86.250 -0.023696503          198  0.126038104          254  0.037304985          184 -0.002815954        13879
 88.750  0.043861196          159  0.002000108          239 -0.070288182          159 -0.007637189        14692
 91.250 -0.010260663          174 -0.070887399          245  0.064685538          200 -0.001005358        15430
 93.750  0.001535137          168 -0.053390749          247  0.108888199          165 -0.000934049        15898
 96.250  0.075366941          165  0.079698690          251 -0.018311321          194  0.004529071        16938
 98.750  0.006765679          164  0.022584687          262  0.083074785          172  0.008701323        17460
101.250 -0.042342801          179  0.093737980          263  0.000946678          184 -0.003999039        18298
103.750  0.026417437          161 -0.058072357          217 -0.012261565          183  0.008110026        19308
106.250  0.012392523          161  0.123076059          230 -0.042931295          162 -0.002641131        19708
108.750  0.028244536          134  0.128247373          261  0.008702469          207 -0.000148714        20725
111.250  0.053287072          159 -0.041723935          257  0.001150592          158  0.003185190        21263
113.750  0.035143801          172 -0.093663388          254  0.059237058          178  0.003269346        21928
116.250 -0.089772406          169  0.117844068          241 -0.015621947          169 -0.010919775        22900
118.750  0.104625088          138  0.027269045          240 -0.031988223          162  0.008724832        23508
121.250  0.014176908          168 -0.013573315          245 -0.032858687          173  0.002688376        24582
123.750  0.066292525          159  0.018483664          252 -0.062046048          152 -0.000066433        25416
126.250 -0.100162513          122  0.050786374          263 -0.040074212          158  0.002018894        25804
128.750 -0.029825729          123 -0.057342027          231 -0.063986277          161  0.000977941        26690
131.250  0.053741172          162 -0.026711710          239  0.008703966          169 -0.004765667        27609
133.750  0.034209467          148 -0.073852496          240 -0.077285757          157 -0.009563913        28330
136.250 -0.067934372          142  0.116913611          262 -0.009068245          151  0.005159765        28838
138.750 -0.010656486          137 -0.048777703          256  0.019584709          152 -0.002638048        30274
141.250 -0.002811725          120 -0.018842121          254 -0.088829519          176  0.001310479        30700
143.750  0.050502865          126 -0.029547192          240  0.056197281          155  0.003520041        31546
146.250  0.003189612          119  0.056151116          219  0.132369304          149  0.002587452        32149
148.750  0.074030087          108 -0.017698179          258  0.080324068          141  0.002985919        32837
151.250  0.019849540          113  0.017448818          257 -0.049481454          151 -0.001564006        33715
153.750  0.050241382          128  0.023045115          229  0.023440476          152 -0.001960163        34465
156.250  0.025412514          134 -0.050200984          266  0.007392036          152 -0.003212218        35191
158.750  0.068190024          112 -0.001266185          259 -0.000499077          145 -0.005503965        36173
161.250  0.066305225          112  0.057204296          253  0.022690391          128 -0.001810443        37063
163.750 -0.057484952          124  0.033702283          235 -0.058607872          136  0.000339767        37365
166.250 -0.063894538          118  0.027116927          264 -0.003659549          125  0.000298502        38201
168.750  0.031107828          124  0.057056833          277 -0.057967044          143 -0.004697086        39134
171.250  0.061140027          113  0.013457222          215 -0.000692917          132  0.000734062        39616
173.750 -0.081216992          103 -0.014200571          247  0.009735494          146  0.000778973        40527
176.250  0.064234373          106 -0.014715202          268 -0.084797518          129  0.004113243        41452
178.750 -0.024496112          101 -0.000943158          235 -0.075584876          125 -0.000084634        41963
181.250  0.096307255          112  0.062787917          215  0.016614582          130  0.001105257        42634
183.750 -0.022922524          102 -0.022181925          240  0.039508872          125 -0.005602909        43831
186.250 -0.089469293           99  0.031421936          241  0.002105911          125 -0.001005513        43777
188.750 -0.099986574           77  0.003108791          231 -0.025800904          105 -0.001829880        45111
191.250  0.024926200           91 -0.021290172          275 -0.023514045          122 -0.005168527        45869
193.750  0.094875690          107 -0.018884981          279  0.002692163          108  0.001018291        46929
196.250  0.084733424          104  0.033852312          230 -0.034633032          133  0.003791756        47344
198.750 -0.109349979          101  0.017152232          279  0.041450120          121 -0.004166516        47930
201.250  0.085577720           96  0.017282809          235  0.091393108          108 -0.000957386        49004
203.750 -0.022515117          105 -0.000760156          251  0.023980047          119  0.002063128        49627
206.250 -0.086027170           98 -0.003835849          275 -0.050444649          130 -0.002716001        50627
208.750 -0.120677865           90  0.020397091          251  0.070960222          111  0.001387444        50698
211.250 -0.008425425           76  0.039160187          227 -0.037975812          108  0.000993358        51471
213.750  0.010958066          106  0.021256957          259  0.080803495           93  0.003474449        52129
216.250  0.049270847           89 -0.002656294          248  0.095985454          104  0.001067459        52930
218.750 -0.102100286           85  0.075726943          257 -0.006416139          114  0.000026215        53755
221.250 -0.006645440           82 -0.021056464          250  0.047212056           86 -0.003269732        54622
223.750  0.102126969           84  0.032466306          271 -0.003222034          101  0.003989379        55296
226.250 -0.012069267           85  0.008283732          255  0.048587611           96 -0.001888325        55480
228.750  0.017767685           87  0.009512096          237  0.040936811          106  0.002091399        56163
231.250  0.091035628           98  0.034184375          232 -0.018419620           93  0.002425360        57016
233.750  0.002119679           80  0.011103494          233  0.043466956          100 -0.001365469        57904
236.250  0.059709130           71 -0.011419588          232  0.060162252           84 -0.000767669        57954
238.750 -0.065443332           86 -0.051577390          233  0.106220369           96 -0.000575182        59255
241.250 -0.037121668           68  0.027184513          243 -0.010238985           81 -0.002053363        60254
243.750 -0.032279588           58  0.040886629          190  0.027554565           93  0.003067111        60354
246.250 -0.009488570           75 -0.019690572          220 -0.002300020           98  0.002665303        61463
248.750 -0.007251904           68 -0.042119981          215 -0.014273759           82 -0.001066640        61622
251.250  0.001247657           79 -0.005765017          194 -0.036125983           86  0.000604109        62069
253.750  0.036974574           80 -0.027375794          231 -0.007527613           97  0.002895821        63040
256.250 -0.030992570           65 -0.036661161          225 -0.021129075           79 -0.002807032        63831
258.750 -0.043472523           74 -0.020580904          199  0.009046450           84 -0.002011972        64382
261.250 -0.050283930           57  0.020491361          208 -0.064547346           80 -0.002005587        64972
263.750 -0.047528523           84 -0.054699594          218  0.024288058           77  0.002861568        65151
266.250  0.078354111           68 -0.004736628          224 -0.047843516           73  0.002446906        65949
268.750  0.028726968           73 -0.066668384          213  0.007564301           81 -0.003320547        66719
271.250 -0.117702809           65 -0.018167274          205 -0.028854356           99 -0.002576083        67281
273.750  0.032958389           78 -0.027836561          192 -0.001853188           54  0.005422013        67793
276.250 -0.062389112           56  0.030767549          211 -0.034457710           80 -0.001839929        69157
278.750  0.059666452           67  0.027943832          224 -0.007358083           75 -0.000680412        69331
281.250 -0.037453687           72 -0.038599116          213  0.066689742           65 -0.000693196        69448
283.750 -0.052309329           64  0.033512208          214  0.073531187           72  0.000474603        70084
286.250 -0.085676953           62  0.025186289          189  0.034604013           63 -0.002611007        70605
288.750 -0.109151793           62 -0.042667155          201  0.040766204           67 -0.002151902        70914
291.250  0.043073719           70  0.044275219          205 -0.000856432           72  0.000704802        71728
293.750  0.111707406           66  0.001696301          184  0.007834628           58 -0.002342683        72058
296.250  0.058615899           69 -0.048954196          186 -0.129083146           63 -0.002520528        72455
298.750 -0.070340640           57  0.020656076          186 -0.018788369           59  0.002078828        72838
301.250  0.018299439           79  0.042173678          199  0.103460912           67 -0.000184161        73537
303.750  0.035322771           63  0.091509066          198 -0.059612115           48 -0.000610402        74204
306.250 -0.112495666           73 -0.046058590          177 -0.027588798           49  0.001963959        74655
308.750  0.088224492           46 -0.019675358          213 -0.006640712           63 -0.000278352        74727
311.250 -0.080359281           61  0.000475093          175 -0.077143908           63  0.001188912        74897
313.750 -0.088243606           64  0.030724531          175  0.066975343           60 -0.002038942        75756
316.250  0.159916774           59  0.042096448          167 -0.129035560           53  0.000677834        75511
318.750  0.064545802           73 -0.007748574          180  0.011029607           46 -0.000578775        76583
321.250  0.030748848           53  0.008229510          171  0.034593041           41  0.001906933        77148
323.750 -0.013901673           62 -0.006775405          186  0.082417102           39 -0.003061711        77129
326.250  0.028151658           62  0.003720131          168  0.051801891           43  0.003797998        77848
328.750  0.039134737           47 -0.027031465          188  0.040590405           44 -0.000762795        78511
331.250  0.009380926           55 -0.040098192          156  0.034997838           44 -0.001312045        78707
333.750  0.044601521           58  0.058904764          180  0.007072750           52  0.000916659        79647
336.250  0.038020507           46  0.043929718          140  0.081530099           48  0.001818241        79240
338.750  0.025378924           59  0.030125565          176 -0.098370300           40 -0.002144871        80205
341.250  0.030461202           65  0.045532503          169 -0.045459989           56 -0.000412010        79975
343.750  0.016603909           77 -0.042709912          176 -0.009287155           57  0.002385306        80849
346.250 -0.120604856           51 -0.025549627          149 -0.025025981           51  0.001166990        80891
348.750 -0.047816261           60  0.037648874          161 -0.098878845           47 -0.000014856        81095
351.250 -0.020797861           66 -0.029662283          179 -0.015716929           63  0.001055321        81337
353.750 -0.083164342           53  0.021506540          138  0.018415662           40 -0.000500015        81812
356.250  0.122756955           43 -0.000699090          142 -0.097123162           43  0.000392220        82148
358.750 -0.020959208           61 -0.001756441          176  0.015150019           34  0.001048145        82370
361.250  0.095472484           49 -0.099123810          130  0.028038259           39 -0.000751994        82239
363.750 -0.119758015           58 -0.046406561          156 -0.151079898           33 -0.001442939        83043
366.250  0.068275072           46 -0.124223786          130  0.007141764           33  0.000802568        83157
368.750 -0.017537332           52 -0.011946943          161 -0.039360202           43  0.000423266        82886
371.250 -0.028411694           57  0.008618192          149 -0.201823825           43 -0.000180918        83451
373.750  0.042687394           42  0.038826605          153 -0.024017606           48  0.000113690        83316
376.250 -0.006093435           57  0.027000541          141 -0.187418903           32  0.001377511        83850
378.750  0.011358058           62  0.029477176          149  0.016639912           30  0.001752526        83654
381.250  0.095499595           52 -0.050109787          112  0.045887340           41 -0.000141659        84172
383.750  0.041392524           45 -0.071902590          142  0.031510541           36 -0.003395485        84768
386.250 -0.088945588           61  0.008968827          164  0.005271997           25 -0.000905181        84619
388.750 -0.157378825           45  0.030026689          126 -0.065866458           37 -0.002096502        85472
391.250 -0.036192729           40 -0.011347439          141  0.020890865           26  0.002239116        85299
393.750  0.023222912           53 -0.013291213          142  0.075652212           22  0.000609446        84953
396.250 -0.034042930           61 -0.004033387          130  0.089543855           41 -0.000275699        85756
398.750  0.083087254           62 -0.059091003          107  0.041887289           25  0.000502412        85681
401.250  0.020978127           63 -0.057502122          123  0.012093640           42 -0.002773151        85527
403.750 -0.117428544           48 -0.042923291          149 -0.153766106           32  0.001304373        85938
406.250  0.015135160           49  0.051825680          137  0.005268431           26 -0.001511216        86054
408.750  0.018206668           67 -0.067288474          123  0.056827866           21  0.003154384        86386
411.250 -0.020602521           61  0.007541691          115 -0.121138989           30 -0.000070430        85933
413.750  0.054594507           52 -0.038473567          137  0.032555528           36 -0.000015018        86163
416.250 -0.022524612           52  0.034410123           99 -0.043941641           27  0.000233228        85918
418.750 -0.005234314           53 -0.043250588          144  0.036444161           21  0.000548520        86552
421.250  0.017444008           47  0.081669591          106  0.087529215           35  0.004167888        85813
423.750  0.007464538           51  0.037394392          111 -0.059801473           30 -0.000161277        86112
426.250 -0.048217809           48 -0.070836761          123  0.103472060           18 -0.001309297        85971
428.750  0.002792211           41 -0.037504323          105  0.102466110           26 -0.003266200        85939
431.250 -0.056655588           50  0.010635624          103  0.076239527           27 -0.002810199        86167
433.750 -0.013302639           35  0.012960218          128  0.083055373           14 -0.000467838        86256
436.250  0.020206586           50 -0.083033054          110 -0.119249675           19  0.000065675        86515
438.750 -0.122443746           58  0.047846052          110 -0.056674719           27  0.000219245        86368
441.250 -0.129455820           49  0.069103359          108 -0.086720508           25  0.000322249        86418
443.750  0.034330380           49 -0.003046381          101 -0.009234431           15 -0.001401137        86263
446.250  0.107791231           45  0.047915790          118  0.056170700           19  0.001924521        86375
448.750  0.014621601           44  0.091669643          110  0.143215926           24 -0.002444707        86303
451.250 -0.064932269           53 -0.054792253           99 -0.224915356           28  0.004212990        86301
453.750  0.311744388           34  0.064948231          102 -0.032829350           22  0.001039037        86126
456.250  0.055340947           47 -0.018074116           98  0.003089082           15 -0.002793492        85919
458.750  0.017057616           42  0.031399666          112  0.006723321           15  0.002165419        86102
461.250  0.050933856           37  0.013992081           95 -0.017742088           19  0.000286013        85965
463.750  0.020151352           43  0.074013660           81 -0.119308565           19 -0.002162292        85459
466.250 -0.083728935           38  0.027403531           93 -0.066751264           18  0.002073624        85531
468.750  0.149308181           51  0.010834947           98 -0.106819119           20  0.000769365        85057
471.250 -0.009805474           49  0.001178620          105 -0.166065804           18 -0.001300057        85572
473.750 -0.078292092           55 -0.056329984           85  0.007201815           14  0.000816104        85547
476.250 -0.100298829           52  0.062382453           80 -0.329923163           20  0.001074659        85535
478.750  0.038894273           40 -0.035938792           81 -0.098612481           16  0.001725014        85097
481.250 -0.092029225           33  0.058881329           93  0.007894040           18 -0.001367720        84959
483.750  0.029371798           23 -0.131277918           95  0.103164557           19  0.001288570        84443
486.250 -0.018587021           41 -0.027605634           91  0.051074097            9 -0.002032786        84419
488.750 -0.238090403           29 -0.014134309           78 -0.118414596           10  0.000238578        84708
491.250  0.040712279           35 -0.008478651           97  0.073083235           12 -0.000032790        84299
493.750  0.195168986           43  0.022674880           88  0.297451558           15  0.000137111        84304
496.250 -0.069555466           50  0.024392289           71  0.097314456           10  0.002771208        83994
498.750  0.012575915           48  0.002818638           91  0.072118093           18 -0.001001933        83977
