#   q     Cout       Nout      Cside       Nside       Clong        Nlong
  1.250  0.189416971        22896  0.152615432        21436  0.180715781        21972 -0.138261587          796
  3.750  0.188351387        22320  0.176367186        21518  0.196093681        21657  0.141417727         5463
  6.250  0.175658454        21989  0.192876015        21509  0.197798599        21974  0.208661590        14713
  8.750  0.164445356        21096  0.173544031        21546  0.171767487        21617  0.178429372        27974
 11.250  0.145438031        20556  0.159555778        21452  0.133370627        20882  0.134100389        44948
 13.750  0.111731954        20164  0.126999083        21560  0.098146019        20919  0.096208740        65644
 16.250  0.088791522        19655  0.096323068        21382  0.062526054        20813  0.057828740        89185
 18.750  0.069837337        18830  0.073182801        21620  0.042288377        20609  0.035757697       115691
 21.250  0.045678519        18855  0.051435055        21737  0.026730631        20262  0.019093614       145669
 23.750  0.040311854        18201  0.029754077        21521  0.020717452        20379  0.011961770       176394
 26.250  0.018343193        17538  0.016134944        21595  0.011242813        19946  0.005919122       211105
 28.750  0.003869048        17126  0.011914474        21215  0.008604344        19756  0.001617379       245559
 31.250  0.001097259        16802  0.005519022        21408  0.004979797        19676  0.000804439       282324
 33.750  0.000454729        16274  0.005838873        21390 -0.004817086        19468 -0.000576860       321208
 36.250 -0.008942331        16025  0.008165629        21369  0.000682211        19460 -0.001833793       360141
 38.750  0.001138323        15795 -0.004947432        21456 -0.003074854        18844 -0.001987280       399553
 41.250 -0.007552755        15199  0.001727729        21631 -0.001565190        18719 -0.002362834       441069
 43.750 -0.004962093        14756  0.004485576        21819 -0.005131224        18286 -0.001595731       481763
 46.250 -0.009449122        14443 -0.004796269        21518  0.001390765        18084 -0.001793042       523674
 48.750 -0.015094278        14397  0.000892487        21384 -0.006065777        17882 -0.000568824       565009
 51.250 -0.006965502        13617 -0.000077318        21688  0.001548712        17850  0.000514515       608128
 53.750 -0.015643250        13504 -0.000276612        21512  0.001584130        17382 -0.000955120       648394
 56.250 -0.009600703        13122 -0.002205414        21509 -0.004793576        17265  0.000748835       689065
 58.750 -0.012822261        12937  0.002679028        21627 -0.001675274        16712 -0.001927892       730551
 61.250 -0.005456408        12237 -0.006844553        21521 -0.007708798        17009 -0.002158200       770670
 63.750 -0.011246999        12178  0.000824450        21578  0.003548134        16349 -0.000929413       811087
 66.250 -0.007111583        11854 -0.006471063        21630 -0.004546843        16443 -0.000375501       849814
 68.750 -0.013454578        11545  0.002964493        21753 -0.002555904        16110 -0.001316709       890758
 71.250  0.004141148        11216  0.000071181        21608 -0.009860289        15727  0.000534635       928016
 73.750 -0.013165124        11106 -0.008456268        21752  0.000027170        15676 -0.001732447       964998
 76.250 -0.002401124        10855  0.005802874        21674 -0.000584491        15384 -0.000105303      1003002
 78.750  0.003527172        10521 -0.004534301        21484  0.004670424        15175 -0.000016653      1040851
 81.250 -0.014489987        10253  0.005046269        21634 -0.001244705        15092 -0.000161840      1075868
 83.750 -0.005205798         9896  0.001988813        21498 -0.004287352        14831  0.000013153      1110323
 86.250 -0.009923286         9981 -0.008167559        21484  0.001918247        14483  0.000292817      1143699
 88.750 -0.002549712         9617 -0.006342108        21820  0.001105415        14105 -0.000198103      1179510
 91.250 -0.003167473         9252  0.004497914        21717 -0.009903167        13895 -0.000635969      1210941
 93.750 -0.001734876         9205 -0.005302859        21654 -0.003294306        13792  0.000467084      1240847
 96.250 -0.007767793         9026 -0.006404176        21786  0.003092747        13565 -0.000176788      1274901
 98.750 -0.002736856         8692 -0.006229018        21661  0.000093034        13082 -0.000804794      1304887
101.250 -0.010819587         8462  0.001203692        21706  0.002844390        13045  0.000277673      1331981
103.750 -0.000958882         8537 -0.006775711        21885  0.000592725        12785 -0.000281346      1363064
106.250  0.004877857         7901  0.000858118        21707  0.004199294        12441 -0.000626314      1389466
108.750 -0.021110415         7981 -0.002711035        21768 -0.005810181        12593 -0.000344001      1419721
111.250  0.001586363         7744  0.003737284        21682  0.003964876        12198  0.000203430      1448751
113.750  0.007556273         7471 -0.006636634        21760  0.007867620        11809 -0.000502075      1475652
116.250 -0.013913089         7428  0.002800549        21858  0.010111187        11681 -0.000555288      1499556
118.750 -0.004149953         7284 -0.008972173        21861 -0.003975565        11602 -0.000963088      1529110
121.250  0.006291346         7156  0.000264797        21853 -0.002870320        11217 -0.000194710      1549816
123.750 -0.007546940         6898 -0.004375706        21916 -0.009328023        10965 -0.000591947      1577809
126.250 -0.008740717         6802 -0.001253844        21858  0.000754507        10898 -0.000390196      1604049
128.750 -0.023527628         6697 -0.001906761        21999 -0.006270571        10682  0.000077397      1627718
131.250  0.002876074         6372  0.005386843        21703  0.001376771        10361 -0.000764745      1653124
133.750 -0.004841629         6350  0.002396101        21873  0.005757520        10061 -0.000303752      1673436
136.250 -0.008963192         6249 -0.005415491        22014 -0.007261645         9994 -0.000665926      1695839
138.750 -0.012564263         5949 -0.001305233        21783  0.013541084         9903 -0.000516320      1716430
141.250 -0.003798233         6048 -0.007394914        22068  0.008857121         9659 -0.000728110      1742325
143.750 -0.007458044         5844  0.000367737        21888  0.007532119         9382 -0.000140585      1764148
146.250 -0.003480306         5590  0.004348985        22025  0.009331666         9179 -0.000651484      1786372
148.750 -0.001832821         5579  0.002541473        22126 -0.002469470         8954  0.000996552      1807174
151.250  0.007635915         5323 -0.005610751        22005  0.005061630         8619  0.000044273      1829334
153.750 -0.012986014         5261 -0.001930688        22149 -0.003974408         8615  0.000260389      1851605
156.250  0.004109692         5216 -0.002612104        21885  0.003287082         8408  0.000013015      1872648
158.750 -0.007945062         5057 -0.003132219        22110 -0.000451878         8072  0.000033469      1891316
161.250 -0.012265958         4874 -0.006444155        22247 -0.010702747         8063  0.000494210      1913030
163.750 -0.013385809         4830 -0.000217040        22403 -0.005865960         7705  0.000135906      1933362
166.250 -0.001460060         4624 -0.000236892        22211  0.002550686         7530  0.000069077      1956903
168.750 -0.005562820         4686 -0.002346030        22203 -0.001820720         7398 -0.000594916      1974800
171.250  0.001927236         4465 -0.000698253        22210 -0.007615707         7269 -0.000308033      1995304
173.750  0.004801378         4501  0.001340964        22185 -0.003888914         7033  0.000481487      2017598
176.250 -0.016887221         4446  0.005157770        22440  0.006939845         6904  0.000062912      2037501
178.750 -0.000960571         4186 -0.002326746        22255 -0.006094883         6667 -0.000446737      2057563
181.250 -0.001408152         4005 -0.002627175        22106 -0.002022768         6363  0.000003033      2079978
183.750  0.009816549         4108  0.004964420        22576  0.002626490         6387 -0.000097669      2099846
186.250 -0.011643215         3985 -0.000711220        22394 -0.005711815         6191 -0.000144400      2118089
188.750  0.003311830         3985 -0.000852575        22634 -0.006450318         5965  0.000319969      2141007
191.250 -0.003327820         3841  0.001750385        22560  0.001769693         5807 -0.000078546      2163550
193.750 -0.021103579         3755 -0.002290935        22628  0.004535067         5703 -0.000229984      2184135
196.250 -0.001840829         3587  0.002987075        22930 -0.007360616         5436  0.000250891      2207815
198.750 -0.004928668         3571  0.004269598        23049  0.006713302         5261 -0.000097353      2230335
201.250  0.010835779         3609 -0.000453554        22932 -0.004331272         5075  0.000308238      2254138
203.750  0.010882161         3511 -0.003900913        22203 -0.002185953         5028 -0.000261802      2283964
206.250  0.015297992         3300  0.003250060        21797  0.004603153         4817  0.000029447      2309508
208.750  0.008838397         3404  0.000732208        21083 -0.002020197         4595 -0.000227029      2336509
211.250  0.016080018         3300  0.001079174        20648 -0.007675823         4418 -0.000097374      2367720
213.750 -0.009428499         3188 -0.001751112        20192  0.001290141         4460  0.000024949      2393810
216.250 -0.001648515         3200  0.003128903        19666 -0.007080720         4362 -0.000023055      2419678
218.750 -0.010496990         3162 -0.001771824        19140  0.011493737         4042  0.000925289      2446882
221.250 -0.004998089         3086  0.002666188        18540 -0.008052248         3845  0.000301236      2474098
223.750  0.011416801         3152 -0.003674561        18106  0.004518641         3743 -0.000621199      2497949
226.250 -0.000810076         3057  0.001642948        17539  0.003558599         3594 -0.000106918      2521436
228.750 -0.007419816         3105 -0.000477407        17427  0.006649456         3460  0.000432400      2545284
231.250 -0.011634897         3128  0.000348208        16721 -0.006831632         3368  0.000124434      2571187
233.750 -0.014897704         2980  0.000434508        16480 -0.004118353         3282  0.000184702      2590369
236.250 -0.018383947         3054 -0.000140042        16153  0.004016347         3155 -0.000118390      2610478
238.750  0.003482202         3053  0.001696774        15599  0.002327940         3162  0.000017910      2635250
241.250 -0.015087738         3088 -0.008721589        15077  0.003350708         2913 -0.000334937      2651903
243.750 -0.006925386         3085  0.003489861        14932 -0.005548025         2727  0.000006072      2667088
246.250 -0.011488044         3023 -0.000265960        14292 -0.001056899         2823 -0.000052088      2687523
248.750 -0.005725611         3091 -0.003671709        14171 -0.007756916         2632 -0.000174677      2705888
251.250 -0.006355073         3026  0.002749757        13523 -0.003497279         2529  0.000103040      2718069
253.750  0.000978683         2959 -0.001327147        13290 -0.001097086         2446  0.000235503      2733251
256.250 -0.014162652         3015 -0.000472141        13138 -0.004755267         2347  0.000198441      2746496
258.750  0.014873310         3027 -0.001319579        12692  0.015909912         2310  0.000167072      2758757
261.250  0.015223269         3054  0.002629231        12309  0.008219645         2256  0.000999074      2770351
263.750 -0.007986838         3063  0.005399532        11953  0.009219052         2101 -0.000490636      2779203
266.250  0.003741188         2968 -0.004698690        11840  0.005771713         2061  0.000318530      2788549
268.750  0.005315718         3045 -0.000673360        11448 -0.009302660         2018 -0.000174237      2797053
271.250 -0.002814775         3095 -0.000727389        10925 -0.005280232         1962 -0.000457360      2803876
273.750 -0.007206425         3090  0.009636307        10774 -0.009241777         1867 -0.000385384      2813509
276.250  0.004293071         3003 -0.001698728        10408  0.006547034         1856  0.000243092      2814756
278.750 -0.006972340         3034  0.003471630        10124  0.010491639         1852 -0.000469914      2817862
281.250 -0.000403349         3073  0.003674103         9999 -0.011508327         1723  0.000251093      2823168
283.750  0.019647707         3115  0.001230311         9801 -0.001598653         1661  0.000265603      2824285
286.250 -0.010434989         2949 -0.005926717         9344 -0.016676758         1594  0.000196146      2827340
288.750  0.003366693         3070 -0.002571083         9036 -0.002676471         1528 -0.000324687      2829487
291.250  0.007334673         2987 -0.003009953         8809  0.003757863         1532  0.000508991      2826266
293.750  0.002248794         3037 -0.005942533         8681  0.023502426         1498 -0.000457883      2825625
296.250  0.013603763         2953 -0.000403512         8551 -0.000353629         1421  0.000100042      2825208
298.750  0.001334184         3055  0.000195872         8401  0.010614369         1379  0.000087534      2821165
301.250 -0.017922059         3023 -0.004724064         8001 -0.017512481         1295 -0.000066061      2819228
303.750  0.003047344         2959  0.001820966         7817  0.000374852         1239 -0.000471749      2813704
306.250  0.005578938         2985 -0.005417876         7593  0.010976107         1248 -0.000117261      2807423
308.750 -0.004624449         3066 -0.000157630         7366 -0.001431921         1194 -0.000074832      2801469
311.250 -0.000478928         3046  0.008774867         7140  0.020934377         1128 -0.000185379      2794963
313.750 -0.004278060         2967 -0.002223303         7028  0.006934065         1065  0.000019656      2785641
316.250 -0.005854941         2957  0.000212603         6944 -0.002142330         1044  0.000226680      2777187
318.750 -0.002531365         2964  0.003167704         6604 -0.009059570         1071  0.000216445      2764776
321.250  0.005152337         2912 -0.002436785         6518  0.005759179         1032  0.000177328      2760067
323.750  0.000787627         2932 -0.003998317         6273 -0.010811088          970  0.000225234      2750566
326.250  0.004203962         2980  0.001103936         6130  0.014349538          965 -0.000231901      2741693
328.750 -0.001707371         2955  0.001233100         6104 -0.008958873          888 -0.000064194      2729924
331.250 -0.006255586         2791 -0.003007568         5863  0.004514460          861 -0.000143735      2716498
333.750 -0.020028742         2856 -0.009148258         5742 -0.003631863          819 -0.000179594      2706624
336.250  0.002267108         2837 -0.008897910         5568 -0.007156153          858  0.000062155      2694089
338.750 -0.002639552         2726  0.007770720         5585  0.006031754          811 -0.000046996      2681099
341.250  0.002667872         2841  0.010767958         5207  0.013348104          763  0.000042211      2664531
343.750  0.014629773         2827  0.010025586         5110  0.008692117          801  0.000008720      2651394
346.250 -0.004562003         2811  0.008222568         5102 -0.007100370          709  0.000241773      2634796
348.750  0.001356057         2721  0.001174359         4887 -0.009286193          686  0.000055473      2621362
351.250 -0.002627812         2791 -0.006159847         4700 -0.039327881          696  0.000349120      2601720
353.750 -0.020780208         2743  0.001515207         4605 -0.023166600          717  0.000230522      2587119
356.250  0.014502692         2765 -0.007841508         4431 -0.002564933          643 -0.000538529      2574438
358.750  0.008846271         2554  0.012706332         4392 -0.013228442          599 -0.000113347      2554812
361.250 -0.001062706         2763 -0.004905886         4223 -0.039106559          612 -0.000024669      2536415
363.750  0.002128525         2609  0.002172634         4225  0.005687366          586 -0.000054570      2519950
366.250  0.009573656         2670  0.007302682         4062  0.020391648          560 -0.000067862      2499204
368.750 -0.018110027         2616  0.005623143         4080  0.001762624          577 -0.000192781      2487471
371.250  0.002030153         2580 -0.001782983         3923  0.003137381          500  0.000315994      2468014
373.750 -0.003516339         2654  0.010464132         3765 -0.011107806          545  0.000244697      2449394
376.250  0.007244828         2676  0.014528670         3651 -0.001885561          523 -0.000223166      2426278
378.750 -0.002085279         2549 -0.003050750         3566  0.001412975          465 -0.000215484      2409864
381.250  0.010350945         2534 -0.007485744         3525 -0.014033544          411 -0.000132208      2392183
383.750 -0.008223989         2504  0.000910584         3333 -0.034108886          459 -0.000076232      2372249
386.250  0.013603203         2495 -0.012721043         3353 -0.002761431          467 -0.000390712      2355405
388.750 -0.001687166         2556  0.014586529         3189  0.043465648          437  0.000068568      2334703
391.250  0.001313294         2490 -0.002341272         3147 -0.006100599          428  0.000061658      2314458
393.750 -0.000483884         2463  0.002616362         3095 -0.017644158          430  0.000387753      2292947
396.250  0.001451175         2403 -0.009461412         2966  0.028433359          366  0.000004528      2272154
398.750  0.013629336         2267  0.003012073         2911 -0.002273223          405  0.000180468      2255635
401.250 -0.003121641         2439  0.005621196         2773  0.003735908          392  0.000383533      2230651
403.750 -0.000969593         2340  0.000351397         2694  0.032884346          370  0.000050221      2210298
406.250  0.005087688         2397  0.004979197         2654  0.029585257          321  0.000172638      2191066
408.750  0.004910264         2302 -0.005703169         2629  0.021294885          361  0.000346953      2169664
411.250  0.020954788         2161  0.003983476         2575 -0.021590131          319  0.000047208      2151620
413.750  0.007781275         2145  0.001545556         2487  0.020222471          305 -0.000107808      2132074
416.250  0.001070966         2214  0.009022964         2397  0.015526737          330  0.000594876      2107654
418.750 -0.006700570         2236 -0.005273517         2358  0.013228722          298 -0.000141840      2087085
421.250  0.005998823         2155  0.008611842         2269  0.089013405          252  0.000455338      2069258
423.750 -0.008502151         2153  0.001056002         2257 -0.023864668          281  0.000274919      2047249
426.250 -0.003468280         2020 -0.006670103         2274 -0.033599666          279  0.000165112      2023833
428.750 -0.007365951         2178  0.003879481         2085 -0.016690260          295  0.000456403      2004326
431.250 -0.004689021         2040 -0.007659016         2053 -0.032189275          242 -0.000384038      1982772
433.750  0.010211316         2082  0.001884481         1969  0.013240044          255  0.000443745      1962269
436.250  0.000872424         2072  0.004938368         1946 -0.020909262          274 -0.000105142      1940554
438.750  0.006775524         2008 -0.014014808         1912 -0.010726717          236 -0.000480315      1919955
441.250  0.001303728         2021 -0.003783578         1956  0.010849490          229 -0.000226090      1901361
443.750 -0.004559167         2009 -0.003851566         1847 -0.030404401          213  0.000045191      1880070
446.250  0.003555356         1958  0.002035544         1711  0.003324628          224 -0.000011402      1859807
448.750  0.018316982         1942  0.005860050         1674 -0.000566933          220  0.000257436      1838536
451.250 -0.010911912         2004  0.005075531         1605  0.045621063          225  0.000010653      1815202
453.750  0.018933137         1890 -0.020875554         1607  0.012486078          239  0.000118231      1796223
456.250 -0.014740205         1815 -0.010137652         1591 -0.046596470          198  0.000210817      1773761
458.750  0.004010494         1864  0.003770680         1576  0.015805912          194 -0.000454317      1757393
461.250  0.014512743         1807  0.013481701         1532  0.018761251          208  0.000143030      1731894
463.750  0.020099294         1791 -0.002551408         1524  0.008369149          170  0.000334173      1713811
466.250 -0.018032443         1782  0.008949150         1487  0.001460016          144  0.000098795      1696279
468.750 -0.027039579         1818 -0.012016870         1411  0.001123540          167  0.000260710      1676357
471.250 -0.005512988         1727 -0.007932401         1388  0.020867066          167  0.000772376      1653936
473.750 -0.014066456         1789  0.006816392         1411  0.025293602          166  0.000479073      1635313
476.250  0.000418776         1758  0.001905663         1258 -0.039683414          153  0.000229623      1614771
478.750 -0.012715561         1672  0.014269547         1324 -0.010635112          142  0.000019455      1597556
481.250  0.008114899         1663  0.003037255         1289 -0.017210148          148  0.000585251      1576370
483.750  0.000831618         1663 -0.017433790         1220 -0.006683061          139  0.000465045      1559871
486.250  0.004131724         1659 -0.021514293         1199 -0.040418155          154 -0.000318799      1539073
488.750  0.010905574         1562  0.014981542         1214  0.007738484          144 -0.000287516      1521327
491.250  0.004786202         1643 -0.022009266         1157 -0.096911328          121 -0.000407834      1499382
493.750  0.006960446         1602  0.000401339         1110  0.011657663          123  0.000352093      1484958
496.250  0.019870008         1552  0.008207471         1057 -0.015592451          117  0.000378967      1463149
498.750 -0.009980129         1478  0.018809352         1063  0.023178885          114  0.000212509      1445621
