#   q     Cout       Nout      Cside       Nside       Clong        Nlong
  1.250  0.188052300        23084  0.156289807        21836  0.187599600        22110 -0.151037441          824
  3.750  0.187920001        22329  0.173862969        21739  0.201714047        21884  0.140985925         5600
  6.250  0.184409353        21894  0.187650208        21449  0.196572559        22025  0.211421854        14821
  8.750  0.163613387        21396  0.188364218        21499  0.166040773        21530  0.179456482        28177
 11.250  0.141625547        20923  0.163487633        21684  0.139671086        21080  0.131523773        44991
 13.750  0.122572860        20313  0.124989897        21732  0.099365411        21310  0.096359870        65713
 16.250  0.093855171        19592  0.100419931        21501  0.082478472        20809  0.064025224        89200
 18.750  0.065792384        19071  0.080912049        21599  0.035610450        20472  0.036316707       116592
 21.250  0.046550845        18523  0.050611473        21435  0.025593777        20344  0.020520059       145303
 23.750  0.030928835        18274  0.031915780        21417  0.015168984        19862  0.009351020       176763
 26.250  0.012202195        17564  0.012437564        21398 -0.002701095        19768  0.004753597       209953
 28.750  0.009615512        17567  0.005756665        21648  0.000763011        19604  0.000576006       246268
 31.250 -0.006837457        16780  0.002262954        21233  0.005611595        19702 -0.001932423       283215
 33.750 -0.000725400        16482  0.002545614        21514  0.004333433        19313 -0.000581857       320155
 36.250 -0.006316992        16080  0.002596703        21570  0.002176793        19412 -0.002350426       359664
 38.750 -0.010889041        15798  0.002569253        21510  0.004200342        18918  0.000220808       401407
 41.250 -0.006344467        15174  0.008956173        21773 -0.005256152        18743  0.000443913       440701
 43.750 -0.012923931        14887  0.007158143        21497  0.001145906        18392  0.001105218       481253
 46.250 -0.003862995        14545 -0.002235875        21299 -0.002233267        18299 -0.001111935       523539
 48.750 -0.002053904        14132  0.002532318        21417  0.000867594        17781 -0.001759212       564597
 51.250 -0.013662464        14015  0.001596570        21601  0.009710518        17905 -0.001917069       607311
 53.750 -0.005855384        13401  0.003578767        21543  0.002057279        17649 -0.000558893       647769
 56.250 -0.005430462        12900  0.005645534        21501  0.003346166        17243  0.000850003       689407
 58.750 -0.000298257        12827 -0.002126694        21285 -0.003883552        17253 -0.000130983       730533
 61.250 -0.018759326        12547 -0.002049836        21477 -0.003079875        16903 -0.000265486       771779
 63.750 -0.007248051        12143 -0.003057445        21404 -0.009776383        16566 -0.001022753       809924
 66.250 -0.002840203        11867 -0.006568962        21518 -0.000546846        16264 -0.000145487       850717
 68.750  0.002443413        11602 -0.000133433        21612  0.003016826        16214  0.000507598       889886
 71.250  0.001419685        11152  0.005219976        21509 -0.004556049        15879 -0.000558012       928785
 73.750 -0.002529329        11110  0.001128195        21668  0.005801033        15450  0.001133412       966198
 76.250  0.006096626        10812  0.004729144        21776 -0.002757333        15374  0.000521901      1004198
 78.750 -0.005713562        10498 -0.001008877        21629  0.007306706        15148 -0.000674662      1038189
 81.250 -0.013525427        10362  0.003049466        21580 -0.001365135        15150 -0.000461704      1076270
 83.750 -0.006299876        10109 -0.008958549        21603 -0.000902914        14958  0.000585809      1111417
 86.250 -0.007541800         9728  0.001167864        21704 -0.003519392        14339 -0.000057038      1142882
 88.750 -0.001976406         9502  0.004037201        21639 -0.005451574        14282 -0.000137865      1177051
 91.250 -0.002329146         9497 -0.003260662        21791  0.002121049        14117 -0.000028270      1210323
 93.750 -0.007267718         9109  0.000263246        22100  0.001761872        13875 -0.000026749      1242232
 96.250  0.001174184         8872 -0.001363975        21979 -0.009742530        13455 -0.000668298      1273160
 98.750 -0.004020970         8517  0.000170085        21828 -0.005028687        13198 -0.000386725      1303632
101.250  0.003132154         8521 -0.007296038        22022  0.001195757        13186 -0.000586220      1333752
103.750 -0.007972309         8450  0.003159099        21647  0.000794497        13129 -0.000459905      1364012
106.250  0.007397591         8118 -0.002926933        21699 -0.003990031        12514 -0.000304719      1391482
108.750  0.004114112         7986  0.003540301        22081  0.009883701        12479  0.000302930      1420897
111.250  0.004703829         7506  0.005959068        21912 -0.003336354        12350  0.000314982      1448200
113.750 -0.007515069         7665 -0.000030786        21760 -0.004306564        12072 -0.000912790      1475155
116.250 -0.017888250         7541  0.002401598        21697  0.016222735        11699 -0.000323035      1501251
118.750  0.003151331         7159 -0.003160523        21594  0.007086580        11607 -0.000659447      1526846
121.250 -0.003255500         7050  0.006513645        21568  0.006440456        11280 -0.000151973      1549759
123.750 -0.009144658         6930  0.003836845        21891  0.012813899        10994  0.000099085      1574812
126.250 -0.020112225         6693 -0.004234986        21715  0.003610483        10670 -0.000609532      1604483
128.750  0.002334370         6466  0.003359615        22384 -0.004916594        10606 -0.000609317      1626547
131.250 -0.000895317         6475  0.004403515        21993  0.006729245        10349 -0.000530568      1649787
133.750 -0.000746531         6239 -0.009319214        21643  0.000623303        10237 -0.000471086      1674772
136.250 -0.007159533         6190 -0.006766859        21978  0.001187789         9853  0.000330423      1697000
138.750 -0.004408097         6035  0.006865497        21851 -0.004218954         9795 -0.000800986      1722037
141.250 -0.017898572         5908 -0.005054606        21988 -0.006841429         9417 -0.000391452      1739522
143.750 -0.017638416         5845 -0.002250641        21864 -0.005019752         9438  0.000383621      1765377
146.250  0.004109603         5674 -0.003687369        21973  0.006978804         9334 -0.001224516      1786347
148.750 -0.003183567         5348 -0.002338011        21985  0.002291859         9108  0.000438374      1808975
151.250 -0.000858223         5292 -0.000859822        22067  0.001173988         8596 -0.000075756      1828750
153.750  0.000139281         5238  0.002546527        22196 -0.003850494         8671  0.000080634      1851762
156.250  0.008063005         5183 -0.004858865        21960 -0.003060155         8385  0.000657489      1872948
158.750  0.000724232         5058 -0.001070837        22168  0.005876751         8197  0.000163416      1894078
161.250 -0.005704837         4858  0.003677987        21750  0.007224709         7962  0.000421000      1915287
163.750 -0.002280731         4796 -0.002225896        22087 -0.001147949         7842  0.000238890      1935247
166.250 -0.001048741         4628  0.002758188        22175 -0.001332063         7510  0.000089092      1954399
168.750  0.000317985         4521  0.002474018        22227  0.002324382         7298  0.000224770      1973252
171.250 -0.011068432         4636  0.002268131        22024 -0.008182495         7216 -0.000078967      1994081
173.750  0.008007318         4379  0.002730168        22181 -0.006212374         7147 -0.000401027      2016710
176.250 -0.029302725         4397  0.003958878        22407 -0.002554107         6885 -0.000547202      2036089
178.750  0.000918885         4211  0.000531415        22389  0.002029763         6789  0.000226496      2056565
181.250 -0.016768031         4146 -0.000159166        22111  0.006313178         6543 -0.000220073      2076937
183.750  0.003366280         4109  0.005484770        22469 -0.003012084         6407 -0.000139402      2096962
186.250  0.002514095         4020  0.002134780        22523 -0.001403378         6000  0.000095043      2116331
188.750 -0.010911792         3846 -0.001454141        22318  0.000773818         6005 -0.000228678      2141012
191.250  0.002398223         3771  0.004166692        22248  0.002408062         5783 -0.000383655      2161977
193.750 -0.007328993         3763 -0.002830832        22677 -0.002032199         5594 -0.000004565      2184404
196.250  0.005949006         3593  0.001504972        22731  0.000835575         5260 -0.000003152      2206718
198.750 -0.011796555         3512  0.006686339        22823 -0.006386988         5365  0.000589182      2230249
201.250  0.005296200         3446 -0.001663047        22659  0.007329535         5102  0.000299956      2256441
203.750 -0.012263083         3321 -0.001058194        22294 -0.007523169         4852  0.000107842      2283695
206.250 -0.003971609         3309 -0.005710096        21534 -0.000377284         4740 -0.000465863      2307071
208.750 -0.014452958         3264 -0.003656335        21337 -0.001624797         4622  0.000647968      2339333
211.250  0.001495804         3285  0.005039216        20719  0.004076522         4390  0.000174955      2365423
213.750  0.010241222         3323 -0.005264480        19847 -0.001076790         4266 -0.000329395      2390040
216.250 -0.001146574         3165  0.001048628        19765 -0.009556494         4222  0.000285254      2419629
218.750 -0.003819833         3256 -0.001260325        19173 -0.008128057         4025 -0.000220372      2443523
221.250  0.016860618         3138  0.002549129        18419  0.006592059         3866 -0.000297720      2470551
223.750  0.021045972         3035 -0.003383124        18103 -0.009724191         3691 -0.000101389      2495858
226.250 -0.007481778         3078 -0.002948519        17602 -0.011302496         3583  0.000110078      2520559
228.750 -0.007233239         3034  0.002043501        17096  0.009028789         3475  0.000007751      2545711
231.250 -0.016325793         3124 -0.000741692        16897 -0.005403473         3410  0.000127389      2568913
233.750 -0.002841101         3094 -0.003898798        16452 -0.008599253         3219  0.000257786      2594158
236.250  0.006255172         3037 -0.001709936        15932 -0.010093220         3166 -0.000176277      2613576
238.750 -0.005403341         2943  0.001186164        15494 -0.011490974         3077  0.000051736      2629034
241.250  0.010494580         2969  0.003303814        15229  0.002167287         2949  0.000039894      2651474
243.750  0.002417158         3055 -0.001212577        14513  0.005465382         2902  0.000063645      2668519
246.250  0.004213434         3176 -0.000261766        14489 -0.019351417         2671 -0.000214605      2688752
248.750 -0.002259559         3001 -0.005128286        13998 -0.003478771         2668 -0.000640700      2702805
251.250 -0.000735216         2929  0.006862102        13736  0.006302755         2581 -0.000263311      2718507
253.750  0.004238472         3042 -0.005188749        13198 -0.006446647         2508  0.000120348      2731843
256.250 -0.030163661         2992  0.003150636        12752  0.001817792         2332 -0.000028293      2746258
258.750 -0.007160218         3085 -0.005963219        12681  0.009323693         2314 -0.000309942      2758683
261.250 -0.007409169         2981 -0.004376428        12221  0.001549680         2252  0.000047583      2772932
263.750  0.015213594         2950  0.001224021        11696  0.002998032         2187 -0.000124586      2781934
266.250  0.003912896         3024  0.006320256        11518  0.000357786         2100  0.000358252      2788755
268.750  0.004003833         3046 -0.003247378        11286  0.003473256         1972 -0.000515501      2795741
271.250 -0.005252170         3023  0.001292517        11004 -0.010054783         2012 -0.000088773      2804398
273.750  0.003490426         3053 -0.011513139        10776 -0.012532304         1992 -0.000616124      2811985
276.250  0.007965887         2963 -0.001552346        10470  0.003919137         1768 -0.000033184      2812099
278.750 -0.012036492         3055  0.000326863        10212 -0.016923982         1825 -0.000120887      2821854
281.250  0.002612564         3123  0.000904441         9872  0.001848992         1709 -0.000161104      2823980
283.750 -0.001261791         3076  0.004986135         9780  0.015541031         1691  0.000144281      2823251
286.250  0.006185150         3022 -0.007419603         9199 -0.002747020         1575  0.000473697      2826076
288.750  0.009124388         3076 -0.002343633         9219 -0.011335125         1561  0.000297880      2826997
291.250  0.006375211         3040 -0.003005917         8838 -0.002381079         1432  0.000101674      2827912
293.750  0.000673260         3049 -0.001428754         8631  0.019671294         1448 -0.000036381      2831193
296.250 -0.007635292         3081  0.000487791         8455 -0.007929565         1406  0.000023722      2823109
298.750 -0.005279200         2956 -0.002961307         8346  0.004771277         1341  0.000088517      2821250
301.250 -0.001926249         2940 -0.000713264         8026 -0.013774123         1335  0.000112948      2816950
303.750 -0.000698679         2982  0.000088633         7885 -0.003835428         1320  0.000391099      2812872
306.250 -0.005816836         2966 -0.005426365         7609 -0.017789166         1254  0.000258763      2808099
308.750  0.009474450         3049 -0.005597528         7272 -0.022786443         1192  0.000467226      2802221
311.250 -0.001067408         2980 -0.002789948         7180  0.002318273         1146  0.000063347      2795005
313.750 -0.017508331         2955 -0.004943708         6954 -0.005242785         1140  0.000059158      2790194
316.250 -0.007976678         2991  0.009243433         6810 -0.003183106         1087 -0.000097891      2780325
318.750 -0.006850459         2901 -0.005013740         6737  0.008620117         1049  0.000040068      2770037
321.250 -0.011629182         2927  0.000806376         6501 -0.002103642          995  0.000170844      2761299
323.750  0.006044891         2975 -0.005042395         6347  0.000024694          982  0.000098113      2750723
326.250  0.006279038         2874  0.006660928         6093 -0.007564681          990 -0.000445012      2739614
328.750 -0.000042112         2795 -0.007000647         5974 -0.002012952          925 -0.000218703      2728667
331.250 -0.012153108         2946 -0.009066797         5916  0.010332425          913  0.000004824      2717241
333.750 -0.016815701         2902  0.000754612         5736 -0.018510888          874 -0.000385973      2706789
336.250 -0.009622757         2870 -0.000073416         5581  0.011777515          830 -0.000156067      2690804
338.750  0.013065099         2868  0.010392993         5284 -0.010889407          785  0.000000400      2679082
341.250 -0.010037727         2820  0.010229495         5236  0.006005282          790  0.000484026      2665686
343.750  0.012037993         2859 -0.003489522         5076 -0.002293122          767 -0.000317184      2652713
346.250 -0.003253875         2815 -0.001099100         4979 -0.017448977          753  0.000101958      2636270
348.750 -0.005988737         2707 -0.006325049         4783  0.005158222          756  0.000357031      2619847
351.250 -0.017371573         2771 -0.002691670         4679  0.000397956          703 -0.000163088      2605864
353.750 -0.016093414         2720 -0.007326657         4592  0.027392190          632 -0.000155569      2589819
356.250  0.005399245         2706  0.003586336         4410 -0.026109176          624 -0.000094887      2574151
358.750 -0.001758272         2816 -0.002431175         4408 -0.005536290          639 -0.000116531      2555315
361.250 -0.005531022         2734 -0.000834870         4355  0.028939868          601  0.000005446      2541231
363.750 -0.007148363         2600  0.003658687         4209 -0.011311641          549  0.000253343      2518597
366.250  0.014036013         2775 -0.007453717         4021 -0.000363578          557 -0.000028747      2501275
368.750  0.003758398         2685 -0.002476208         4045  0.002138381          550 -0.000193994      2485889
371.250 -0.007662040         2568 -0.005590974         3785 -0.003673785          526  0.000452475      2466755
373.750  0.002438978         2570 -0.000348716         3649  0.003316756          537  0.000280631      2445560
376.250 -0.014994614         2537 -0.002768204         3758 -0.017485857          523  0.000180563      2429095
378.750 -0.008332839         2540  0.001445545         3539  0.032627684          480  0.000560412      2408737
381.250 -0.018019647         2543  0.001660275         3497 -0.005477427          466  0.000539009      2391233
383.750  0.011012575         2499 -0.006779242         3423 -0.024044318          464 -0.000134705      2372407
386.250 -0.008575124         2499  0.009405617         3336  0.015079209          450 -0.000130911      2355419
388.750  0.007748208         2570 -0.002792515         3250 -0.022908980          447 -0.000059356      2335402
391.250 -0.000638716         2496  0.003378113         3137 -0.004123186          412 -0.000018065      2313023
393.750 -0.010399341         2476  0.004316711         2998  0.013696599          415 -0.000094821      2292890
396.250  0.005330412         2405 -0.005398775         2938 -0.002371620          381  0.000120023      2273635
398.750 -0.012470227         2332  0.014659881         2924  0.005622981          426  0.000087144      2251159
401.250 -0.015568372         2348  0.004621227         2843  0.025907822          362 -0.000019669      2232838
403.750 -0.006931089         2318  0.001011292         2768  0.003310015          343  0.000341949      2213023
406.250  0.018890160         2289 -0.008385217         2665 -0.021531658          350 -0.000398686      2190375
408.750 -0.012923563         2253 -0.005092913         2576 -0.029809967          314  0.000054658      2171117
411.250 -0.014017342         2261 -0.003115835         2456  0.037960206          323  0.000406999      2149330
413.750 -0.005264330         2216  0.005275722         2502 -0.032338614          298 -0.000147276      2129236
416.250 -0.017622326         2204  0.008129422         2425 -0.010588697          328  0.000481583      2109305
418.750 -0.002678619         2204  0.006627305         2396 -0.009007588          291  0.000192602      2086192
421.250 -0.010015384         2183 -0.020793997         2300 -0.014702865          276 -0.000324792      2066181
423.750  0.009649700         2177  0.012829847         2215  0.061172798          262 -0.000451984      2046097
426.250  0.007318654         2140  0.001903294         2158 -0.021681222          257 -0.000175334      2022709
428.750  0.000638003         2110  0.013942563         2166  0.043893968          272 -0.000193156      2001907
431.250  0.002408449         2017 -0.009290338         1985  0.013355575          235  0.000523032      1982107
433.750 -0.009926345         1953  0.005018295         1963 -0.001291795          262 -0.000147927      1958614
436.250  0.013087440         2049  0.005639821         1972 -0.028918047          236  0.000153609      1940906
438.750  0.008741163         2096 -0.020447940         1902 -0.067578377          238  0.000091983      1919754
441.250  0.001452038         2004  0.012309000         1863 -0.044664378          232  0.000378762      1900141
443.750 -0.003949173         2001 -0.016382511         1865 -0.029653059          245  0.000464984      1878436
446.250  0.004910735         2014 -0.005962418         1805 -0.035295840          213  0.000272711      1859024
448.750  0.013627004         1893 -0.005282507         1748  0.012271281          235  0.000129920      1836485
451.250 -0.002675031         1987  0.013509076         1680 -0.035192936          185  0.000176167      1814162
453.750  0.001484033         1891 -0.013392679         1543  0.007772268          185 -0.000566236      1794547
456.250 -0.003479407         1851 -0.003285561         1680 -0.024020360          187  0.000438456      1776928
458.750  0.006698198         1818 -0.006192184         1571 -0.011494596          198 -0.000068510      1754475
461.250  0.010366517         1805 -0.018584861         1555 -0.031115263          163  0.000060573      1733971
463.750  0.008224558         1770 -0.009563250         1472 -0.027406171          186  0.000113918      1714936
466.250  0.011995122         1698 -0.007288873         1471 -0.004676677          157  0.000093199      1695952
468.750  0.004234138         1785 -0.000088852         1446 -0.026611566          178 -0.000242655      1676114
471.250 -0.020439116         1758  0.013409386         1460 -0.015923285          172  0.000400825      1658266
473.750  0.000986849         1710 -0.007290359         1267  0.051477551          170 -0.000255071      1636132
476.250 -0.010357524         1624 -0.009452769         1330  0.032069579          165 -0.000316153      1617390
478.750 -0.004645739         1676  0.011891004         1202 -0.054012979          148 -0.000102760      1598132
481.250  0.012252353         1691  0.003949683         1271  0.039591980          143 -0.000327078      1578097
483.750  0.006773562         1696 -0.003873785         1232  0.001182111          152 -0.000284126      1556102
486.250 -0.005142880         1589 -0.008320310         1168  0.024504595          147  0.000479594      1537611
488.750 -0.014276128         1665  0.023863360         1222 -0.058352630          118 -0.000144947      1519091
491.250 -0.007496829         1598  0.009493566         1136 -0.012007550          141  0.000296527      1503264
493.750  0.006970339         1570  0.017163854         1171 -0.000567109          139  0.000366671      1483378
496.250  0.010395757         1519  0.003061211         1063 -0.003295874          134  0.000282094      1464911
498.750  0.003737953         1546 -0.035865382         1060  0.009833051          118 -0.000310827      1447212
