#   q     Cout       Nout      Cside       Nside       Clong        Nlong
  1.250  0.191575354        22881  0.149439058        21443  0.176185453        21787 -0.172994725          773
  3.750  0.184877245        22282  0.178628658        21350  0.203512579        21568  0.133003733         5514
  6.250  0.172370949        21676  0.183821302        21404  0.200236944        21585  0.203906640        14556
  8.750  0.165107244        21092  0.179925107        21391  0.166390005        21353  0.181186383        27831
 11.250  0.142412041        20563  0.156923608        21515  0.130021541        21298  0.140244754        45305
 13.750  0.117252582        20019  0.131699170        21410  0.101575978        20922  0.091875175        65619
 16.250  0.093785531        19734  0.099875419        21415  0.068023064        20950  0.059898103        89402
 18.750  0.074438573        19139  0.077115954        21539  0.043461560        20770  0.036536102       116365
 21.250  0.050531836        18571  0.045543317        21494  0.029418503        20195  0.019520583       145755
 23.750  0.031624724        18090  0.033641629        21538  0.015281375        20284  0.012927068       176103
 26.250  0.013213335        17574  0.018205550        21499  0.010908578        19954  0.004724935       210533
 28.750  0.005784287        17333  0.006283498        21409  0.010857448        19952  0.000473606       246460
 31.250  0.001355447        16804  0.013286406        21403  0.005034939        19451  0.001487535       282894
 33.750  0.004278033        16596  0.004895864        21570 -0.006990992        19565 -0.000487413       321143
 36.250 -0.002121394        16160  0.010081075        21488  0.000816020        18851 -0.000107426       360468
 38.750 -0.005993810        15959  0.000262011        21605  0.004869880        18980 -0.001043409       399213
 41.250 -0.008244279        15402  0.001619106        21591  0.005555943        18723 -0.001165680       441182
 43.750 -0.003330397        14856  0.001079100        21483 -0.012004800        18497 -0.001329986       481610
 46.250 -0.005803111        14800  0.000599507        21726 -0.006432178        17957 -0.000183523       524042
 48.750  0.003586039        14188 -0.002115392        21720  0.007206438        17986 -0.001332012       565781
 51.250 -0.009297601        13946 -0.000444667        21548 -0.002245914        17718 -0.000869127       606707
 53.750  0.005079804        13408  0.000361408        21583 -0.000981291        17434  0.000867601       648971
 56.250 -0.012580415        13478 -0.003588422        21713  0.000334657        17117 -0.001597502       688586
 58.750 -0.007017407        12915 -0.003642985        21521 -0.009886887        16937 -0.001801767       729845
 61.250 -0.009149065        12530 -0.008243316        21447 -0.000571876        16925 -0.000485475       771933
 63.750 -0.000857430        12342  0.001527685        21539  0.007478164        16710 -0.000326540       811992
 66.250 -0.001293575        11765  0.004885626        21666 -0.000368494        16474 -0.000968915       850528
 68.750 -0.011506665        11651  0.001991629        21769 -0.009415863        16037 -0.001302631       889061
 71.250 -0.005549057        11289  0.005116455        21477  0.006258265        16034 -0.000494788       929093
 73.750 -0.011803714        11118  0.004784421        21734 -0.012566187        15500 -0.001131601       964456
 76.250 -0.004798331        10825  0.002240882        21608  0.004116059        15479 -0.000345514      1001446
 78.750 -0.005093311        10717  0.000880732        21723 -0.000532253        15016 -0.000167315      1039598
 81.250 -0.005113889        10203 -0.001742492        21598 -0.005701365        15023 -0.000032556      1074712
 83.750 -0.009536808         9933 -0.000540685        21604 -0.002447847        14910 -0.000269132      1109521
 86.250  0.002631477         9873 -0.001629431        21430 -0.000366981        14336 -0.000006245      1143859
 88.750 -0.008027660         9499  0.001379609        21771  0.005221136        14387  0.000276793      1179050
 91.250 -0.015193859         9417 -0.005999986        21836 -0.000581798        13883 -0.000433876      1211375
 93.750 -0.004194308         9056 -0.001372136        21730 -0.000757873        13756 -0.000906217      1241188
 96.250  0.004700625         8874  0.003620957        21603 -0.001080394        13674  0.000127505      1270734
 98.750 -0.009926369         8510 -0.004500097        21746 -0.001968567        13318 -0.000157591      1304832
101.250 -0.004379288         8497 -0.005163960        21615  0.002915233        13172 -0.000387870      1332942
103.750 -0.001995917         8333  0.000245750        21668  0.001389160        12972 -0.000959422      1364354
106.250 -0.004380108         8093  0.008995165        21746 -0.001162414        12703 -0.000290207      1392897
108.750  0.000903797         8063 -0.001142575        21509  0.005174977        12566  0.000264924      1419995
111.250  0.006212522         7698  0.003930368        22049 -0.004620352        12086 -0.001020787      1448839
113.750 -0.020601876         7655 -0.003661008        21777 -0.005311690        12039 -0.000059481      1472626
116.250 -0.005529898         7524 -0.000480827        21935 -0.004872177        11807 -0.000226769      1502181
118.750  0.000826686         7192  0.000577550        21778  0.010522583        11287  0.000643282      1526274
121.250 -0.021780837         7000  0.002965267        21926  0.008853330        11463 -0.000244971      1555017
123.750 -0.005246386         6760 -0.006708006        21763 -0.005134776        11067 -0.000862958      1579368
126.250  0.004435986         6880 -0.003656621        21584 -0.006253300        10894 -0.000104478      1601285
128.750 -0.002390478         6503  0.000938201        22143 -0.006886783        10583 -0.000443546      1625722
131.250  0.001271363         6407  0.001916607        22181  0.011193806        10275 -0.000292968      1650466
133.750  0.002721171         6354  0.001892997        21771  0.000088049        10286  0.000284901      1672985
136.250  0.006074867         6056 -0.000823704        21979 -0.003073626         9909  0.000509035      1698494
138.750  0.005775550         6005  0.003996139        21864 -0.004935628         9834  0.000585145      1720134
141.250  0.007508952         5922  0.004325442        22373 -0.007306502         9468  0.000194184      1742021
143.750 -0.001947249         5761  0.004257167        21812 -0.006067753         9288 -0.000635244      1763698
146.250 -0.003895214         5657  0.008743445        21954 -0.003101347         9159 -0.000253886      1787487
148.750 -0.006879128         5499 -0.005511178        22228 -0.007736611         9023 -0.000012609      1811318
151.250  0.005246870         5353 -0.000946247        21971  0.004911640         8795 -0.000295996      1831239
153.750 -0.000653471         5187 -0.001826770        22035 -0.001598686         8563  0.000092526      1851266
156.250  0.010827654         5350 -0.003279498        21957 -0.001924667         8512  0.000105452      1872178
158.750  0.007456219         5009 -0.000950808        22203 -0.003891060         8160 -0.000058816      1890329
161.250 -0.022204503         4972  0.003407830        22109 -0.006785244         7770  0.000182748      1913663
163.750 -0.013437204         4881  0.001449724        22137 -0.010726122         7843  0.000389094      1935408
166.250 -0.011182593         4826  0.002242135        22205 -0.004495053         7575 -0.000095362      1953795
168.750  0.000684347         4512 -0.001585652        22238  0.001869366         7353  0.000138761      1974658
171.250  0.014515365         4495 -0.000386172        22309  0.009199688         7211 -0.000137994      1996652
173.750  0.011966589         4429  0.001946037        22088 -0.004775318         6885 -0.000433993      2018866
176.250  0.004456075         4352  0.002303601        22320 -0.001968321         6806 -0.000109802      2035675
178.750 -0.015872738         4165 -0.003710438        22505 -0.007832316         6683 -0.000044027      2056067
181.250 -0.006884586         4175  0.004520180        22538 -0.005074362         6579  0.000143063      2077296
183.750 -0.006944230         4053  0.002367695        22666  0.003177545         6298  0.000333776      2098641
186.250  0.005180317         3949 -0.001371309        22499 -0.005940152         6005  0.000407364      2119113
188.750  0.017666121         3942  0.004853545        22610  0.003412989         6027 -0.000321133      2140442
191.250 -0.017467474         3846  0.004291991        22573 -0.001854421         5864 -0.000321062      2162002
193.750 -0.001982962         3734 -0.001965362        22605  0.002290897         5620  0.000146665      2184715
196.250 -0.008050212         3617 -0.005204395        22741  0.000375900         5425 -0.000314957      2207358
198.750  0.000950812         3581 -0.002691073        23014  0.001364005         5200 -0.000021947      2228901
201.250 -0.011731302         3572  0.001263237        22629  0.011374055         5207  0.000010200      2258851
203.750 -0.000081641         3436 -0.000342235        22581 -0.000355865         5011  0.000132613      2283772
206.250 -0.000820307         3407  0.000241877        21643 -0.004638012         4760  0.000311242      2311069
208.750  0.003546623         3177 -0.005349937        20930 -0.012610039         4554  0.000172932      2336430
211.250 -0.005196803         3219  0.002273658        20631 -0.005617988         4396  0.000154055      2361880
213.750 -0.003165191         3161  0.001497297        19971  0.007004153         4217 -0.000133906      2392097
216.250 -0.001669295         3229 -0.000530237        19662 -0.010334400         4192 -0.000111512      2420824
218.750 -0.007213694         3137  0.003351672        19114 -0.006536194         3961 -0.000203869      2445222
221.250 -0.009469161         3145 -0.000401033        18605 -0.011882168         3894  0.000392920      2472725
223.750 -0.003391753         3067 -0.000492098        18139  0.015011156         3750 -0.000089339      2495966
226.250  0.005455130         3072  0.001445772        17491  0.001088836         3549 -0.000096778      2520892
228.750  0.007502767         3087  0.003600363        17224 -0.001828325         3491 -0.000180410      2545634
231.250  0.008533201         3161 -0.004485694        16597  0.008919390         3395  0.000066785      2569858
233.750  0.013266889         3077 -0.000053691        16373  0.002143080         3335  0.000281648      2589139
236.250  0.005507206         3070 -0.000444928        16150  0.008974731         3159  0.000031039      2610478
238.750  0.007882737         3172 -0.000752238        15368  0.006329120         3020 -0.000092119      2632072
241.250  0.003552591         3041  0.003208831        15102 -0.000701494         2868 -0.000065412      2651006
243.750  0.007494996         3068 -0.000955144        14718 -0.000397013         2823 -0.000328517      2666689
246.250 -0.023924239         3061  0.001566988        14305 -0.001084703         2738  0.000269940      2687289
248.750 -0.006741759         3078 -0.005836570        13940  0.005231487         2556  0.000461335      2702466
251.250 -0.012842499         3027  0.003708543        13744  0.003397813         2545  0.000626924      2721392
253.750 -0.011224653         2999  0.008698590        13418 -0.000148278         2496  0.000115551      2731639
256.250  0.011216718         3048 -0.001965217        12882 -0.011369175         2412  0.000351168      2744276
258.750  0.002803118         3095  0.003806290        12515  0.010082190         2354 -0.000591634      2758201
261.250 -0.004799234         3028 -0.001204604        12207 -0.000778222         2196  0.000406431      2769758
263.750 -0.008748117         3055 -0.001731244        11889 -0.009578710         2115 -0.000117240      2782394
266.250  0.000818646         3048 -0.000110408        11770  0.008331045         2140  0.000283125      2786361
268.750 -0.014733247         2991  0.003095119        11324  0.009572140         2081  0.000353994      2799004
271.250 -0.008573741         3067 -0.012428587        11124  0.002248216         2005 -0.000264452      2803496
273.750 -0.010662282         3033  0.013978049        10670  0.004560551         1913 -0.000030741      2811428
276.250  0.010457710         3130 -0.002093946        10736 -0.003270378         1837 -0.000310337      2816155
278.750 -0.000565106         3122 -0.000174018        10102  0.005523913         1765  0.000166057      2818510
281.250  0.006000994         3113  0.008851397         9939  0.019425081         1814  0.000542083      2824731
283.750  0.004909499         3085  0.003774895         9718 -0.001996923         1696  0.000065235      2826338
286.250  0.014517779         2964 -0.000679965         9462 -0.001651704         1637 -0.000081411      2830849
288.750  0.005597951         3032 -0.001394062         9226 -0.003708317         1588 -0.000089493      2826699
291.250 -0.009519501         3027  0.001489660         9089  0.002994164         1466 -0.000110726      2829932
293.750 -0.001168571         3010  0.004567592         8558 -0.004751719         1417 -0.000144855      2827419
296.250 -0.004078970         3081 -0.004279890         8331 -0.004604035         1359 -0.000265736      2822327
298.750  0.002650309         2943  0.000581209         8178  0.003693007         1391 -0.000137968      2821073
301.250 -0.027923847         3001 -0.000913582         8190 -0.016043106         1293 -0.000495828      2815972
303.750 -0.010676938         3011 -0.003626624         7889  0.005469460         1286  0.000076734      2813102
306.250  0.010825642         3022  0.003760640         7769 -0.008625769         1213  0.000007181      2806784
308.750 -0.001522373         3019  0.003080019         7486  0.003348571         1157 -0.000273191      2803722
311.250  0.007750776         3056  0.005114871         7384  0.010397962         1133  0.000167784      2796017
313.750 -0.011030289         3013 -0.005621973         6997  0.003486694         1087 -0.000345635      2788957
316.250 -0.002714453         2983  0.000530028         6804 -0.015597505         1053 -0.000519454      2782400
318.750  0.013783995         2839  0.008275872         6675 -0.011762827         1042 -0.000113422      2773472
321.250 -0.008555624         2918 -0.003617903         6504 -0.018279321         1003 -0.000103504      2760425
323.750 -0.009358692         2948  0.001291917         6235 -0.021712647         1000 -0.000044318      2751235
326.250 -0.015914578         2940  0.004552676         6229 -0.008319671          930 -0.000212288      2738898
328.750 -0.024172745         2942  0.000835260         6014 -0.024809069          870  0.000136657      2730705
331.250 -0.001168794         2944  0.003327523         5710 -0.004580622          861  0.000041401      2715745
333.750  0.006844139         2821 -0.002069591         5711  0.015331502          828  0.000443612      2703698
336.250  0.004652298         2893  0.006275082         5641 -0.018425677          801  0.000414998      2694291
338.750  0.011127169         2863 -0.012264547         5446  0.005273786          813 -0.000244491      2678673
341.250  0.001861531         2844  0.001186521         5217 -0.015032176          806  0.000179191      2659876
343.750 -0.001582055         2844 -0.001357747         5197  0.026680785          789  0.000661849      2651006
346.250  0.009377589         2852 -0.020237585         4885 -0.005188505          696 -0.000125463      2632304
348.750 -0.004015549         2804 -0.007721963         4960  0.000437985          747 -0.000307249      2619210
351.250 -0.006272449         2754 -0.003608013         4731 -0.003859512          665 -0.000483987      2604358
353.750  0.007109948         2763 -0.003012196         4705  0.019048013          659  0.000236689      2588938
356.250  0.017781365         2744  0.002954416         4675  0.022832618          591 -0.000179061      2573403
358.750  0.002326560         2777  0.001824304         4252 -0.015604965          628  0.000562243      2556093
361.250 -0.008618454         2776  0.004639859         4194  0.008455624          582  0.000364304      2538787
363.750 -0.002464033         2748  0.007447486         4154  0.009564943          583 -0.000173021      2522139
366.250  0.003150476         2692  0.005221682         4147 -0.003800103          575  0.000069226      2501184
368.750 -0.005122637         2642  0.010330588         4027  0.005900240          593  0.000083913      2486701
371.250  0.009534874         2564 -0.004369704         3780 -0.014644250          550  0.000193803      2468713
373.750 -0.004093988         2650 -0.001550412         3824 -0.014473540          493  0.000459913      2447712
376.250 -0.008007174         2629 -0.002735054         3615  0.016174163          491  0.000079080      2428805
378.750 -0.014500774         2564 -0.006655317         3552  0.042979355          486 -0.000365168      2411295
381.250 -0.008203114         2533  0.001916805         3577  0.012299802          480 -0.000311448      2392214
383.750  0.010589411         2494  0.012741815         3349 -0.021103781          481 -0.000187752      2369868
386.250  0.004858968         2433 -0.006989282         3298 -0.014216714          494  0.000127132      2353009
388.750 -0.009278384         2377  0.000147163         3195 -0.002343253          443 -0.000374648      2335482
391.250  0.002283476         2452  0.006407414         3154 -0.021305326          416  0.000397211      2314242
393.750  0.005799952         2349  0.008123242         3079  0.011323926          413  0.000093713      2290901
396.250 -0.009409502         2401 -0.000566272         2900 -0.010231024          383  0.000031366      2270230
398.750 -0.013809025         2353 -0.000854318         2917 -0.013126844          385 -0.000208696      2253066
401.250 -0.012550178         2384  0.012056687         2788  0.009979209          403 -0.000274522      2234525
403.750  0.008058031         2293  0.007515751         2737 -0.019731908          367 -0.000126470      2211931
406.250  0.005402533         2227 -0.007521803         2694  0.026741640          360 -0.000151394      2190826
408.750  0.009830946         2219 -0.009149446         2633  0.014718987          347 -0.000155307      2171522
411.250 -0.015336646         2267 -0.000186356         2531 -0.038602456          307 -0.000259935      2148888
413.750  0.003118502         2267  0.010644837         2517  0.060307710          336  0.000433433      2126847
416.250  0.004084091         2272 -0.011183335         2435 -0.000277401          300 -0.000215804      2108701
418.750  0.003109022         2112 -0.000336245         2427 -0.029737412          307  0.000022842      2086434
421.250  0.018990194         2183  0.012820813         2355  0.008448755          309 -0.000217961      2065421
423.750 -0.020540805         2205 -0.003399270         2225 -0.034580734          255 -0.000229579      2045198
426.250 -0.003286003         2152  0.008920339         2116 -0.016459695          264  0.000374180      2022860
428.750  0.010621113         2108  0.000589413         2158  0.012170044          284  0.000641603      2004554
431.250 -0.004641286         2088  0.016781957         2083 -0.040258615          258  0.000771631      1982376
433.750 -0.004626788         2054 -0.006296236         1967 -0.016076294          274  0.000402784      1963637
436.250 -0.014726382         2003 -0.015230766         1974 -0.031098208          250 -0.000026040      1941201
438.750 -0.002824161         2032 -0.001098816         1887 -0.012589695          227 -0.000448289      1919773
441.250  0.002615338         1975 -0.011606934         1941 -0.011211748          260  0.000195885      1900719
443.750  0.011868953         2061  0.004650455         1910  0.004090507          235  0.000085562      1877618
446.250  0.009597309         1988  0.004185383         1818 -0.003868147          248  0.000185754      1857341
448.750 -0.014076919         1985 -0.008101891         1727 -0.009262534          207 -0.000071162      1837409
451.250 -0.010342837         1919  0.014745579         1774  0.008123797          227 -0.000523248      1818275
453.750  0.020267578         1851 -0.010950014         1677 -0.030554356          195  0.000198299      1796472
456.250 -0.000119216         1881  0.000357735         1566  0.094737314          207  0.000408481      1776935
458.750 -0.011195232         1927 -0.012996404         1621  0.011566526          181 -0.000044849      1753395
461.250 -0.017947472         1737 -0.004139920         1492  0.009981421          188  0.000157323      1733279
463.750  0.008205408         1715 -0.001998358         1512 -0.044200943          185  0.000009074      1713995
466.250 -0.010816492         1768  0.010474213         1363 -0.031768032          157 -0.000135445      1697546
468.750 -0.008929826         1746 -0.013878990         1460 -0.058199237          158  0.000383705      1674161
471.250 -0.003555232         1740 -0.033939493         1483 -0.033967489          168  0.000069774      1657491
473.750 -0.009798919         1772 -0.018288634         1339  0.049674149          150  0.000579108      1636406
476.250 -0.022233878         1785 -0.008636481         1316  0.014856405          154 -0.000745054      1617691
478.750 -0.004056278         1670 -0.011624238         1345 -0.020099348          140 -0.000161873      1597855
481.250 -0.010701140         1669  0.021021282         1275 -0.069679023          141 -0.000314264      1577177
483.750 -0.006596503         1673  0.008126716         1196 -0.019578030          141  0.000399721      1558519
486.250 -0.014912323         1692 -0.008176643         1092  0.023632183          155  0.000172873      1538567
488.750 -0.004672375         1539  0.006679949         1156  0.018104226          138  0.000642443      1519648
491.250 -0.006144296         1561 -0.018501258         1156 -0.073422124          137  0.000838549      1502670
493.750 -0.013740016         1516  0.017039102         1080 -0.013056131          132  0.000119974      1482355
496.250  0.008777402         1564  0.001811898         1080 -0.014820537          106 -0.000342992      1464238
498.750  0.007127814         1544 -0.016804862         1029  0.059093291          117 -0.000750866      1444363
