#   q     Cout       Nout      Cside       Nside       Clong        Nlong
  1.250  0.189681739        22550  0.151922068        21252  0.188068604        21875 -0.157260111          815
  3.750  0.180426390        22312  0.188195596        21600  0.200131667        21581  0.147258031         5377
  6.250  0.182471785        21633  0.188679022        21408  0.195520740        21500  0.211009213        14587
  8.750  0.155815075        21153  0.169625784        21402  0.172734030        21144  0.185602911        27801
 11.250  0.142885295        20546  0.146776586        21577  0.129607915        21461  0.135768149        44965
 13.750  0.120088499        20352  0.131219085        21307  0.088424383        20985  0.088408244        66094
 16.250  0.089132316        19759  0.103772698        21657  0.064199717        20728  0.061309877        89117
 18.750  0.059543462        19151  0.067533530        21473  0.041732699        20516  0.032446466       115686
 21.250  0.050283124        18808  0.049031303        21434  0.027701615        20508  0.017665498       145160
 23.750  0.037428485        18357  0.031203522        21126  0.015888281        20420  0.009846925       177311
 26.250  0.020154913        17709  0.013628409        21518  0.013499916        19979  0.003991395       210577
 28.750  0.006447591        17329  0.004082131        21665  0.004007366        19714 -0.000610611       246158
 31.250  0.002004719        16939  0.004479635        21429 -0.002321340        19356 -0.001564369       282734
 33.750 -0.004341372        16381 -0.001336878        21598 -0.007121584        19263 -0.000954654       321325
 36.250 -0.012034066        15780  0.004905760        21523  0.004015047        19146 -0.001471918       359438
 38.750 -0.005744606        15526  0.002760856        21566  0.001930631        18929  0.000689042       399805
 41.250 -0.006128172        15351 -0.009979943        21493  0.001512057        18448 -0.000357883       439642
 43.750 -0.012506417        14642 -0.004487160        21236 -0.000795894        18436 -0.001525327       481792
 46.250 -0.012763646        14428 -0.007114848        22006 -0.002914968        17980 -0.001286735       524205
 48.750 -0.016948367        14110  0.003130624        21519  0.009157075        18114  0.000165067       566126
 51.250 -0.009582292        13838 -0.000482676        21330 -0.011843768        17596 -0.002128753       605375
 53.750 -0.014097189        13559  0.001054175        21419 -0.005176213        17362  0.000067078       648610
 56.250 -0.001160217        13138 -0.002139332        21696  0.002612237        17249 -0.000575874       690320
 58.750 -0.015848291        12747  0.005669580        22031  0.000310835        16994 -0.000877248       730235
 61.250 -0.010907213        12389 -0.004150707        21569  0.007710798        16845 -0.000599654       771859
 63.750  0.001563903        12321  0.004169292        21426 -0.007489323        16474 -0.000796707       811572
 66.250 -0.003432578        11957 -0.001166801        21617  0.005864697        16244  0.001342954       850390
 68.750 -0.013411606        11597  0.007750080        21729 -0.005640231        16180 -0.000416668       888809
 71.250 -0.008922162        11363  0.002658479        21612 -0.003115672        15756  0.000414748       929042
 73.750  0.002337165        11128 -0.002392374        21520 -0.011482944        15744 -0.001030951       964385
 76.250 -0.012432945        10643  0.004011481        21654 -0.002804345        15383 -0.001075229      1003334
 78.750 -0.005288679        10518 -0.000815024        21716 -0.000871637        15213 -0.001239976      1038153
 81.250 -0.014490396        10472 -0.000306091        21754  0.000259842        15030  0.000401596      1076464
 83.750 -0.007944525         9947  0.002330763        21780  0.000711477        14849  0.000188328      1109371
 86.250 -0.000362427         9844  0.001715407        21471  0.000107365        14600 -0.001049758      1142756
 88.750  0.006207863         9646  0.001510268        21728 -0.005729522        14162  0.000271530      1177116
 91.250 -0.011164125         9286 -0.002694953        21756  0.005967643        14140 -0.000155391      1207625
 93.750 -0.004217114         9227 -0.004773022        21591  0.000270076        13786 -0.000313930      1241340
 96.250 -0.008415233         8954 -0.004973478        21824  0.001644346        13452 -0.000524834      1272911
 98.750  0.001434234         8679 -0.000173972        21686  0.007937395        13428 -0.001113446      1305553
101.250  0.000256207         8564 -0.005685511        21574  0.002003417        13098  0.000576007      1332673
103.750  0.001898678         8477 -0.002978236        21624  0.002643576        12784  0.000673491      1360579
106.250  0.001070517         8115  0.004812254        21898 -0.007954098        12801 -0.001448551      1389137
108.750  0.000053768         7854  0.004560735        21638  0.003383794        12479 -0.000099781      1418785
111.250  0.004995068         7732  0.005878425        21813 -0.006320948        12204 -0.000226479      1449055
113.750  0.004156359         7578 -0.003332807        21633 -0.007755641        12092 -0.000257665      1472330
116.250  0.003468353         7285 -0.002943019        21741  0.003666006        11703  0.000143383      1500968
118.750 -0.004310974         7177 -0.007863200        21883  0.005067572        11457 -0.000081715      1527072
121.250 -0.009361804         7006  0.005355732        21724 -0.001351372        11329  0.000550848      1551170
123.750 -0.003873864         6979  0.001313636        21661  0.008032436        10908  0.000717837      1578649
126.250  0.001171602         6911  0.005307985        21835 -0.001932873        10804 -0.000132164      1599159
128.750  0.005105180         6449  0.000102836        21838  0.001937907        10839  0.000215555      1628155
131.250 -0.001818966         6455 -0.002948833        21803  0.001231047        10523  0.000292125      1650078
133.750 -0.001596599         6217 -0.004035807        22077 -0.001257582        10111  0.000326082      1675339
136.250  0.010671833         6204 -0.004982371        21857 -0.002959078        10144  0.000281947      1696542
138.750 -0.001693235         6050  0.000690009        21970  0.007944676         9845 -0.000037709      1719312
141.250 -0.011670019         5931  0.003803074        21853  0.002331932         9602 -0.000091374      1743744
143.750  0.001799736         5929 -0.001168053        22036 -0.007661342         9481  0.000147945      1764515
146.250 -0.012010938         5611 -0.000986638        22000 -0.013182157         9184  0.000079725      1787346
148.750 -0.002598077         5543 -0.009654886        22105 -0.003312917         8844 -0.000720870      1806728
151.250 -0.003188860         5345 -0.000187406        21951  0.010058159         8731 -0.000011507      1830030
153.750  0.001948570         5257 -0.005383405        22035 -0.004997537         8591  0.000092203      1848741
156.250  0.001228558         5104 -0.002321657        22213 -0.005040444         8452 -0.000526332      1873203
158.750  0.011078912         5079  0.003064509        22467  0.003709595         8152  0.000425343      1891821
161.250 -0.008308405         4918 -0.004437578        21777 -0.007961589         8040 -0.000355437      1913994
163.750 -0.008877670         4825 -0.000638693        22219 -0.009476770         7819  0.000078429      1934129
166.250  0.011286197         4734  0.004554165        22070  0.001813285         7623 -0.000335821      1954702
168.750 -0.003140844         4693 -0.001313480        22117 -0.003583582         7359  0.000634244      1973509
171.250 -0.004287196         4576 -0.003154611        21995 -0.000753854         7116 -0.000075546      1994010
173.750  0.006540189         4384 -0.003326925        22351 -0.003769530         7075 -0.000267098      2016277
176.250  0.001721684         4349 -0.003056735        22422 -0.003509527         6846  0.000016110      2036637
178.750  0.000019060         4293 -0.003324098        22347 -0.001858509         6691 -0.000245313      2057275
181.250  0.010353800         4166 -0.002108988        22253  0.007598057         6450  0.000212961      2077577
183.750 -0.010797850         4088  0.005910456        22419  0.011228792         6231 -0.000033642      2095208
186.250 -0.005619716         4028 -0.005622940        22764  0.003161655         6247 -0.000332187      2120014
188.750 -0.017023697         3784 -0.001509745        22742  0.003454489         6076 -0.000425802      2141179
191.250 -0.010533900         3896 -0.002400267        22280  0.005731882         5870  0.000086475      2164207
193.750  0.001434010         3697 -0.000813351        22751  0.004071405         5592  0.000528976      2185432
196.250  0.002366461         3644 -0.003224033        22725 -0.003709535         5392 -0.000090002      2206855
198.750 -0.019568650         3489  0.001903710        23173  0.005866682         5289  0.000547687      2232319
201.250 -0.004759801         3604  0.000127991        22608 -0.013679391         5204  0.000316812      2256086
203.750 -0.005029829         3500 -0.002913411        22307 -0.001976553         5020  0.000215260      2281796
206.250 -0.005719685         3403  0.003058150        21883  0.006259493         4817 -0.000061755      2309522
208.750 -0.007590496         3329 -0.005967898        21530  0.001878109         4575  0.000405239      2337776
211.250 -0.000697743         3351  0.002564082        20703 -0.014371318         4442 -0.000061363      2363883
213.750  0.020134771         3238 -0.002089930        20264 -0.000865575         4263 -0.000037404      2392446
216.250 -0.009353727         3277 -0.006718636        19596 -0.002549183         4140  0.000394409      2420000
218.750  0.013962913         3164 -0.000512398        18964  0.008124352         4043 -0.000037169      2445485
221.250  0.017721877         3183 -0.000384514        18720  0.002028478         3789  0.000206035      2469919
223.750 -0.010100787         3054  0.000408350        18163 -0.002208241         3716  0.000213508      2496865
226.250  0.010352907         3127  0.001048745        17713  0.008413304         3641  0.000362737      2520733
228.750 -0.001340498         3008 -0.000602021        17213  0.007833853         3539 -0.000201345      2544078
231.250  0.019326862         3083 -0.001410830        16866  0.013594932         3422 -0.000023356      2568488
233.750 -0.020346271         3045  0.007332158        16349  0.006144610         3257 -0.000128046      2590599
236.250  0.013860194         3037 -0.001875696        15855  0.000925860         3148 -0.000321882      2611664
238.750 -0.005760412         3086 -0.001794598        15541 -0.008310997         3022 -0.000113526      2631923
241.250  0.001243921         3032  0.006837665        15221 -0.002826086         2954 -0.000051768      2648964
243.750 -0.013669410         3075  0.002657384        14756  0.017308001         2847 -0.000348725      2670544
246.250 -0.005601747         3064 -0.003481085        14359 -0.003196361         2709 -0.000211488      2687276
248.750  0.011085100         2950 -0.000230041        13966 -0.002817266         2632 -0.000136802      2706201
251.250 -0.009231816         2960  0.003100302        13527 -0.003969049         2575 -0.000294241      2718617
253.750  0.023421447         3013 -0.003121315        13297  0.009549847         2414  0.000188426      2735036
256.250 -0.006630101         3106 -0.005321973        12891 -0.010260063         2285  0.000128906      2749490
258.750 -0.005289760         3055 -0.001036482        12390 -0.004752317         2269  0.000183942      2756272
261.250  0.016374793         3102  0.002670147        12353 -0.008629779         2241 -0.000259294      2771157
263.750  0.005466346         3018  0.007145133        12037  0.000867483         2199  0.000263751      2778744
266.250  0.007655732         3092  0.001136884        11519  0.009043226         2047 -0.000110175      2791492
268.750 -0.001410886         3040 -0.004959616        11392 -0.002704548         2050  0.000046060      2795956
271.250 -0.001912875         3089 -0.003955558        11025 -0.012796717         1894 -0.000399630      2802049
273.750 -0.005184669         3099  0.000240937        10903 -0.013323511         1920 -0.000258709      2808558
276.250 -0.021051664         3058 -0.005589056        10558  0.015350727         1813 -0.000412000      2817589
278.750 -0.004607174         3131 -0.004954135        10136  0.008065308         1729  0.000277215      2820021
281.250 -0.011430948         3112 -0.001233453         9934 -0.002076821         1733 -0.000037031      2824444
283.750 -0.010631401         3045  0.005177298         9688  0.007802157         1715 -0.000020418      2825717
286.250  0.010793035         2992  0.002079205         9401 -0.025603267         1557 -0.000022513      2828291
288.750  0.008665606         3087  0.008711110         9144  0.000222541         1555  0.000292253      2829108
291.250 -0.008754478         2993  0.002859449         9050 -0.000400582         1495 -0.000262698      2830661
293.750  0.010590520         2976  0.000342094         8694  0.006428075         1500  0.000547056      2827680
296.250  0.002220097         2983 -0.002945564         8476  0.009887500         1418 -0.000166762      2824476
298.750  0.022113917         3037 -0.007062712         8388  0.004993385         1335 -0.000247265      2822538
301.250  0.008590351         2962 -0.003687743         7955  0.003075765         1288  0.000506397      2818565
303.750  0.008881990         2958  0.004797323         7769  0.005486894         1256  0.000062759      2811069
306.250 -0.006528634         2875  0.000631022         7506 -0.017599338         1231  0.000049584      2805663
308.750  0.009568375         3088 -0.009894007         7370  0.027396388         1237  0.000273905      2802070
311.250 -0.008609299         2968 -0.000887122         7265 -0.022232417         1204  0.000002408      2791900
313.750  0.013879183         2880 -0.002877467         7086 -0.002970173         1148 -0.000315886      2787715
316.250 -0.005232613         3049 -0.001210066         6919  0.002529800         1108 -0.000580668      2781058
318.750 -0.002052036         2996 -0.005495291         6723 -0.024785366         1033 -0.000503459      2772285
321.250 -0.011255322         2889  0.005626662         6601  0.011046328         1036  0.000050743      2760032
323.750 -0.004025358         2948 -0.004162235         6279  0.000633836          934 -0.000103866      2751050
326.250 -0.003749989         2864 -0.003193961         6196 -0.014831987          932 -0.000134007      2741185
328.750  0.003586547         2818 -0.004745659         6083  0.002113929          920  0.000090591      2730100
331.250 -0.011995201         2863  0.002637244         5877 -0.010072953          879 -0.000006306      2718983
333.750  0.016891739         2712  0.005087110         5650 -0.009582789          816  0.000308826      2705214
336.250 -0.007558334         2842  0.002204178         5590 -0.018005309          801 -0.000346666      2696101
338.750 -0.005905151         2897  0.009209844         5255  0.025648975          746  0.000483839      2680604
341.250 -0.002557185         2866  0.000138012         5341  0.009115421          729 -0.000239640      2667940
343.750 -0.001443493         2822  0.007787254         5164  0.004545493          767 -0.000113197      2649416
346.250  0.005601202         2774  0.000653015         4907 -0.006003360          733 -0.000126446      2636651
348.750  0.005432845         2786  0.000964934         4807  0.016119108          666  0.000102728      2619865
351.250 -0.017144536         2624 -0.005335215         4717  0.006928727          686  0.000007742      2605249
353.750  0.023645417         2680 -0.015614463         4704  0.019635698          686 -0.000333767      2587398
356.250 -0.020942324         2750  0.000374549         4421 -0.030170626          623  0.000018561      2574851
358.750  0.017668940         2723  0.002818447         4426  0.003452780          639  0.000038859      2551626
361.250  0.008404144         2632  0.003398728         4352  0.015995811          645  0.000004397      2539493
363.750  0.016862654         2747  0.000395647         4107  0.022739249          597 -0.000027231      2522147
366.250  0.007871936         2577  0.014193550         4167  0.001891382          554  0.000112337      2501190
368.750 -0.021437414         2655 -0.004036169         3901  0.021899036          541  0.000022640      2485168
371.250 -0.024030433         2627 -0.000358124         3941  0.004322257          566 -0.000456931      2464778
373.750  0.004537843         2591  0.000107479         3847 -0.012874811          531 -0.000356681      2448244
376.250 -0.010832479         2591  0.003569554         3696 -0.003161805          497  0.000000486      2431455
378.750  0.019355522         2686 -0.009706688         3546  0.006750042          535  0.000622904      2409848
381.250 -0.005607978         2461 -0.000205615         3501  0.011598283          476 -0.000189489      2391187
383.750 -0.006099097         2513  0.000580950         3381 -0.025439273          461  0.000386174      2371621
386.250  0.012135615         2473 -0.005244355         3228 -0.012935513          440 -0.000049742      2352516
388.750  0.015464083         2392  0.004834760         3238 -0.021609969          476  0.000127229      2333514
391.250  0.016608186         2470  0.002715029         3164  0.003548006          403  0.000289352      2311704
393.750  0.000319444         2461  0.007107422         3072 -0.010156968          392  0.000111857      2296165
396.250  0.000588829         2406  0.006619354         2973  0.017206392          405 -0.000198557      2274456
398.750 -0.015971367         2321 -0.009126525         2843  0.001756532          415  0.000284467      2250231
401.250  0.000397465         2342 -0.001177076         2960 -0.006743787          383 -0.000173154      2232742
403.750  0.006259547         2317  0.000935778         2845 -0.011850237          364  0.000041708      2211416
406.250  0.006502970         2312 -0.011687870         2670  0.038093955          343  0.000274517      2191922
408.750 -0.000341687         2221  0.020088586         2580 -0.006626516          320  0.000347076      2169023
411.250 -0.005818025         2223  0.000597485         2604 -0.031499346          345  0.000438394      2149782
413.750  0.001328261         2198  0.003196771         2524 -0.015232508          308 -0.000372396      2128067
416.250 -0.002262550         2218  0.009080987         2448 -0.062365882          309 -0.000305190      2108043
418.750 -0.017075085         2284  0.007786801         2366 -0.025104634          287  0.000057785      2087072
421.250 -0.014782074         2145  0.000796924         2315 -0.031108747          287 -0.000141070      2066675
423.750 -0.008148544         2104  0.002111892         2191 -0.021437874          306  0.000302672      2046768
426.250 -0.012816284         2225  0.000536007         2100 -0.010990354          271 -0.000103000      2024261
428.750 -0.001258293         2109 -0.004716307         2180  0.044783917          276 -0.000397185      2004122
431.250 -0.000766524         2093 -0.000713648         2048  0.025029159          278 -0.000131698      1980084
433.750  0.001356594         2041  0.013048134         2082  0.055748572          253  0.000336684      1964392
436.250  0.015975032         2050  0.010882630         1938 -0.013451838          241  0.000357764      1940300
438.750  0.000432848         2073  0.002641169         1866  0.004370930          233  0.000244755      1917839
441.250 -0.003702155         2001  0.003908673         1963  0.043201784          222 -0.000029808      1900104
443.750  0.003684614         1964  0.018175686         1856 -0.015655516          209  0.000389778      1879761
446.250 -0.028414093         1948  0.001813492         1841 -0.031862372          237 -0.000013345      1857189
448.750  0.008084651         1926  0.004905057         1779  0.017994148          190  0.000080815      1838035
451.250  0.010726883         1865  0.014254675         1710 -0.009609109          215  0.000045452      1815005
453.750  0.011546254         1989 -0.007971688         1727  0.046874478          202  0.000266727      1796453
456.250 -0.009127846         1815 -0.004457580         1663  0.079759762          222 -0.000031972      1776646
458.750  0.006608212         1867 -0.006972820         1609 -0.018836006          197 -0.000076425      1754151
461.250 -0.017879385         1880  0.003157008         1521  0.031163448          192 -0.000212071      1735255
463.750  0.002741567         1801 -0.009168684         1521  0.002988870          185 -0.000115510      1717355
466.250  0.008596530         1755 -0.001779877         1398 -0.004438054          156  0.000672050      1695245
468.750 -0.017083071         1834  0.012228142         1449 -0.025122731          178 -0.000295606      1675201
471.250  0.033274996         1776 -0.016953037         1406  0.007541809          142 -0.000304967      1656314
473.750  0.001053037         1679 -0.005512812         1340  0.062414864          163 -0.000120885      1635525
476.250  0.001862307         1726  0.003043142         1296  0.021517769          148  0.000247251      1616665
478.750 -0.010093571         1713 -0.004865848         1296 -0.051571529          143 -0.000365256      1593801
481.250 -0.001634455         1662  0.001855727         1255 -0.023050166          133 -0.000117410      1578760
483.750  0.018307818         1628  0.007106601         1226 -0.028182440          157  0.000719596      1562072
486.250 -0.016451681         1626  0.005982429         1150 -0.052378999          134  0.000392958      1536554
488.750 -0.005513025         1578 -0.006345262         1189  0.004738704          135 -0.000152519      1519504
491.250 -0.007017135         1551 -0.002156363         1117 -0.042205443          127 -0.000241205      1500830
493.750  0.002055623         1660 -0.011179775         1165 -0.049150004          150 -0.000028050      1483530
496.250 -0.015365177         1564  0.004467863         1071  0.022458962          112 -0.000071168      1464243
498.750 -0.004195493         1473 -0.029738111         1021 -0.000842543          110 -0.000244606      1445800
