#   q     Cout       Nout      Cside       Nside       Clong        Nlong
  1.250  0.192617598        22860  0.150337788        21622  0.178413428        21979 -0.152415736          775
  3.750  0.183923834        22539  0.180789053        21636  0.210191927        21725  0.146650429         5513
  6.250  0.175518288        21802  0.183223717        21796  0.192699637        21609  0.203728929        14617
  8.750  0.158502081        21309  0.179639959        21150  0.168703802        21658  0.186887848        27988
 11.250  0.137333279        20720  0.157672722        21554  0.139972770        21164  0.135418148        45217
 13.750  0.124005498        20105  0.126893520        21577  0.086016922        21200  0.093140801        65834
 16.250  0.092530035        19615  0.090750192        21275  0.076573464        20714  0.059672938        89355
 18.750  0.072999378        19010  0.071397686        21457  0.045850051        20553  0.035315868       116417
 21.250  0.049293900        18543  0.045723277        21407  0.033946431        20242  0.020443814       145135
 23.750  0.030179237        18067  0.030359881        21676  0.016595737        20071  0.009864973       176621
 26.250  0.017222262        17888  0.017823233        21747  0.007948420        20060  0.004660952       210156
 28.750  0.010829393        17427  0.018817740        21568  0.004711169        19737  0.004825917       246215
 31.250  0.005149471        16820 -0.003485763        21380  0.005286439        19614 -0.000510059       282290
 33.750 -0.002264420        16617 -0.003065722        21565 -0.007327722        19094 -0.001938483       320827
 36.250 -0.003095250        15989  0.009234973        21625 -0.002355814        18983 -0.003554882       360717
 38.750 -0.004616725        15609  0.002553949        21449  0.000775254        19060 -0.000431570       399553
 41.250  0.000971516        15469 -0.003051893        21370 -0.005845364        18535 -0.002540928       441446
 43.750 -0.000610549        14850 -0.000653410        21834 -0.003479350        18317 -0.002424198       481088
 46.250 -0.022357898        14455 -0.001864293        21770 -0.007833115        18352 -0.000593428       523459
 48.750 -0.003177308        14172  0.008041079        21680 -0.012245926        17862 -0.001268491       566387
 51.250 -0.012226961        13893 -0.003969852        21568 -0.009005425        17774 -0.000883799       607379
 53.750 -0.005117361        13433  0.002216611        21658  0.005695518        17328 -0.001249158       647931
 56.250 -0.003867680        13066  0.003694290        21692  0.000427237        17329 -0.001165162       689873
 58.750 -0.013124315        12949 -0.003616781        21765 -0.001363049        17092 -0.001058806       731037
 61.250 -0.007323041        12517 -0.001337302        21460  0.005232552        16800  0.000453398       771782
 63.750 -0.011975277        12102 -0.002556172        21812 -0.005564862        16350 -0.000363209       811954
 66.250 -0.012589934        11906  0.001339987        21502  0.003547125        16475 -0.001013252       849013
 68.750 -0.004655238        11659 -0.002937462        21421 -0.000308547        16136 -0.000022588       888619
 71.250 -0.006524487        11235 -0.005879107        21648  0.006624797        16111 -0.000751222       927915
 73.750 -0.009150442        11080  0.003148355        21495  0.000066191        15800 -0.001465888       966477
 76.250  0.000083276        10743 -0.005966880        21534  0.001945649        15597 -0.000892740      1003047
 78.750 -0.013757402        10489 -0.010251155        21748 -0.004282033        15210 -0.001050429      1039452
 81.250 -0.009366974        10196  0.006355225        21922  0.003581209        14984 -0.000929249      1075479
 83.750 -0.001285530        10010  0.002356678        21396 -0.004103564        14693 -0.000247613      1111608
 86.250 -0.007081287         9944  0.010457931        21787 -0.002396683        14382  0.000629553      1144751
 88.750 -0.003241046         9582 -0.000677220        21564  0.001040763        14103  0.000343180      1175779
 91.250 -0.007126662         9213 -0.002999305        21822  0.002258942        14066 -0.000032486      1210824
 93.750  0.001755504         9264 -0.000010703        21570  0.010669493        13739 -0.000498139      1240890
 96.250  0.003314908         8895 -0.007288843        21882  0.005213055        13548  0.000927573      1271633
 98.750 -0.001757948         8758  0.000178973        21735  0.000295511        13223 -0.000073611      1303133
101.250 -0.000885792         8587 -0.001209513        21529  0.000130873        13056 -0.000509947      1334651
103.750 -0.009882691         8262 -0.002343287        21890 -0.004816264        12920 -0.000213655      1362550
106.250 -0.010969062         8262  0.000803374        21855  0.007297244        12609  0.000083740      1390300
108.750 -0.011212433         7942 -0.001002379        21690 -0.002801695        12525 -0.000823424      1420555
111.250 -0.012149893         7669 -0.005518628        21551  0.007632624        12261 -0.000400234      1446839
113.750 -0.009962650         7486 -0.000713100        22072 -0.007037501        12041 -0.001002307      1474320
116.250 -0.007745228         7519 -0.000021269        21665 -0.000065330        11708 -0.000445176      1499833
118.750 -0.002454311         7385 -0.003554682        21518 -0.000036537        11423 -0.000241217      1526398
121.250 -0.004222285         7117 -0.004279477        21650 -0.001476419        11217 -0.001081477      1553575
123.750 -0.008687678         7010 -0.002515684        21971  0.001056485        10965  0.000281201      1577040
126.250 -0.007025227         6950  0.000384017        21674  0.004135613        10724 -0.000217662      1605148
128.750 -0.000675617         6447  0.003428206        21829  0.007165876        10658 -0.000428699      1627574
131.250  0.006753771         6420 -0.001540458        21714  0.009225972        10408 -0.000364477      1652635
133.750 -0.006489754         6320 -0.001865680        21968 -0.004036876        10057  0.000092401      1672467
136.250  0.004914056         6176  0.003645177        21771 -0.002415316        10158 -0.000305744      1697762
138.750 -0.002518249         5929 -0.009179898        21996 -0.002237570         9786 -0.000075224      1724036
141.250 -0.002466718         5792 -0.006111796        21721 -0.001520300         9724 -0.000103089      1742102
143.750  0.003052453         5813  0.005990342        22034 -0.002532035         9349 -0.000535963      1766545
146.250 -0.017534308         5691 -0.001438486        22109 -0.001100448         9130  0.000137297      1784341
148.750 -0.000927213         5421  0.001399003        22024  0.003229453         8906  0.000063701      1807148
151.250 -0.003720594         5444 -0.001553370        21930  0.002942593         8688 -0.000420605      1828685
153.750 -0.001360859         5131 -0.000487304        21938 -0.000195864         8506 -0.000169770      1850023
156.250  0.012341030         5014  0.002901278        22416 -0.000547324         8411 -0.000514825      1871305
158.750 -0.002054396         5041 -0.000020942        22327 -0.000845695         8153 -0.000043582      1893438
161.250 -0.009515461         4855 -0.000008596        22248  0.009248027         8005 -0.000306451      1915850
163.750 -0.003050324         4903 -0.000483849        22141 -0.004810200         7766  0.000510909      1937397
166.250  0.007279578         4900 -0.000871886        22093 -0.010255519         7619 -0.000447980      1955343
168.750 -0.023076433         4577  0.001070572        22184 -0.001120276         7552 -0.000298200      1976032
171.250 -0.010910640         4529 -0.003543444        22330  0.001312156         7121 -0.000326106      1995877
173.750 -0.013200080         4487  0.000724334        21995  0.005973752         7095 -0.000516028      2017072
176.250 -0.004485935         4343 -0.000135797        22118  0.003834899         6837 -0.000120844      2036665
178.750  0.000313730         4218  0.004558440        22375 -0.010902077         6440  0.000026164      2057306
181.250 -0.001635875         4153  0.000639390        22227  0.010235913         6510  0.000197913      2077765
183.750 -0.001760976         4046  0.001308763        22360  0.005897176         6275 -0.000066156      2098028
186.250  0.003536287         3810  0.000550615        22693  0.001947108         6062  0.000020412      2116674
188.750  0.012907091         3915 -0.002211476        22550 -0.000760115         5907  0.000296142      2139077
191.250 -0.014398008         3738 -0.006201870        22765  0.000643279         5776  0.000343814      2160939
193.750  0.009583737         3781 -0.001783825        22704 -0.006046297         5633  0.000027344      2185771
196.250  0.004052607         3579  0.003846401        22572  0.004979638         5391 -0.000183179      2208033
198.750 -0.004654538         3533 -0.001805016        22753  0.001020393         5258  0.000414797      2232042
201.250  0.011931760         3576  0.001020237        22819 -0.004619640         5110 -0.000099130      2258362
203.750 -0.012977736         3437  0.005308427        22466  0.000789068         4878  0.000265451      2283121
206.250  0.011209115         3388  0.005582277        21757 -0.011928702         4791 -0.000525609      2312849
208.750 -0.001025676         3251 -0.001911925        21120  0.004245281         4706  0.000338739      2339611
211.250 -0.005729273         3272  0.001152732        20643 -0.006977101         4368  0.000353197      2364793
213.750 -0.014648109         3229  0.002987106        19942 -0.007155293         4266  0.000035078      2391160
216.250 -0.002236208         3247  0.001211193        19566  0.000720447         4099  0.000175721      2419986
218.750 -0.007430101         3198  0.002107196        18808  0.009427033         4083  0.000427699      2445486
221.250  0.004738526         3175  0.000380634        18688  0.002961810         3830 -0.000302203      2472465
223.750  0.005843358         3139  0.003388169        18097  0.000640174         3712  0.000226258      2497510
226.250 -0.011737042         3061 -0.000002803        17726 -0.002101294         3666  0.000007926      2519307
228.750 -0.007120714         3145  0.002413112        17498  0.002213216         3452  0.000245417      2550633
231.250  0.018525594         3121  0.007033422        16806  0.009263876         3343 -0.000116287      2570113
233.750  0.013042851         3113 -0.002682719        16584 -0.012386809         3258  0.000133993      2589747
236.250 -0.014031361         3069 -0.005556612        15959 -0.011576021         3042 -0.000619779      2611993
238.750 -0.008387284         3080 -0.003310438        15568 -0.003864555         3040 -0.000316997      2635122
241.250 -0.001035585         3012  0.002658425        14951 -0.003314743         2917 -0.000312067      2652011
243.750  0.007264229         2934 -0.001068808        14692 -0.020464382         2920  0.000635475      2671530
246.250 -0.013945595         3053  0.001653365        14583 -0.004595793         2769  0.000027848      2684392
248.750 -0.008331784         3082  0.003799486        13929 -0.002281378         2553 -0.000008965      2705228
251.250 -0.001411666         3099 -0.007079459        13646  0.002385960         2579  0.000448069      2716001
253.750  0.015292351         3029 -0.005061169        13116  0.000508898         2406  0.000120071      2730040
256.250  0.002116536         3086 -0.005069792        12920 -0.003557908         2412  0.000448875      2747546
258.750 -0.008349655         2960 -0.002773109        12491 -0.002377180         2237  0.000005526      2759838
261.250  0.014985490         3060  0.001067025        12487 -0.009383230         2256  0.000053768      2771510
263.750  0.006343399         3129  0.005777317        12021 -0.008423716         2127  0.000281291      2779358
266.250  0.001793750         3059  0.003004515        11657  0.008069776         2109  0.000149986      2791243
268.750 -0.009524798         3021 -0.001657854        11211  0.006899510         1966 -0.000190479      2795627
271.250  0.016311901         3049 -0.000702183        11080  0.004624007         1931  0.000391857      2807077
273.750  0.013209603         3027  0.004470890        10756 -0.003136829         1856  0.000131957      2810446
276.250  0.000615494         3052 -0.006071055        10586  0.003625714         1737  0.000370868      2817436
278.750  0.012115058         3121 -0.001943960        10280  0.001167417         1824  0.000149379      2820881
281.250 -0.003200711         3101  0.001511213         9822  0.011446146         1695 -0.000379623      2823791
283.750  0.018534627         3014  0.008441376         9685 -0.004069642         1697 -0.000224025      2825436
286.250  0.000870523         3054 -0.000512933         9421 -0.003826123         1572  0.000249618      2826839
288.750  0.010402663         3066 -0.000887646         9148 -0.007547465         1589 -0.000037601      2828557
291.250 -0.001086467         3101 -0.000961395         8857  0.014678441         1474  0.000069854      2831649
293.750 -0.003010684         3156  0.002978215         8897 -0.011599312         1435  0.000226017      2825331
296.250 -0.013325330         3027 -0.009564380         8543  0.005465319         1378 -0.000369599      2825185
298.750  0.010019567         2993 -0.001909868         8207  0.007902482         1343 -0.000173986      2823159
301.250  0.001033521         3049  0.000254870         7987  0.006224206         1277 -0.000289890      2817450
303.750 -0.007584358         3001 -0.000978018         7804  0.009089721         1266 -0.000285712      2812917
306.250 -0.010437629         3049 -0.000183096         7596 -0.016044168         1185  0.000323708      2807454
308.750  0.004319958         2970  0.001319043         7425 -0.003010349         1157  0.000023228      2802338
311.250  0.002479017         3012 -0.001752478         7179 -0.001261570         1177  0.000301055      2792613
313.750 -0.014987576         2884 -0.004980425         7109 -0.009536256         1144  0.000098814      2789433
316.250 -0.005710023         2908  0.000563387         6730  0.012074310         1065 -0.000268945      2780655
318.750  0.001985357         2892 -0.008682038         6666 -0.007411712         1031  0.000327093      2769961
321.250 -0.006914754         2956  0.012530322         6554  0.013201152          998 -0.000319855      2761581
323.750 -0.009611740         2918 -0.002196873         6301  0.000710472          958 -0.000287623      2752188
326.250  0.014857865         2964  0.007941936         6132  0.005115736         1018 -0.000302780      2742316
328.750  0.003089479         2841  0.000260557         6026  0.013351641          933  0.000073914      2727778
331.250 -0.008435869         2900 -0.001194286         5785  0.004226927          894 -0.000333726      2719272
333.750  0.015942639         2898 -0.001743311         5739 -0.005921858          899 -0.000138541      2704854
336.250  0.024959817         2909  0.004658092         5560  0.002247736          833 -0.000138844      2695985
338.750  0.002188257         2798  0.006196241         5428  0.012778232          793 -0.000182150      2677587
341.250  0.004682496         2759 -0.001678379         5370  0.014774871          763  0.000086398      2663946
343.750 -0.000681459         2821  0.012223112         5232 -0.012192550          739 -0.000376809      2651875
346.250 -0.000003001         2802 -0.010468688         5109 -0.004154160          710  0.000034495      2636343
348.750  0.003741997         2734  0.004215979         4793 -0.011951706          738 -0.000171524      2620153
351.250 -0.005500977         2685  0.000224931         4772 -0.018064172          687 -0.000019521      2606822
353.750  0.007846343         2789  0.002168073         4634  0.025317128          655 -0.000352497      2589896
356.250  0.005368126         2690  0.001308264         4527  0.007959216          650 -0.000194118      2576833
358.750  0.009708764         2766  0.001393483         4449 -0.027917351          643 -0.000115821      2554669
361.250  0.002113524         2736 -0.002177900         4281 -0.034960515          614 -0.000305639      2538449
363.750 -0.006286954         2682 -0.008299920         4168 -0.021315328          604 -0.000083732      2522026
366.250  0.001385798         2670 -0.000635541         4060  0.005000459          569  0.000294349      2500948
368.750 -0.003993889         2551  0.008355238         3944 -0.033275824          567  0.000079069      2485438
371.250 -0.006162026         2613  0.002021378         3859 -0.017641802          547 -0.000057232      2467197
373.750  0.000169905         2615  0.005030197         3673 -0.011111999          492  0.000106658      2449542
376.250 -0.011159841         2574 -0.009628059         3767  0.017777220          483 -0.000433629      2429639
378.750  0.009134820         2568  0.007281488         3545 -0.040192995          486  0.000045090      2410810
381.250 -0.013772909         2423 -0.007003552         3500 -0.039235745          495  0.000113520      2392549
383.750  0.001012879         2511  0.004275502         3341 -0.040972540          456 -0.000133076      2375090
386.250 -0.012364951         2466 -0.012121420         3367  0.000653723          456  0.000002213      2357983
388.750 -0.011180231         2559 -0.004273361         3324 -0.000732747          420  0.000059255      2330900
391.250  0.010466334         2401  0.026361985         3182  0.019837627          419  0.000270198      2311746
393.750  0.008730121         2339  0.012641046         3126 -0.021823654          433  0.000367909      2291886
396.250  0.020120907         2488  0.002856405         2916 -0.000126811          416  0.000036209      2274245
398.750  0.007480872         2369 -0.008339802         2920  0.029816960          381  0.000180433      2252124
401.250 -0.007373352         2288 -0.000105257         2904  0.009042406          364  0.000051158      2229611
403.750 -0.000147356         2334 -0.009015316         2849 -0.006509272          364  0.000027827      2212512
406.250  0.006267154         2381 -0.012657930         2705  0.006565726          343  0.000347967      2192445
408.750  0.015303770         2323  0.016309002         2655  0.011791770          359  0.000326640      2169145
411.250  0.005836412         2267 -0.006137887         2536 -0.015127699          322 -0.000034211      2151047
413.750  0.019091315         2313  0.003321958         2598  0.017331272          326  0.000032721      2126653
416.250  0.003338276         2188 -0.005625121         2426 -0.027485822          335  0.000387301      2108229
418.750 -0.000962531         2228 -0.007957575         2349 -0.029371505          291  0.000151567      2089346
421.250 -0.000950047         2213  0.007371487         2306 -0.020358763          298 -0.000181143      2066921
423.750 -0.006394216         2207  0.009631926         2289  0.023873386          299 -0.000411624      2044680
426.250  0.005173959         2151 -0.015161310         2202 -0.008180841          286 -0.000005162      2024343
428.750 -0.008274263         2137 -0.005190609         2200  0.006597807          303  0.000266403      2002735
431.250 -0.009440568         2148  0.016396844         2118  0.013185995          278  0.000314869      1982400
433.750  0.017368990         2053  0.024248903         2059 -0.026604303          246  0.000088789      1959790
436.250  0.020507691         2144  0.006355831         1899  0.005414887          238 -0.000102719      1941484
438.750 -0.004529643         2038  0.007174591         1892  0.018286580          246  0.000099005      1920673
441.250 -0.004147136         1936 -0.000550494         1945  0.022443816          238 -0.000141024      1897991
443.750 -0.005613306         1953  0.003988954         1733  0.017925882          216 -0.000011323      1876756
446.250  0.006937495         1952  0.001409876         1754  0.032416827          235 -0.000616865      1857670
448.750 -0.010277535         1933 -0.017732586         1676  0.021316095          222  0.000113709      1837355
451.250  0.015965160         1808 -0.007934784         1672  0.014851647          197 -0.000090122      1816062
453.750 -0.005113178         1836 -0.003606302         1566 -0.013639672          213  0.000254383      1796219
456.250  0.014604244         1911  0.005062353         1635 -0.030750739          188 -0.000258707      1774555
458.750 -0.011361316         1869  0.007763340         1632 -0.006872054          182  0.000879074      1755289
461.250 -0.002873905         1825  0.003834367         1586  0.039384299          185  0.000262623      1735803
463.750 -0.002622117         1785 -0.003162720         1465  0.030172053          170  0.000160474      1713682
466.250 -0.015503385         1785 -0.016482544         1512 -0.061253329          184  0.000145872      1694236
468.750 -0.030707460         1765  0.006003044         1417 -0.016711781          163  0.000397919      1674754
471.250 -0.017549018         1760  0.008585163         1342 -0.033145946          150  0.000085374      1656907
473.750 -0.002598273         1794  0.005123476         1315 -0.029029143          174 -0.000289741      1633969
476.250 -0.007627603         1707 -0.016329865         1391  0.026282746          136  0.000122574      1617644
478.750 -0.003379530         1719 -0.010852523         1291  0.020175540          152  0.000429490      1597080
481.250 -0.007740075         1627 -0.000934646         1193  0.012852669          139 -0.000048464      1576695
483.750 -0.005909753         1703 -0.004512331         1132 -0.038546670          163  0.000360264      1558927
486.250  0.003487058         1575  0.008783566         1167 -0.046572104          153  0.000292382      1539093
488.750 -0.000644347         1680 -0.007003313         1128  0.014697343          108 -0.000432285      1521079
491.250  0.011168048         1642  0.014434512         1186  0.025655243          124 -0.000081384      1502268
493.750  0.023413329         1553 -0.034692120         1076  0.015003915          136 -0.000224496      1481815
496.250 -0.009666922         1539  0.016871192         1015 -0.024619690          126 -0.000400510      1463638
498.750  0.012082179         1398 -0.011584691         1020 -0.087793566          112 -0.000652595      1443597
