#   q     Cout       Nout      Cside       Nside       Clong        Nlong
  1.250  0.188761917        22957  0.144083078        21510  0.176968068        22068 -0.170123660          887
  3.750  0.189824084        22310  0.182677566        21605  0.204486180        22013  0.128430068         5635
  6.250  0.179337278        21856  0.188031069        21394  0.197840368        21681  0.212163797        14550
  8.750  0.162991131        21093  0.180599036        21682  0.173763210        21283  0.178797871        28083
 11.250  0.145151307        20951  0.157395064        21747  0.127806102        21323  0.137051482        44950
 13.750  0.112367290        20231  0.132012419        21460  0.100848466        21030  0.092215549        65604
 16.250  0.094402402        19533  0.096932741        21855  0.073629035        20797  0.063973712        89397
 18.750  0.071395593        19217  0.069972973        21589  0.040172455        20721  0.035745936       116098
 21.250  0.047824045        18687  0.043774985        21404  0.034617632        20682  0.018501430       145490
 23.750  0.025788886        18131  0.028189828        21760  0.022817571        20234  0.012609533       178002
 26.250  0.021234693        17512  0.013525824        21588  0.009851556        19960  0.005392619       210726
 28.750  0.018241321        17149  0.012808239        21661  0.001955052        19867  0.003389128       246547
 31.250  0.002601205        16892 -0.000620649        21514  0.006852514        19388  0.001965252       282080
 33.750 -0.002182146        16359  0.006593243        21622  0.009197369        19290 -0.002505059       321091
 36.250 -0.008501120        15923  0.008268642        21428  0.005890211        19165  0.001899819       360178
 38.750 -0.016925994        15746  0.005131219        21525 -0.001752125        18917 -0.001097751       400662
 41.250 -0.002288569        15149 -0.000763342        21590 -0.000574931        18307 -0.002722880       441319
 43.750 -0.008164237        14856 -0.001247702        21544  0.004079037        18516  0.000828903       482278
 46.250 -0.009434603        14315  0.007469600        21435  0.000499463        18428  0.000237109       523736
 48.750 -0.003200345        14303 -0.001235992        21305 -0.007063642        17956 -0.001755731       565555
 51.250 -0.008675545        13807  0.002301795        21428  0.002011890        17679  0.001893873       607483
 53.750 -0.008789778        13369 -0.003280250        21574  0.009383639        17523  0.000451250       648100
 56.250 -0.006486709        13132 -0.001182472        21589 -0.007547444        17366  0.000419210       689813
 58.750 -0.016429013        12974 -0.006663434        21327 -0.003210209        17023 -0.000848486       730784
 61.250 -0.009863624        12573  0.012606482        21621  0.002726290        16688 -0.000820405       771459
 63.750 -0.003640073        12314 -0.002893487        21475 -0.010075427        16645 -0.001345794       812145
 66.250 -0.005532672        12039 -0.002649597        21544 -0.000346781        16501 -0.000013840       852807
 68.750 -0.005641474        11665 -0.001690709        21365  0.005676660        16044 -0.000286890       889731
 71.250  0.001129829        11354  0.009775205        21406 -0.005510384        15907 -0.000861141       928548
 73.750 -0.004156551        10976  0.007120865        21599 -0.002929516        15803 -0.000970024       966568
 76.250 -0.009185454        10772 -0.006399761        21455 -0.008870030        15605 -0.000383787      1002894
 78.750  0.004414353        10466 -0.001802426        21518 -0.000110941        15449 -0.000449833      1039424
 81.250 -0.013550842        10311 -0.000629844        21413  0.003778079        14968  0.000523589      1074116
 83.750 -0.013583603        10245 -0.006980755        21753 -0.009912234        14647 -0.000566307      1110519
 86.250 -0.001719532         9888  0.011126860        21741  0.010847843        14292  0.000331303      1142817
 88.750 -0.001600758         9679  0.001288224        21685 -0.007784342        14349 -0.000648592      1178178
 91.250 -0.001370528         9301 -0.009839203        21796  0.009639512        14028  0.000040618      1209781
 93.750 -0.005436142         9166 -0.006367239        21744  0.005264923        13980  0.001168942      1241117
 96.250 -0.006992752         8896  0.000746230        21754 -0.007022392        13511 -0.000383398      1273362
 98.750  0.004553418         8661  0.004220083        21745  0.007796617        13287 -0.000213343      1304335
101.250 -0.017183933         8280 -0.003193697        21654 -0.000589071        13361 -0.000657212      1333985
103.750  0.007256134         8306 -0.008218378        21742 -0.000499881        12949  0.000008421      1362160
106.250  0.002423111         8119 -0.005708059        21758 -0.002773667        12708 -0.000436534      1391021
108.750  0.004275085         7991  0.006408268        21804 -0.004233087        12560 -0.000851888      1416529
111.250  0.001263820         7787  0.001886203        21824 -0.011196860        12203  0.000637682      1446276
113.750  0.004110387         7443  0.001751676        21717  0.000692701        11865 -0.000059037      1475372
116.250 -0.008155021         7359 -0.009398856        21780 -0.000715878        11934 -0.000182498      1499624
118.750  0.006101940         7330  0.003253174        21888  0.005698741        11892 -0.001065706      1526981
121.250  0.002025752         7045  0.004754822        21876 -0.004463105        11152  0.000022577      1554550
123.750 -0.005623157         6856 -0.005657258        21772  0.002488923        10971  0.000996829      1580398
126.250  0.002701647         6777 -0.005402071        21642 -0.012517894        10761 -0.000942538      1600976
128.750 -0.002052322         6704  0.000064523        21776  0.005577270        10755 -0.000363314      1625726
131.250 -0.007239508         6307 -0.009342812        21800 -0.003431539        10342  0.000495939      1651515
133.750  0.009185789         6286 -0.004136485        21959  0.002561697        10186 -0.000047732      1674213
136.250  0.003077711         6210  0.002076347        21934 -0.004938241         9935 -0.000607045      1695192
138.750 -0.001688968         6053  0.001219260        21860  0.000916316         9797 -0.000302510      1720376
141.250  0.002973123         5982  0.005630340        21977 -0.000235568         9517 -0.000498834      1742194
143.750 -0.015958431         5642 -0.003328835        21952  0.005766344         9350  0.000388774      1765241
146.250 -0.015536469         5645  0.003781199        21979 -0.006900971         9038  0.000173797      1786546
148.750  0.005803805         5514  0.005133306        21723 -0.004972540         8966  0.000468396      1807801
151.250  0.003597593         5341  0.004234910        22300 -0.006610553         8744 -0.000180119      1831392
153.750  0.005433768         5240  0.002531541        21866 -0.005131429         8517 -0.000132674      1850183
156.250  0.027283837         5273  0.002576493        22217  0.003547150         8335  0.000327606      1873751
158.750 -0.000077904         5084  0.003602511        22131 -0.003638190         8110 -0.000389977      1891965
161.250 -0.013137859         4908  0.001949742        22311  0.001528810         7940 -0.000034264      1913104
163.750 -0.002197857         4828 -0.001990777        22219 -0.003835814         7865 -0.000018725      1930967
166.250  0.003831052         4654  0.008980057        21981  0.001051823         7555  0.000233389      1953401
168.750  0.014864345         4710 -0.001044728        22085 -0.001931100         7214  0.000347772      1976235
171.250  0.005784518         4680  0.000275424        22156  0.002625270         7094  0.000460175      1994137
173.750  0.008110633         4363  0.001002112        22553  0.000384908         7035 -0.000263858      2016081
176.250  0.004525775         4271  0.000087848        22403 -0.004859558         6917  0.000299262      2037698
178.750 -0.004611543         4220  0.001852961        22311  0.002813061         6509 -0.000021017      2058542
181.250 -0.006497418         4244 -0.004632798        22626 -0.011915724         6466 -0.000198568      2075384
183.750  0.000045431         4073  0.000472462        22567 -0.000625827         6180 -0.000255740      2098052
186.250 -0.009648235         3981 -0.000992670        22567  0.003451073         6211  0.000494258      2118793
188.750 -0.008076828         3945  0.001184793        22633  0.004654541         5900  0.000419580      2139461
191.250 -0.007841029         3772 -0.002003137        22226 -0.002820422         5789  0.000521452      2163152
193.750  0.013153777         3661 -0.010962385        22755 -0.000940247         5485  0.000138150      2183617
196.250  0.001125039         3657 -0.003566579        22777 -0.000787039         5494  0.000134067      2204591
198.750 -0.006633493         3503 -0.002399436        22767  0.009393666         5409 -0.000632249      2230936
201.250 -0.015099087         3462  0.000464025        22620  0.000911865         5031 -0.000370257      2254909
203.750  0.005496903         3491 -0.005115103        22227  0.000000447         4995 -0.000037721      2283155
206.250  0.011455948         3359 -0.007308862        21725 -0.000577091         4680 -0.000084345      2308739
208.750 -0.012477370         3394  0.001200629        21151 -0.000238836         4543 -0.000097553      2336997
211.250 -0.010824026         3326 -0.000221110        20777  0.011018152         4495 -0.000338665      2365629
213.750  0.018036302         3233  0.003285685        20105 -0.000172280         4245 -0.000082593      2392084
216.250 -0.008371861         3204 -0.005571695        19520 -0.003158117         4185  0.000424361      2419705
218.750  0.000365042         3179 -0.000844939        19178  0.006582730         4024 -0.000094456      2444320
221.250  0.020396747         3120  0.006164297        18633  0.000142954         3910  0.000386923      2473583
223.750 -0.001342534         3178  0.007728732        18173  0.011588319         3725  0.000342463      2498781
226.250  0.025048893         3051  0.003234388        17561  0.004651478         3662  0.000385174      2523844
228.750  0.004135688         3103 -0.000923979        17117 -0.001534305         3492  0.000378776      2545243
231.250  0.010623274         2999 -0.000201917        16883  0.001486785         3436  0.000280662      2564735
233.750  0.010730320         3095  0.000696559        16621 -0.016266770         3302 -0.000011046      2588346
236.250  0.028134961         3039 -0.000565801        15828  0.008797859         3221 -0.000041973      2611876
238.750 -0.003135301         3205  0.002439314        15506  0.000178669         2959  0.000196184      2631467
241.250  0.012834148         3113  0.001912028        15066 -0.005279085         2930  0.000031024      2654850
243.750 -0.007497346         3085 -0.004730957        14727  0.001309251         2800 -0.000325552      2668812
246.250 -0.007178677         3080  0.000067649        14311 -0.006173174         2820 -0.000273680      2687749
248.750  0.019556290         3081  0.001904959        14093 -0.001648715         2668  0.000261202      2705447
251.250 -0.005471659         3127  0.003876550        13649  0.001410356         2531  0.000283997      2720973
253.750  0.025123109         3057  0.003241568        13247 -0.011160778         2471 -0.000412840      2733474
256.250 -0.000528750         3068 -0.000384210        12792  0.002993979         2374  0.000124752      2747850
258.750 -0.010200857         3057  0.004260724        12672 -0.007260440         2388  0.000116133      2760929
261.250 -0.006166522         3139 -0.001106401        12229 -0.005742149         2138 -0.000160612      2773520
263.750 -0.000866496         2967 -0.001188487        11960  0.003032294         2189 -0.000135079      2780073
266.250  0.022475008         3107  0.000286569        11640 -0.006045591         2084 -0.000056922      2786343
268.750 -0.008680469         3040 -0.003417436        11537  0.000976473         1916 -0.000378179      2796452
271.250 -0.009964705         3098  0.003298495        10942  0.011109493         1954  0.000364843      2806470
273.750  0.002662047         3106  0.004514036        10794  0.010758635         1894  0.000541658      2811325
276.250 -0.009174267         2987 -0.003124698        10547  0.025442735         1923 -0.000311337      2818152
278.750 -0.009626650         3016  0.008124132        10254 -0.010121299         1782  0.000113407      2819162
281.250  0.015006372         3042 -0.001270843        10004 -0.017059393         1711  0.000074031      2821702
283.750  0.001295519         2962  0.007327548         9709 -0.002788004         1670  0.000191419      2825509
286.250 -0.008728510         3036 -0.003502650         9403 -0.005308882         1613 -0.000560172      2827399
288.750 -0.013947279         2947 -0.010572229         9301  0.019638410         1532 -0.000233942      2827993
291.250  0.004090254         2920 -0.001315706         8782  0.012626850         1471  0.000095274      2827611
293.750  0.002646886         2906 -0.007574000         8511  0.021277973         1423 -0.000310748      2827478
296.250 -0.005035978         2929  0.006923985         8632  0.003712167         1367  0.000309694      2822397
298.750 -0.003386821         3079 -0.002489201         8208  0.005141958         1351 -0.000004342      2821998
301.250 -0.002447275         3041 -0.000665877         8312  0.004344252         1291 -0.000138323      2815283
303.750 -0.011527121         3018  0.001912745         7894 -0.006591869         1265 -0.000199674      2816723
306.250  0.006708435         3008  0.001378222         7534 -0.000603056         1199  0.000561260      2809321
308.750 -0.025806034         2898  0.002866414         7405 -0.003258823         1145  0.000087267      2801094
311.250 -0.005827531         3054 -0.004038480         7337 -0.028665094         1211  0.000344694      2796085
313.750  0.000835702         2944  0.002614378         6962 -0.012504957         1121 -0.000142534      2787058
316.250 -0.003761589         2928 -0.003716214         6831  0.008859353         1079 -0.000123776      2778552
318.750  0.005345736         2898 -0.009928420         6673 -0.002662030         1057  0.000104533      2772292
321.250  0.001836761         2964 -0.002172797         6641  0.000932743         1024  0.000051807      2763667
323.750  0.003592630         2897 -0.005525285         6315 -0.004141634         1008  0.000488767      2748003
326.250  0.000775318         2842  0.000373297         6174 -0.007947368          950 -0.000598757      2743735
328.750 -0.002467177         2925 -0.003296403         6044  0.004152692          975 -0.000337694      2728200
331.250 -0.001001936         2876 -0.002442402         5753 -0.018634743          843  0.000145935      2716347
333.750 -0.013215090         2805 -0.009056347         5799 -0.021091761          857  0.000634600      2706486
336.250 -0.006780979         2935  0.007084055         5549 -0.020102197          868  0.000122771      2690278
338.750  0.008721100         2792  0.010154852         5478 -0.001428125          770  0.000083148      2681877
341.250  0.013039422         2743  0.005589524         5299 -0.020666828          796 -0.000330027      2663767
343.750 -0.003995294         2822 -0.000700514         5051 -0.009433958          813 -0.000024861      2648842
346.250 -0.001311268         2845 -0.002581504         5110 -0.010517251          743 -0.000378840      2634551
348.750 -0.008670961         2859  0.001276455         4754  0.003435062          743 -0.000146054      2622061
351.250 -0.001397376         2708 -0.007701990         4782 -0.009632742          676  0.000337060      2604259
353.750 -0.017727335         2641 -0.003058403         4660 -0.007315919          641 -0.000014373      2589637
356.250 -0.015787508         2811 -0.000072598         4483 -0.003175289          635 -0.000018302      2573664
358.750  0.017369381         2682 -0.002463431         4490 -0.033403116          655  0.000090006      2557961
361.250 -0.025415711         2636 -0.004672508         4317 -0.028477439          564 -0.000085231      2538937
363.750 -0.003301189         2733 -0.001496284         4123 -0.009064790          598  0.000233297      2522294
366.250  0.019730332         2592 -0.008744004         3980 -0.001120475          556  0.000381739      2501709
368.750  0.002804476         2706 -0.004541113         4073  0.008817094          551  0.000225573      2485201
371.250  0.006898012         2677 -0.003671818         3761 -0.012293324          572  0.000097648      2468791
373.750 -0.016641359         2644  0.007385936         3724 -0.016479378          485  0.000251905      2446562
376.250 -0.002300837         2577  0.001868229         3611 -0.026862423          477 -0.000305204      2433277
378.750  0.009574935         2618 -0.002297732         3621 -0.011166895          502  0.000041742      2409735
381.250 -0.003921538         2610 -0.001128092         3494 -0.023766910          480 -0.000224251      2392982
383.750 -0.005391868         2495 -0.004534046         3438  0.014166790          468 -0.000049274      2370070
386.250  0.024153789         2502  0.017030028         3310 -0.014242741          450 -0.000136103      2351449
388.750 -0.010166272         2463  0.003417922         3238  0.015872768          445 -0.000624916      2330530
391.250 -0.011716284         2446  0.000185409         3201  0.029129120          439  0.000235291      2312942
393.750 -0.013058381         2396  0.015610798         3029  0.020240983          424  0.000314447      2291374
396.250 -0.005586005         2326 -0.011697871         3016  0.022976612          438 -0.000397693      2271655
398.750  0.006208433         2368 -0.006639756         2938  0.005106085          349  0.000045565      2251848
401.250  0.016079886         2312  0.010339306         2776  0.033888704          389 -0.000108727      2231918
403.750  0.006897845         2350 -0.005019026         2717 -0.024535331          348  0.000137354      2209832
406.250  0.006638882         2336 -0.002300544         2746 -0.017852977          345 -0.000150792      2189228
408.750  0.010783487         2207 -0.008462129         2675 -0.023178484          324 -0.000131943      2172305
411.250 -0.006235502         2276  0.002946223         2451  0.001062810          302 -0.000314333      2150622
413.750  0.007112336         2222  0.000032780         2562  0.004559389          317 -0.000236323      2128830
416.250 -0.001003758         2253 -0.023138702         2409 -0.061846791          295 -0.000185697      2109873
418.750 -0.008675364         2189  0.011786790         2290 -0.021443234          298 -0.000630812      2087692
421.250 -0.001112692         2144 -0.007259411         2384 -0.025968936          298  0.000159465      2066492
423.750  0.009917556         2198 -0.007448314         2298  0.016570240          315 -0.000088965      2045257
426.250 -0.010097418         2154  0.012648798         2182  0.020537791          296  0.000031130      2024381
428.750 -0.018088810         2074 -0.000762316         2177 -0.016211926          250 -0.000466101      2003790
431.250  0.015039242         2137  0.002261419         2124  0.020496149          283  0.000221800      1983462
433.750  0.002519133         2078 -0.005219995         1971 -0.040075188          270 -0.000318573      1961550
436.250  0.007160098         2049 -0.026159188         2021  0.045302904          233  0.000286551      1938879
438.750 -0.016141412         2010 -0.000202085         1974 -0.012345948          233 -0.000185824      1921945
441.250 -0.001769563         1921  0.001109852         1813 -0.042583238          239  0.000291679      1900565
443.750  0.014711077         1990  0.007659574         1791 -0.034741070          230  0.000039357      1879938
446.250 -0.000499724         1996 -0.000146891         1810  0.062452633          224  0.000017040      1858048
448.750 -0.013921693         1925  0.017911906         1735  0.010917129          191  0.000042415      1837366
451.250  0.004062808         1881  0.018818261         1744  0.007822404          202 -0.000242765      1816620
453.750 -0.001361151         1948  0.001950028         1670  0.030637547          231  0.000195082      1799413
456.250 -0.017533268         1807  0.003461552         1631  0.009879357          182  0.000071902      1774220
458.750  0.006978787         1810  0.004911538         1569 -0.000139020          196  0.000137577      1755011
461.250 -0.003979937         1830 -0.005904875         1594 -0.018584052          237  0.000008948      1735537
463.750 -0.006325296         1834  0.016126267         1442  0.035226523          177 -0.000063859      1716914
466.250 -0.017484605         1735 -0.000254886         1455 -0.015681788          174  0.000387548      1694953
468.750  0.005620834         1841  0.000186698         1440 -0.010093026          161 -0.000023215      1675705
471.250 -0.004575600         1771 -0.005565335         1412 -0.013862105          141 -0.000221974      1657183
473.750  0.013019716         1706  0.004478782         1363 -0.050136026          146 -0.000248631      1633323
476.250  0.005383697         1680  0.002785719         1390 -0.019996750          161 -0.000291074      1614237
478.750  0.001964816         1648 -0.002989460         1279 -0.011619755          150  0.000159753      1597517
481.250  0.007949160         1648 -0.007624714         1265  0.023479559          138  0.000185706      1579051
483.750 -0.020756750         1713 -0.012426446         1245  0.018690852          139 -0.000262321      1559928
486.250 -0.005415100         1634 -0.005578487         1201  0.053815729          121  0.000111096      1538497
488.750 -0.004479044         1613 -0.005797577         1164 -0.000237255          132 -0.000055654      1518542
491.250 -0.001149710         1611  0.006219445         1139  0.031677343          130  0.000103485      1501300
493.750 -0.010224764         1574 -0.006181946         1068 -0.107773007          139  0.000255351      1480474
496.250 -0.007166234         1542  0.005555191         1143 -0.015684118          105  0.000184288      1462753
498.750 -0.009558296         1516  0.010163117         1057 -0.076482189          112  0.000273922      1446219
