//ppbar CF
//k[Gev/c]   CF(k)
0.014655387	1.0137506
0.024888974	0.97256196
0.034791414	0.94699264
0.04481657	0.9677338
0.05502188	0.9622534
0.065209076	0.97964853
0.075409085	0.9808634
0.084814794	0.9787229
0.095010825	0.9849592
0.105051	0.98673046
0.11508853	0.99184936
0.1251296	0.9925047
0.13516845	0.9959498
0.14520995	0.99604726
0.15509029	0.9983749
0.16513091	0.9995882
0.17549163	0.9991308
0.18521303	1.000899
0.19556801	1.0076947
0.20513444	1.003882
0.21565455	1.0034261
0.2253786	1.0018467

//pion interferometry
//k[Gev/c]. CF_qout[k]. CF_qside[k]. CF_qlong[k]
0.0025	1.127	1.095	1.127
0.0075	1.120	1.101	1.122
0.0125	1.107	1.108	1.113
0.0175	1.088	1.104	1.096
0.0225	1.072	1.091	1.072
0.0275	1.054	1.075	1.053
0.0325	1.037	1.059	1.037
0.0375	1.025	1.046	1.024
0.0425	1.014	1.033	1.018
0.0475	1.007	1.023	1.012
0.0525	1.001	1.015	1.010
0.0575	0.998	1.010	1.006
0.0625	0.995	1.006	1.004
0.0675	0.995	1.004	1.004
0.0725	0.994	1.002	1.003
0.0775	0.994	1.003	1.002
0.0825	0.994	0.999	1.003
0.0875	0.994	1.000	1.003
0.0925	0.995	1.000	1.002
0.0975	0.994	1.000	1.002
0.1025	0.996	1.000	1.002
0.1075	0.997	1.001	1.002
0.1125	0.996	1.000	1.001	
0.1175	0.996	1.000	1.002
0.1225	0.997	1.001	1.001	
0.1275	0.997	1.000	1.001
0.1325	0.997	1.000	1.001
0.1375	0.998	1.000	1.001
0.1425	1.000	1.000	1.002
0.1475	0.997	1.002	1.001
