#   q     Cout       Nout      Cside       Nside       Clong        Nlong
  1.250  0.245242385          247  0.265674301          233  0.376447531          240  2.983532951            6
  3.750  0.214283732          238  0.260784368          223  0.171964036          210  0.923057861           35
  6.250  0.162388335          217  0.071058990          239  0.109034108          219  0.412481208           84
  8.750  0.071027125          203  0.126584220          201  0.101797978          244  0.137412197          155
 11.250  0.101650724          224  0.103440348          233  0.096935160          228  0.151642446          295
 13.750  0.070854191          235  0.059857513          235  0.015127452          223  0.112262443          434
 16.250  0.087285758          246  0.074792659          246  0.064387654          228  0.053949594          568
 18.750  0.069609523          235 -0.010976545          273  0.028156660          202  0.068419897          758
 21.250  0.063471700          222  0.019756321          242  0.017145701          272  0.013315840         1021
 23.750  0.051514532          204  0.018318672          258  0.046327578          222  0.046843375         1320
 26.250  0.039397553          206  0.043118546          236  0.053327984          242  0.022249808         1570
 28.750  0.012872557          218  0.000501008          248 -0.018811383          227  0.031445134         1907
 31.250  0.051955626          230  0.032536207          239  0.018774292          241  0.021957580         2145
 33.750  0.027691520          231  0.046313951          253 -0.027445776          223  0.009631073         2486
 36.250  0.046529717          199 -0.000200996          255  0.018169018          204  0.010571423         2892
 38.750  0.031067385          226 -0.004140559          242  0.027128795          215  0.019150753         3256
 41.250  0.034027605          216  0.026585602          245  0.015515090          205  0.004356135         3584
 43.750  0.021922564          222  0.001452673          250  0.043523988          203  0.010788743         4223
 46.250  0.029919428          200  0.001679833          221  0.055856871          202  0.007002039         4534
 48.750 -0.004959436          196 -0.008439135          246  0.017792879          241  0.000105378         4957
 51.250  0.046109940          214  0.022673144          249  0.018025096          212  0.006840818         5469
 53.750  0.005665620          199  0.014984206          261  0.016936524          196  0.007232734         6081
 56.250 -0.046301278          218 -0.002794230          265  0.001161742          200  0.005242888         6509
 58.750 -0.002125430          169 -0.002466231          262 -0.001700526          232  0.002395571         7170
 61.250 -0.000241723          214 -0.000509343          228  0.049448131          193  0.002911501         7669
 63.750  0.010032439          201 -0.009891192          231  0.011462569          229  0.002038675         8250
 66.250 -0.005227827          209  0.000513655          224  0.010775303          204 -0.001667910         8964
 68.750  0.003379029          188  0.031728376          247  0.009750884          224  0.003499956         9585
 71.250  0.012391634          202  0.027547776          256  0.005179176          197  0.001759411         9972
 73.750 -0.008406760          182 -0.011668057          248  0.047491082          193  0.005312918        10735
 76.250  0.044710879          194  0.005633965          241 -0.012206602          224  0.005438850        11355
 78.750 -0.021386649          187  0.010215513          228  0.007561957          201 -0.000624682        12030
 81.250 -0.034336786          168  0.022136664          218  0.034862403          204  0.002849424        12471
 83.750 -0.017437189          159 -0.012596546          264  0.012359182          199  0.007193750        13223
 86.250 -0.022749629          179 -0.012706486          229  0.058134897          183  0.004230316        13942
 88.750  0.017174220          184 -0.033572488          263  0.000589136          177 -0.003171106        14763
 91.250  0.027899697          167  0.008374902          228  0.016523555          165  0.000459573        15439
 93.750  0.019627523          171  0.024545759          265 -0.018915979          168  0.004275259        16112
 96.250  0.014463761          165  0.002628625          258  0.030596058          197  0.004161681        16986
 98.750 -0.005899721          161  0.014143786          244  0.010911022          165  0.001183797        17494
101.250 -0.016143236          165 -0.007359516          245 -0.063716825          176  0.000706234        18171
103.750 -0.043373246          158 -0.010787583          280  0.013723170          181 -0.002308965        18928
106.250 -0.047344025          164 -0.017461805          225 -0.036008779          156  0.003359230        19858
108.750 -0.018612237          166 -0.005199137          238 -0.020848937          166  0.001867487        20739
111.250  0.003885529          160 -0.014290236          249  0.013839260          169  0.000523183        21500
113.750  0.002975797          132 -0.004650369          252 -0.047042762          173 -0.003221569        22265
116.250  0.005394188          147 -0.006007112          264 -0.018842422          165  0.002143056        22888
118.750  0.006715635          161 -0.031212735          240  0.004917479          159  0.000351060        23685
121.250  0.000231446          151  0.030621327          253 -0.002927694          172  0.001148561        24408
123.750  0.012010203          154  0.009534430          224 -0.030636873          172  0.001966536        25532
126.250  0.002013438          146  0.006992522          255 -0.034178364          155 -0.002779390        26057
128.750  0.013212534          122 -0.009048640          264 -0.015862913          172  0.000996393        26570
131.250 -0.060988713          143 -0.026380817          260  0.020287336          165  0.000765123        27582
133.750 -0.035822698          129  0.016327157          231 -0.003462355          157 -0.000056475        28239
136.250 -0.005147731          128  0.014950193          209  0.027577143          165 -0.001768038        29165
138.750  0.004093778          114  0.041689246          242  0.016292447          159  0.000848877        29901
141.250 -0.015694094          127 -0.017929586          262 -0.035530821          154  0.002406234        30444
143.750  0.033693619          128  0.020405342          240 -0.007690933          164 -0.000471931        30994
146.250 -0.004817763          146 -0.005851127          243  0.018041677          140  0.001395366        32135
148.750 -0.018795700          133 -0.019708287          230 -0.006226629          148  0.000212919        32987
151.250  0.007079042          118 -0.015239406          257  0.020793486          125 -0.000609031        33663
153.750  0.007131489          131  0.006620130          241  0.013098783          147  0.000142502        34771
156.250  0.009295080          127  0.001839258          222  0.008062393          149 -0.002049953        35227
158.750  0.004243920          159 -0.008827764          234 -0.012720606          136 -0.001459648        36404
161.250 -0.001949694          114  0.022308994          228 -0.009291008          140 -0.002245239        36803
163.750  0.025489803          119 -0.000389213          211 -0.021223048          126  0.000860887        37707
166.250 -0.021581953          124 -0.002815206          229  0.001704349          144  0.000228434        38448
168.750 -0.047461697          122 -0.026259696          229 -0.000829540          142  0.000386267        39170
171.250 -0.007955224          131 -0.003824819          254  0.010941200          128  0.000222677        39577
173.750 -0.029746710          127 -0.022632836          210 -0.013147050          114 -0.000579302        40918
176.250 -0.012938627          102  0.005636105          266 -0.017555260          132 -0.001036435        41633
178.750 -0.020183118          114  0.001223832          235  0.004452683          113 -0.000647779        41998
181.250  0.061352420          110  0.009405537          235 -0.023474985          136  0.000515865        42758
183.750  0.032114790          109 -0.032234434          251 -0.001772251          118 -0.001096548        43510
186.250 -0.009745070           90 -0.012127008          234 -0.024461483          143 -0.000890533        44386
188.750  0.031088082          113  0.017536856          250  0.014561496          129 -0.000264346        45406
191.250 -0.050939077           93  0.036857336          266 -0.014662745          123  0.002346901        45710
193.750  0.005423730           85  0.026852938          252  0.021476304          110  0.000131533        46725
196.250  0.069690354           77  0.015345176          265  0.058515487          113  0.001336396        47332
198.750  0.049016146          108  0.012690685          245 -0.034106335          111  0.001143315        47841
201.250  0.059654416           95  0.023193050          254  0.024497560          125 -0.000028214        48659
203.750  0.025553357           83  0.002193411          249 -0.018515937          107 -0.001678063        49912
206.250 -0.006419791           96  0.016901078          255  0.007607818          108  0.000983736        49962
208.750  0.008660045           97  0.013600815          228  0.001575662          111 -0.000019590        50958
211.250  0.041984746           95 -0.017018108          270 -0.032485876          123  0.000057365        51801
213.750  0.009952383           77 -0.014052730          227 -0.003531977          116 -0.000758641        52540
216.250  0.001327021           73 -0.007712667          230  0.137495778           93  0.000145689        53298
218.750 -0.069131289           81  0.037383504          256  0.032726023           97 -0.000789153        53880
221.250 -0.004113275           87 -0.011622248          243 -0.036553652           92 -0.000278928        54287
223.750 -0.007977891           83  0.005369076          243  0.058328829          107  0.000805380        55410
226.250 -0.028918168           96 -0.010995677          236 -0.039141006           92 -0.000315342        55818
228.750  0.002161002           71 -0.017723841          230 -0.013121685           92  0.000491811        56893
231.250  0.027913479           81 -0.013158968          249  0.021565226           93  0.000563954        57526
233.750 -0.004502634           87 -0.009603393          224  0.011796192           78  0.000626659        58008
236.250 -0.015889902           67 -0.034392309          248 -0.043302446           97  0.002048199        59030
238.750 -0.107094862           78 -0.008879061          228 -0.043344576           96  0.001914253        59322
241.250 -0.021247458           74  0.011334233          239  0.017795636          104  0.000913363        59492
243.750 -0.003035783           76  0.018568781          248 -0.007829860           94  0.000884131        60731
246.250  0.006178285           80 -0.030235105          201 -0.003218601           78 -0.001288971        61441
248.750 -0.020989071           60  0.001207021          235 -0.004789050           84  0.001098608        61704
251.250  0.013017010           71  0.007589975          226  0.010532979           81  0.000538131        62833
253.750  0.055759510           87 -0.011946838          236 -0.018865691           94  0.000412143        63201
256.250  0.029425752           81 -0.004159594          220  0.004532020           82  0.000057548        63627
258.750  0.000905951           74  0.021314703          194 -0.005376776           83 -0.000273336        64140
261.250  0.028957927           79 -0.000059293          198 -0.021579203           85 -0.001114441        65248
263.750  0.060053129           64 -0.002270079          195  0.006821113           86 -0.000751056        65684
266.250 -0.005061005           64  0.032802730          218 -0.007026087           78  0.001427510        65603
268.750  0.003638974           74  0.005744110          214 -0.010858024           91  0.000570598        67238
271.250 -0.034957839           70 -0.000119405          193 -0.060848494           84  0.001079542        67460
273.750 -0.027852258           71  0.015241318          191 -0.058090437           76  0.000626299        68154
276.250  0.045374571           57 -0.004520799          200  0.027659397           68 -0.001547107        68875
278.750 -0.108612149           70  0.031743132          213  0.001500330           94 -0.000971397        69188
281.250  0.010937219           70 -0.015603129          201  0.052363299           61 -0.000142735        69618
283.750 -0.018837783           76 -0.022402929          220  0.062480167           65  0.000364304        70165
286.250 -0.015889696           56 -0.007215961          176  0.018559004           54  0.000661388        70598
288.750 -0.070496252           65 -0.030293687          195  0.005736209           66  0.000561087        71296
291.250 -0.007650365           61  0.021046916          188 -0.027884838           59  0.000544807        71678
293.750  0.154038079           55 -0.000868242          192 -0.004598654           53  0.000134724        72516
296.250  0.073214847           58 -0.027614562          233  0.052494587           65 -0.001002980        72543
298.750 -0.006755901           68 -0.006765788          224  0.041222766           69 -0.001016722        73026
301.250  0.039164225           49 -0.042592883          217 -0.021569782           69  0.000908711        74055
303.750  0.022281166           66 -0.032161277          218  0.001924910           68 -0.001129862        74159
306.250  0.011149978           57 -0.000892221          172 -0.007950436           59  0.000289778        74352
308.750 -0.017534873           65 -0.023442664          182 -0.038798856           66  0.002034178        75246
311.250 -0.065577386           60  0.004753074          165  0.012102220           69  0.001043536        75675
313.750 -0.029616278           44  0.020515788          169 -0.042978392           54 -0.000644785        75673
316.250 -0.004412651           39 -0.021727686          188 -0.021388944           45  0.000056776        76599
318.750  0.033407224           61  0.008440164          180 -0.007390726           51 -0.000075706        76464
321.250  0.039292733           58 -0.000337914          162 -0.006922499           39 -0.000692352        77223
323.750  0.014460572           60  0.022622770          172 -0.034360139           66 -0.001760773        77378
326.250 -0.000524711           54  0.017137543          183 -0.045816730           44  0.001382758        78057
328.750 -0.025390540           52 -0.010795381          202  0.041197976           62  0.000392579        78732
331.250  0.027103320           51 -0.021510316          186  0.006176084           44  0.000401618        78287
333.750 -0.027064666           58  0.010937977          188 -0.026524261           48  0.000389883        78861
336.250  0.000724018           55  0.004383582          160  0.018692026           45  0.000382474        79198
338.750 -0.051202317           54 -0.020138858          175 -0.022156947           43  0.000444132        80305
341.250  0.005288330           36  0.024393502          170  0.032361550           39 -0.000640475        80187
343.750  0.005466893           61  0.008012681          151  0.066165221           41  0.000782362        80557
346.250  0.010129427           47  0.041089996          162 -0.044861427           44  0.002459824        80564
348.750  0.012552643           79  0.043361543          155  0.147241198           44 -0.000521013        81186
351.250 -0.003353100           47  0.028714344          150  0.023451431           38 -0.000020938        81437
353.750  0.047773469           64 -0.009596582          157 -0.026308035           41  0.000744333        81857
356.250  0.003386225           50  0.013873733          151  0.023666446           37  0.000937999        81179
358.750  0.050385485           55 -0.010485162          140  0.013860995           31 -0.000420094        82147
361.250  0.020981441           67  0.018244816          129  0.014160234           47  0.001168313        82308
363.750  0.054235483           49 -0.021563645          151 -0.069033247           33 -0.000837565        82631
366.250 -0.039855231           39 -0.025113091          149  0.010226913           39 -0.002250678        82948
368.750  0.053985290           58 -0.017505061          144  0.004755575           27  0.000327623        83616
371.250  0.000718425           63 -0.000909222          123 -0.007183462           29 -0.000047455        83766
373.750 -0.048742585           56  0.041086239          129 -0.056738414           39  0.001099704        84348
376.250 -0.027106591           52 -0.005474682          141  0.022913283           52  0.001964404        84702
378.750 -0.011488722           43 -0.023830033          134 -0.034889709           29  0.000314938        84538
381.250 -0.014861809           55 -0.020456978          128 -0.012196783           38  0.000231455        84439
383.750 -0.041644812           56  0.023916507          127 -0.006288233           38 -0.000078167        85177
386.250  0.008299270           47 -0.012007037          116 -0.008462267           34 -0.001027945        84926
388.750 -0.083060242           49 -0.022415788          138  0.091508759           39  0.000125788        84349
391.250 -0.008591293           51  0.021199316          128  0.075590146           36  0.000026403        85143
393.750  0.012154702           53 -0.008076648          152  0.014787058           38  0.000964188        85119
396.250  0.005684361           38 -0.024721758          109  0.021198057           23  0.000167925        85557
398.750  0.019510110           63  0.017231127          132  0.009063691           33  0.000182579        85352
401.250 -0.005234181           62  0.012803494          116 -0.163386447           27 -0.000870049        85330
403.750 -0.114874858           47  0.001940939          127 -0.013242275           41  0.001869107        85675
406.250 -0.059318798           49  0.006614751          137 -0.003060637           24  0.000450585        85927
408.750 -0.015941809           59  0.012154001          116  0.035076171           35  0.001086098        86255
411.250 -0.010746447           51  0.045594074          126 -0.013657878           30 -0.000529151        85456
413.750 -0.048160360           42 -0.009651590          123  0.035635723           33 -0.000122435        86067
416.250  0.126446596           44  0.018173322          116 -0.005698231           30  0.000888497        85836
418.750 -0.008206848           48  0.004468059          127  0.021118123           30 -0.000341522        86145
421.250  0.040448996           40  0.027042338          109  0.004911509           37 -0.000480113        86394
423.750 -0.016371817           48 -0.018985198           97 -0.000409050           27 -0.001585540        85989
426.250 -0.004229594           53  0.006697116          114 -0.043240962           23 -0.002190004        86040
428.750 -0.029490795           46  0.045071485          103  0.001132339           30  0.001688697        86756
431.250  0.062854472           44 -0.026956044           98 -0.035310495           13  0.001405264        86254
433.750  0.006745755           37 -0.010337047          103 -0.076647846           29 -0.001393852        85822
436.250 -0.012198428           55 -0.023082076          119 -0.079255547           20  0.000421199        86596
438.750  0.094823145           50  0.033780047          101 -0.051840078           25 -0.000586223        86544
441.250 -0.067058502           49  0.011395867          109  0.026924739           23 -0.000046737        86181
443.750 -0.026600595           44  0.014379461          127  0.015686960           18 -0.000657012        86361
446.250 -0.127340581           50 -0.001946210          104 -0.006886591           22 -0.000301004        85722
448.750 -0.012022981           46  0.025087142           97 -0.073675521           18 -0.000256945        85469
451.250 -0.005088791           30 -0.014656473           86  0.008906009           21  0.000334741        85762
453.750 -0.010423027           45 -0.012614866           91 -0.028692727           22  0.000583518        85996
456.250  0.067108041           40 -0.025007377          104 -0.018483462           17  0.000560873        85935
458.750  0.024524911           39  0.022702717          101 -0.000079584           16 -0.000677318        86485
461.250 -0.010656956           37  0.046790180           92  0.047291673           20  0.000008812        85769
463.750  0.050086260           32  0.013034212          105  0.006175405           23 -0.000745049        85680
466.250  0.013096294           40 -0.008137275           96 -0.026143286           21 -0.000611821        85421
468.750  0.019353053           42 -0.016371101          101  0.281563839           16  0.000746252        85530
471.250  0.129465783           38  0.010078748           96  0.017026238           22 -0.000844360        85064
473.750 -0.023200191           45  0.004182698           78  0.072569940           16 -0.000864243        85293
476.250  0.015500871           36  0.002943905           88  0.000038804           19 -0.000878806        85195
478.750  0.060452625           42 -0.020485253           80 -0.013788736           15 -0.000371175        85165
481.250 -0.005240622           47  0.006948533           84  0.000161042           12  0.000154306        84812
483.750 -0.002571566           50  0.025445995           78  0.043745559           17  0.000506349        85199
486.250  0.062624133           44  0.001458286           79  0.001630759           21  0.000187769        84470
488.750 -0.017262654           44  0.021538051           87 -0.034499812           19  0.001037305        84663
491.250  0.017183353           36 -0.007493069           69 -0.017732224           10 -0.000365560        83835
493.750  0.087737222           45  0.007400808           89  0.053651332           17  0.000650880        83868
496.250  0.003917482           51  0.051945061           90  0.010509560           15  0.000847699        83884
498.750  0.003930534           47 -0.001021702           97  0.000064027            9 -0.000007884        84171
