#   q     Cout       Nout      Cside       Nside       Clong        Nlong
  1.250  0.305866108          247  0.345646321          257  0.393064739          251  1.411783189            6
  3.750  0.220248193          243  0.237998883          257  0.271280439          255  1.137110363           41
  6.250  0.155641259          256  0.157359644          258  0.146937276          264  0.606134470           94
  8.750  0.155878966          260  0.142007197          264  0.077153771          278  0.185152198          191
 11.250  0.114977018          245  0.088176771          271  0.089033475          231  0.147286813          317
 13.750  0.103365164          284  0.065726309          228  0.071579398          256  0.115877547          484
 16.250  0.064823110          275  0.035726433          277  0.055395448          221  0.076359319          667
 18.750  0.083310054          229  0.032545340          221  0.046475662          237  0.060069361          787
 21.250  0.090705184          231  0.057863677          257  0.027012628          221  0.026625989         1078
 23.750  0.048628844          251  0.025232871          239  0.015270766          267  0.043466554         1351
 26.250  0.069391590          251  0.015255264          256  0.015356430          209  0.033423003         1536
 28.750  0.053281416          247 -0.002837176          244 -0.028937913          238  0.018290123         1881
 31.250  0.034609125          232  0.012276546          236 -0.042945634          222  0.009194879         2135
 33.750  0.016023350          245  0.022629574          242  0.042617552          203  0.014848906         2382
 36.250  0.024824356          226  0.003623095          258  0.000834093          221  0.013895766         2846
 38.750  0.030097733          215  0.008387837          228 -0.017609067          221  0.009129497         3288
 41.250 -0.007042647          201  0.020003550          266  0.019475782          246  0.014099062         3582
 43.750  0.071845369          220  0.036368221          237  0.009205394          243  0.007314279         4212
 46.250 -0.009367332          222  0.015309650          225 -0.007311363          208  0.007738982         4685
 48.750  0.026326304          217 -0.026577180          232  0.023011045          187  0.004164467         5008
 51.250  0.059165454          193  0.004881852          249 -0.018137434          231  0.005075475         5623
 53.750  0.005284996          206 -0.011244774          230  0.023268265          192 -0.000815228         5958
 56.250  0.009999974          212  0.014137673          265  0.001003586          207  0.005124229         6619
 58.750  0.008127317          197  0.018346902          229 -0.022985961          187 -0.002096259         7158
 61.250  0.017843834          196 -0.013004120          245  0.016734220          222 -0.000668195         7623
 63.750 -0.030734468          203  0.024636703          247  0.004850817          225  0.001522752         8234
 66.250  0.021865461          203  0.039905210          232  0.009326065          188 -0.002299886         8873
 68.750 -0.009231477          222 -0.001824403          229 -0.059161157          180 -0.001763020         9419
 71.250  0.029237895          182  0.008307637          235  0.016357815          208  0.003121287         9992
 73.750 -0.010811689          190  0.007935782          243  0.013802002          186 -0.001434107        10699
 76.250  0.000233923          170  0.003905467          269 -0.006492473          204  0.000139454        11339
 78.750  0.031139362          184 -0.010790316          232  0.005156050          194  0.006300939        11913
 81.250  0.025317415          175 -0.029835145          251  0.012474924          192  0.002732217        12690
 83.750 -0.020197882          180  0.017321414          201  0.029402433          203  0.002383489        13497
 86.250  0.005966578          210 -0.024738360          249 -0.011311185          197  0.001004871        14002
 88.750  0.004856518          166  0.027739920          242 -0.008075179          193  0.000614673        14847
 91.250  0.007802519          179  0.002109932          266  0.012837487          170  0.002732140        15454
 93.750 -0.000297399          169  0.034264017          242  0.024557737          194  0.005739451        16339
 96.250  0.001783281          194  0.015546903          229  0.042955518          186  0.003933126        16535
 98.750 -0.019516702          145  0.003021233          252 -0.031224297          194 -0.001519902        17573
101.250 -0.008025736          164 -0.021028374          241 -0.025731478          203 -0.001950027        18245
103.750  0.014445285          175 -0.009514238          238 -0.035647159          177  0.000365326        19122
106.250  0.002165882          157  0.004951636          254  0.011385073          189 -0.000382311        19929
108.750  0.004913694          139 -0.017236978          219  0.033315055          172  0.002959628        20696
111.250  0.044543601          155  0.038005493          242 -0.002486092          186  0.004078220        21179
113.750  0.019024610          154  0.019618210          263  0.001173779          151 -0.000290182        22179
116.250 -0.010816516          149  0.013953916          254  0.012229345          174 -0.000557968        22687
118.750 -0.018113066          170  0.027882930          229 -0.010791543          174  0.002138187        23568
121.250  0.009070982          146 -0.010196242          249  0.001305090          212 -0.002004188        24379
123.750  0.003387874          151 -0.009811841          237  0.006771458          154  0.001838618        25116
126.250  0.031808803          151  0.020580797          245  0.013643131          167 -0.000820313        25922
128.750 -0.002145344          124 -0.014986615          216 -0.013953929          167 -0.001955471        26882
131.250 -0.015736042          145 -0.021016574          236  0.033675316          175  0.001758674        27271
133.750  0.005259439          139  0.013555959          235  0.010635201          159 -0.000137532        28415
136.250 -0.004378337          142  0.014644097          233 -0.001491112          142  0.000209773        28969
138.750  0.004599069          127  0.004196165          220  0.001373308          141  0.001062738        29741
141.250 -0.003846982          136  0.013232596          255  0.008528387          163 -0.002182320        30509
143.750 -0.001085520          105  0.003689105          234 -0.030742842          145 -0.002310930        31620
146.250 -0.008945972          122  0.019286606          270  0.022464579          141  0.002701524        32191
148.750 -0.016424989          143 -0.029161549          243 -0.034988804          134  0.000700051        32760
151.250  0.034799635          104  0.004456243          277  0.005798780          147  0.000823923        34020
153.750  0.017896501          122 -0.006676113          247 -0.002867367          149 -0.000110520        34340
156.250  0.016986975          124  0.030186684          273  0.000758856          147 -0.000203506        35435
158.750  0.021367118          103 -0.014916882          239  0.002321353          151  0.001262582        36089
161.250  0.022269667          111  0.011070659          253  0.016583344          148  0.002020533        36523
163.750 -0.007857159          117 -0.003106030          239 -0.021053844          111  0.001645598        37641
166.250  0.014353307          113  0.005614648          234 -0.004547496          116  0.000169248        38339
168.750  0.038304060          106 -0.010018413          219  0.021710966          110  0.000329716        38864
171.250  0.005298409          122  0.008907908          217  0.022119110          125  0.003218710        39929
173.750 -0.013602877          109 -0.009000897          242 -0.004986482          127  0.000206242        40657
176.250  0.007836491          124  0.004296911          217 -0.011223949          124  0.000466478        41250
178.750 -0.000523378          122  0.015031735          266 -0.020013280          119  0.002561556        42077
181.250  0.033543039          100  0.007522070          280 -0.007117626          111 -0.001171428        43487
183.750  0.010969288           86 -0.008466098          241 -0.004981045          116 -0.000599804        43575
186.250 -0.001460419          108 -0.026415400          256  0.004166755          132  0.001030431        44260
188.750  0.006474883          114  0.016630934          232  0.001099685           99  0.000553438        44881
191.250 -0.027489706          113  0.002272889          249  0.028221823          122  0.000679828        46081
193.750 -0.024046150          114  0.013945205          248 -0.005578786          102 -0.000192707        46709
196.250  0.028947234          106 -0.032315712          243  0.041437964          114  0.000041611        47446
198.750 -0.026243250          105 -0.025198609          241  0.033270482          112 -0.001026973        47773
201.250 -0.023080504          103  0.014978573          251 -0.014808867          102  0.000400770        48912
203.750  0.022099002           90  0.022084542          261 -0.011600394          111 -0.002538659        49738
206.250 -0.005941795           91 -0.006307358          223 -0.003941142          131  0.001427626        50315
208.750  0.004381191          121 -0.025540626          261  0.062154714           99 -0.000733689        50904
211.250 -0.020897752          111 -0.000756497          255  0.016973732           97  0.000235880        51812
213.750  0.006615234           83  0.007602503          231  0.013742608           99 -0.001391975        52348
216.250  0.007928934           78  0.011798878          221  0.032287366          123  0.000744002        53149
218.750  0.054061348           90  0.001728872          249 -0.005900138           98 -0.000088224        53812
221.250  0.051032158           99 -0.007274261          239  0.022057457          107  0.000758292        54613
223.750 -0.007097240           80  0.013756008          248  0.013139989           84 -0.000145997        55420
226.250  0.026391994           86  0.015787440          221 -0.001489909           98 -0.000697574        56023
228.750 -0.016145841           78  0.016598573          219 -0.002306825           98 -0.000782867        56141
231.250  0.014598381           84  0.014167461          209 -0.005300426           84 -0.000488651        57153
233.750  0.016372258           95 -0.026634677          246 -0.059611752          103 -0.000848320        57867
236.250 -0.029666734           68  0.016893699          257  0.018806147           93  0.001376600        58456
238.750 -0.011007222           75  0.000144209          245 -0.016399544           88 -0.000712602        59195
241.250 -0.029522363           65  0.002377375          218 -0.000166963           87 -0.000286641        60077
243.750  0.005831095           68 -0.023293385          236  0.034035974           86 -0.000390148        60752
246.250 -0.049935192           77 -0.002368700          230 -0.012354448           83 -0.000209539        61810
248.750  0.007663801           64 -0.018019304          201 -0.010695094           82  0.000685128        61845
251.250  0.005330773           79 -0.011339846          221  0.035518415           86  0.000484130        62542
253.750  0.018880956           72 -0.003955287          210  0.003580916           87  0.000586455        63085
256.250 -0.017383264           76  0.042295268          201 -0.029454023           66 -0.002182411        63916
258.750 -0.010912152           75 -0.006213091          247 -0.101595798           73  0.000802029        64847
261.250 -0.044388110           71  0.014930431          197  0.015899626           77 -0.000329684        65135
263.750 -0.013964091           71 -0.034043104          211  0.031519006           66  0.000420060        65743
266.250 -0.034984549           74  0.030445213          214  0.017390434           87 -0.001397398        66307
268.750 -0.012924129           61 -0.002436077          218 -0.030752550           70 -0.001172512        66597
271.250  0.030044207           65 -0.063384672          226 -0.017740297           70 -0.000226711        67600
273.750  0.027244132           79  0.008010447          208 -0.017092497           63  0.001054275        67816
276.250  0.017874498           75 -0.036447923          215  0.007763485           60 -0.000531864        68219
278.750  0.034003811           69 -0.007614158          194 -0.001923674           61  0.001343603        68884
281.250 -0.044984617           66  0.007220157          202 -0.019749395           71  0.000923991        69800
283.750 -0.001744150           50  0.001297332          175  0.009657879           65  0.001183097        70180
286.250  0.008650559           67  0.016327403          197  0.018679240           70  0.000708211        70406
288.750 -0.000854375           70  0.013669452          207  0.034263585           72  0.001544407        71067
291.250  0.029705195           56  0.009646773          189  0.021600370           76 -0.000735160        71816
293.750  0.046159342           62  0.022239543          205  0.005380755           52 -0.000126956        72363
296.250  0.005465308           83  0.024394245          207  0.027190549           70  0.001612374        72853
298.750  0.035370395           52 -0.006689494          179  0.068666913           66  0.000568570        73245
301.250  0.046579456           53 -0.020454373          184  0.067613145           56  0.000362082        73583
303.750  0.018968720           57 -0.013529539          168 -0.045558303           55  0.000348875        74443
306.250 -0.028996111           74  0.019836524          188 -0.029934102           58 -0.000711223        74958
308.750 -0.009397038           48  0.029848655          158 -0.018754471           56 -0.000773194        74878
311.250 -0.042206890           46  0.011634161          167 -0.002530356           51 -0.000146196        75567
313.750  0.039539263           75  0.013073615          152 -0.014041421           50  0.001783935        75764
316.250  0.011129114           57  0.021740572          176 -0.015027223           59 -0.000847223        76375
318.750 -0.011174617           59 -0.004904729          186 -0.046828132           63  0.000735050        77317
321.250  0.025681437           59 -0.013889119          180 -0.004801872           47  0.000491886        77839
323.750  0.018482736           63  0.001829105          181 -0.026791206           45 -0.000157316        77720
326.250 -0.030141366           51  0.017259241          166  0.046330887           48  0.001383234        78489
328.750 -0.039774531           61  0.002522469          157 -0.014086567           57  0.000705905        78387
331.250 -0.019826287           53  0.020275097          194 -0.008335718           45 -0.002506920        78802
333.750 -0.010666934           56 -0.025162349          205  0.007024515           43 -0.000450391        79169
336.250  0.098570707           68  0.025015732          165  0.039798558           40 -0.000645148        79733
338.750  0.003522520           43  0.002309043          174  0.015382374           48 -0.000997119        79782
341.250  0.034294643           55 -0.038362066          173 -0.061014791           40 -0.000752004        80164
343.750 -0.020728871           57  0.010547099          177  0.061455207           44 -0.001843356        80702
346.250 -0.039805265           46 -0.024111648          132 -0.016477883           50  0.001028430        81038
348.750 -0.032942978           65 -0.008020774          154 -0.010366201           42  0.000528787        81143
351.250  0.002582436           68 -0.023435880          165  0.035229445           32 -0.000837181        81871
353.750 -0.024247725           63  0.002160161          145  0.027957164           38 -0.001766257        81907
356.250 -0.033375418           68 -0.013101410          153  0.013935849           36  0.000173579        82223
358.750 -0.015263416           52  0.024639745          179 -0.028863622           43  0.000013411        82643
361.250  0.002352576           68 -0.019574723          187  0.010671295           43 -0.000450225        81916
363.750 -0.003782348           46  0.043804313          141 -0.007455513           23  0.000640027        82805
366.250 -0.025158701           52  0.034731133          142 -0.009882202           36 -0.000617173        83352
368.750 -0.001554764           52 -0.009014687          137 -0.006242673           43 -0.000558282        82922
371.250 -0.027021158           64  0.024549321          145 -0.014159324           53  0.000493491        83860
373.750 -0.000769130           47  0.005387692          151 -0.021870489           41  0.001702587        83677
376.250  0.008121953           65  0.018821367          127 -0.024457589           37  0.001398932        83554
378.750  0.026215544           41 -0.015975654          145  0.000250565           32 -0.000626631        84453
381.250  0.000368980           54  0.017447948          138 -0.073431926           39 -0.001314805        84166
383.750  0.111834513           59 -0.011674405          135  0.012813516           31  0.001050615        84588
386.250 -0.069420880           44  0.020274413          124  0.012555327           30  0.000692291        84738
388.750  0.025714888           50  0.008083315          129  0.006362323           36 -0.001313083        84811
391.250 -0.003078515           65 -0.000411016          126  0.020267394           29  0.001232556        85002
393.750 -0.003745950           54 -0.050396607          142  0.076886931           28 -0.000132241        85354
396.250  0.018414044           48  0.015389224          124  0.042563886           39 -0.000082420        85854
398.750 -0.006887600           50 -0.009274782          107  0.032618747           32  0.001167479        85528
401.250  0.002542849           54 -0.008148828          130 -0.049740868           21  0.000179413        85228
403.750  0.038209918           48  0.009657383          106  0.001592053           36 -0.000127102        86016
406.250 -0.045256461           48 -0.010521426          112 -0.062490724           23  0.000629876        85790
408.750 -0.004281302           50  0.041660198          127 -0.032173256           30 -0.000492718        85493
411.250 -0.020068000           50 -0.006805990          128  0.006770474           36  0.000685930        85902
413.750 -0.022869564           43  0.002969152          120 -0.000040185           19 -0.000123138        85555
416.250  0.028043678           54  0.010136910          125  0.017427821           36  0.001347279        86041
418.750  0.025553635           58 -0.002573730          123  0.028747284           29  0.000248311        86209
421.250 -0.037524453           63 -0.040411163           99 -0.007059404           25 -0.000681423        86706
423.750  0.003026890           46  0.012247194          113 -0.015725922            7 -0.000591474        86274
426.250  0.007692443           49 -0.032999910          117 -0.011141085           19 -0.001449661        86166
428.750  0.021348349           49  0.035198834          105 -0.061292925           18  0.000258684        86583
431.250 -0.018710098           55 -0.008514886          126  0.103203380           22  0.002230618        86844
433.750  0.011317046           54  0.050683766          118  0.016421304           21  0.000802736        86223
436.250  0.006904201           50  0.005518876          109  0.171625438           14 -0.000173656        86521
438.750  0.021931667           44 -0.004042052          108 -0.039536894           19 -0.000351152        86369
441.250 -0.030665455           47 -0.033453249           78  0.000055611           23 -0.000015734        86333
443.750 -0.010513935           55  0.013952703          102 -0.001011777           24  0.000145200        86234
446.250 -0.049780950           38 -0.021913177           94  0.026378841           22  0.001496469        86572
448.750 -0.010029541           45  0.017536117           90 -0.000123325           17  0.000677165        86173
451.250 -0.036570294           43  0.017102536           94  0.041932126           26 -0.000830349        85922
453.750 -0.026985573           45 -0.020005884           90  0.012629342           14  0.000420228        85735
456.250  0.054572991           50  0.014739303          106  0.071415034           24 -0.000208356        85918
458.750 -0.018341660           46  0.016621934          102  0.003978702           20  0.000592145        86130
461.250 -0.003986905           38  0.012516512           97  0.008224086           24  0.000431840        85526
463.750 -0.020636731           48 -0.004347268          102  0.006121977           19 -0.000006258        85615
466.250 -0.008778631           42  0.017030762           90  0.041653589           20  0.001258465        85646
468.750  0.004479275           48  0.008203099           87 -0.090702968           13 -0.000519098        86102
471.250 -0.014492899           53 -0.003877386           86 -0.032336942           23 -0.000342018        85056
473.750 -0.015570965           44 -0.070517799           84 -0.002151081           19 -0.001881018        85212
476.250  0.012434035           32  0.042917409           64 -0.027590662           11  0.000458493        84978
478.750 -0.050167621           39  0.020352721           74  0.048441073           18 -0.000696088        84906
481.250  0.011548064           51  0.015582179          102 -0.001853534           13 -0.000121884        84649
483.750  0.049136806           40  0.006971043           91  0.002869226           14 -0.000912765        85312
486.250 -0.060639285           54 -0.109354360           82  0.015161516           22  0.001252407        84540
488.750  0.007093941           40  0.001503362           78 -0.007356029           10  0.000206514        84386
491.250  0.003375933           48 -0.001189177           92  0.007402037           13 -0.001189145        84284
493.750  0.036466326           42 -0.009607752           74 -0.015762441           19 -0.000161299        84353
496.250  0.020748723           47  0.029423753           77  0.000031301            9  0.000669852        83897
498.750  0.038340793           52 -0.020575679           90 -0.020324237           17 -0.000569952        83891
