#   q     Cout       Nout      Cside       Nside       Clong        Nlong
  1.250  0.268139316          252  0.347994157          260  0.318260393          254  2.446925302            7
  3.750  0.194888058          245  0.209794387          211  0.199238151          223  0.663590754           34
  6.250  0.151000847          240  0.157194082          225  0.156795657          219  0.518220508           98
  8.750  0.124054044          242  0.110576010          221  0.110203697          235  0.224870890          176
 11.250  0.131577913          206  0.042998889          245  0.132953446          224  0.115121778          274
 13.750  0.082537905          221  0.089508607          244  0.046374319          251  0.129321760          432
 16.250  0.063033955          239  0.069783733          236  0.047279133          280  0.077517759          645
 18.750  0.066693505          288  0.052053855          227  0.038353560          249  0.063869310          847
 21.250  0.049502831          256  0.005640877          260  0.056621608          221  0.041569977         1073
 23.750  0.046415949          250  0.034509537          246  0.016700958          245  0.021923010         1307
 26.250  0.045584693          228  0.014517951          256  0.036442895          242  0.032681371         1596
 28.750  0.030994141          226  0.036411060          248  0.002921502          212  0.037792602         1854
 31.250  0.060251846          208 -0.005589674          260  0.035945457          209  0.009209074         2126
 33.750  0.050005708          226  0.013924751          236 -0.023506634          241  0.020665646         2464
 36.250  0.004155007          215  0.019442909          240  0.009924758          237  0.008490167         3009
 38.750  0.021366214          219  0.027100343          225 -0.022870708          231  0.007737655         3308
 41.250  0.009700953          228  0.007942704          255  0.018060679          229  0.013586464         3684
 43.750  0.015891164          223  0.002112056          248  0.008218037          200  0.003400233         4017
 46.250  0.019369801          211  0.008562097          273  0.016206822          182  0.002570114         4593
 48.750  0.028319508          192 -0.002548363          260  0.017817884          204  0.003336859         5049
 51.250 -0.028328339          220  0.011405340          247 -0.002851360          222  0.001742438         5526
 53.750 -0.018713717          192  0.014134942          265  0.030689903          231  0.012036894         5974
 56.250 -0.028410355          222  0.008942317          238 -0.015812840          212  0.002311330         6718
 58.750  0.000355132          209  0.020700865          226  0.009418595          206  0.006102608         7129
 61.250  0.010739513          174  0.019266274          228 -0.036085161          218  0.005742801         7881
 63.750  0.055448377          187  0.018862083          242  0.004099813          205  0.001741860         8225
 66.250  0.008690825          199  0.007122596          250  0.009704273          211  0.002358108         8932
 68.750 -0.016359431          186  0.002111570          258 -0.009925846          214  0.001055810         9489
 71.250 -0.005143073          168 -0.017939170          235  0.012048249          162  0.000749741        10051
 73.750  0.015808020          176  0.012864400          250  0.014009006          183 -0.000357759        10628
 76.250  0.022078182          193  0.022444394          228  0.026713820          182  0.001743635        11251
 78.750  0.022964204          209  0.001487442          224  0.015880635          184  0.001696756        11907
 81.250 -0.018694129          183  0.016689391          233  0.005734581          201  0.004289200        12560
 83.750  0.010065994          169  0.037943141          237 -0.027619018          189  0.000894954        13578
 86.250 -0.026337227          172  0.009064010          242 -0.009297338          191  0.000647805        14052
 88.750  0.027447587          170  0.010585855          255 -0.016125087          169 -0.000401291        14746
 91.250  0.011245022          187 -0.033107167          210  0.009196445          192  0.004223813        15314
 93.750  0.011981281          163  0.027284804          273 -0.007419796          176  0.002695503        16183
 96.250 -0.013421005          155 -0.018783101          229 -0.002896589          190  0.001660433        16862
 98.750 -0.010665003          148 -0.022792610          234  0.002376086          191  0.001977553        17550
101.250 -0.004514756          144  0.018796704          237 -0.004535308          206 -0.000823591        18362
103.750  0.009312001          171 -0.017668409          273  0.020435198          170  0.004671869        19110
106.250  0.043798657          170  0.007380433          256  0.008370450          180 -0.001192048        19723
108.750  0.044692158          168  0.013129210          232 -0.004967421          152  0.000579598        20421
111.250  0.028566190          156  0.021076688          269 -0.012723534          195  0.001537436        21455
113.750 -0.005769905          160  0.005650368          241  0.024260637          164  0.002432521        22163
116.250  0.008632211          147 -0.003440954          279 -0.017928304          183 -0.002060688        22969
118.750  0.053217414          145  0.021132185          248 -0.004780675          173  0.000960262        23405
121.250  0.011590045          141  0.016232963          265  0.002653162          168  0.002019711        24444
123.750 -0.014612842          149 -0.002931883          255 -0.016779995          164 -0.001610624        25271
126.250  0.002801595          136  0.017906816          230  0.004574311          192  0.000779749        26246
128.750  0.013741038          160  0.009613793          236  0.034499053          175  0.000255790        26872
131.250 -0.013470558          149  0.000862221          235  0.036043514          176 -0.000652446        27439
133.750 -0.025080087          160  0.015447338          239  0.038925660          161  0.002602201        28249
136.250 -0.030574957          131  0.017860940          252 -0.004940700          163  0.001196393        29150
138.750  0.043014742          135  0.008136333          222 -0.011960857          153 -0.001026533        29808
141.250 -0.003955609          100  0.023692465          255 -0.046090814          171 -0.000726107        30784
143.750  0.006613562          107  0.019115163          264  0.012010335          148  0.000525317        31490
146.250 -0.031477382          115  0.005597589          243  0.000763457          155  0.001073248        32247
148.750 -0.033283712          135  0.022020358          230 -0.009172904          151  0.002810513        32925
151.250  0.019770187          113 -0.008177195          255  0.022131699          148 -0.000485024        33633
153.750  0.021499415          113  0.010019863          215  0.011965460          156  0.001322810        34607
156.250  0.007600343          136 -0.012159921          245 -0.020808275          138 -0.002307379        35525
158.750 -0.030512993          123  0.011302439          222  0.017393078          150  0.002206679        36032
161.250  0.042680005          123  0.026993840          247 -0.002464249          143 -0.000457600        36739
163.750 -0.064953276          123  0.012027627          248  0.020751024          146  0.001117675        37499
166.250  0.038121991          104 -0.014187775          244  0.001542749          144  0.000801561        38542
168.750 -0.018810329          106 -0.004737266          250  0.007222345          132  0.000508675        39382
171.250  0.002543821          105 -0.021613505          241 -0.006420794          129 -0.001485980        39796
173.750  0.011357894          119 -0.047079437          257 -0.032213504          143 -0.001082460        40485
176.250  0.007729906          104 -0.036019544          281 -0.032751670          141 -0.002241816        41516
178.750 -0.053957750          122  0.005507802          281 -0.018736379          137 -0.001569876        42317
181.250 -0.021579626           92  0.003204894          251  0.026393331          136  0.000665450        42931
183.750 -0.059026004          121  0.006575014          282 -0.043103485          116 -0.000179114        43551
186.250 -0.007806602          105 -0.001777965          221  0.000830958          120 -0.000401890        44510
188.750  0.002395163           90 -0.013962542          258  0.004856310          120  0.000812335        44857
191.250 -0.013174317           85 -0.015743692          247 -0.032156880          119 -0.000154907        45978
193.750 -0.026984810           97 -0.020234358          241  0.003874319          112  0.001490543        46557
196.250  0.020484755          109 -0.011861938          236  0.033036567          110 -0.002574465        46995
198.750 -0.006832388           93  0.000301494          246 -0.002519806           92 -0.000417081        48066
201.250 -0.017378790          107 -0.011580324          252 -0.040366725          110  0.000638298        48512
203.750  0.036938409           83 -0.038801103          248  0.016066757          108  0.001583354        49528
206.250  0.008156203           94  0.011477464          249  0.041313047          103 -0.000814427        50247
208.750 -0.017793834           93  0.033418307          212  0.005509988          109  0.001658960        50602
211.250 -0.031082810           77  0.002832366          251  0.009344327          124  0.001049716        51538
213.750  0.007070790           83 -0.028061930          230  0.028917548          118  0.000084816        52661
216.250  0.014387610           84  0.018861840          234  0.002545317          112 -0.002051241        53246
218.750  0.002603690           93  0.006007733          240 -0.018484333           91 -0.000109180        53918
221.250  0.002657888           81  0.029281199          244 -0.003632236          105 -0.000457530        54330
223.750  0.039647168           94  0.003407236          240 -0.021615680           94 -0.001960468        54638
226.250  0.004886174          102  0.014734921          244 -0.010254870           96 -0.001375991        55710
228.750  0.092255599           90 -0.007490326          263  0.003945105          100 -0.000545142        56297
231.250  0.007065919           72 -0.000225904          271  0.001617935           89  0.001279254        57192
233.750 -0.029356168           88 -0.012738787          230  0.000574967           95  0.000515204        58446
236.250 -0.023997713           77 -0.015413797          221  0.037132313           93 -0.002005802        58242
238.750 -0.010484888           78  0.009553985          226 -0.028653400           95 -0.002750559        59786
241.250 -0.041429322           70 -0.005254538          228  0.018145662           71 -0.000195907        59759
243.750  0.024010371           71  0.037813835          215  0.007515998           76  0.000639624        60817
246.250  0.014836537           81 -0.001642940          248  0.027187944           91  0.000871294        61360
248.750  0.009376880           75 -0.040197088          197 -0.001776982           84  0.001853726        62153
251.250  0.005966892           68  0.018766904          232 -0.025382465           88  0.000196929        62253
253.750  0.005908845           88  0.024154590          209 -0.004019646           87  0.001112535        62858
256.250 -0.022428985           79 -0.039243341          210 -0.005522777           99 -0.000729895        63581
258.750  0.019034513           70 -0.002809774          232 -0.008161968           85 -0.000620724        64270
261.250  0.010301931           69  0.005422427          207 -0.051136612           82  0.000659908        65006
263.750 -0.043809835           81 -0.011789411          199  0.018351177           77  0.001272168        65208
266.250  0.008620216           72  0.000126025          206 -0.082856564           63  0.000677823        66150
268.750 -0.040934779           68  0.005939205          226  0.019075225           86 -0.000159629        66991
271.250  0.033665340           66  0.000171302          221  0.047951463           70 -0.000421229        67480
273.750 -0.008514622           62  0.017150023          213  0.007253026           69 -0.000136553        67899
276.250  0.065475904           73  0.003774763          205  0.028264682           79  0.000606426        68440
278.750  0.045461664           57 -0.027002717          186 -0.062224670           70  0.000085050        68534
281.250  0.199993005           46  0.001648936          187 -0.007566174           65 -0.001379544        69700
283.750  0.042067952           63 -0.017783551          208 -0.002092916           61  0.000646572        70280
286.250  0.018784930           66  0.022552762          205 -0.061415846           69 -0.000879995        71041
288.750  0.014085311           63  0.015609905          211  0.053847566           66  0.000307678        71439
291.250 -0.017872577           55  0.027577183          179 -0.022169589           65 -0.000215263        71585
293.750  0.036175513           72 -0.010204322          193 -0.021706884           65  0.000685712        71946
296.250 -0.015658289           65  0.008375058          209 -0.003080015           57 -0.000061040        72896
298.750  0.021246023           58  0.012187844          199 -0.051282654           52  0.002183411        73048
301.250 -0.013510555           68 -0.025064153          182 -0.029104378           56 -0.000726138        73791
303.750  0.007009882           66 -0.014021217          212  0.094300657           62 -0.000400604        73913
306.250 -0.002932001           55 -0.006829311          182 -0.021302184           67 -0.000689622        74371
308.750  0.010911678           60 -0.019214681          178 -0.011907825           57 -0.000176423        74901
311.250 -0.021413962           73 -0.014069128          190 -0.020052048           61 -0.000513040        75486
313.750 -0.001562569           53 -0.008399482          178  0.015069060           59 -0.000718550        75885
316.250  0.021542112           57  0.016053073          177 -0.045596082           55  0.000593597        76503
318.750 -0.019735228           55 -0.019597670          190  0.006095173           51 -0.001701588        76671
321.250 -0.024500973           61 -0.026123570          159 -0.016063280           57  0.001470077        77356
323.750  0.059252743           53 -0.048042395          184  0.019805442           58 -0.001196442        77128
326.250 -0.003236281           77 -0.031832541          164  0.006639944           44  0.000407117        78055
328.750 -0.003682738           71 -0.008379421          184 -0.125987743           46 -0.000570834        78090
331.250 -0.039612757           64  0.005919053          164 -0.019801182           50 -0.000258234        78309
333.750  0.009328178           66  0.017247046          177 -0.010985984           66  0.001139714        78915
336.250  0.043284126           49 -0.018670042          137 -0.012433309           55 -0.000735031        79114
338.750  0.012497405           70 -0.011172736          150  0.003933867           49  0.000492822        80108
341.250 -0.018585345           52 -0.013450315          162 -0.001606372           40 -0.000810716        80345
343.750 -0.032866962           57  0.021765335          157 -0.056508616           36  0.001052736        80368
346.250  0.005917944           64 -0.004192820          165 -0.024929154           55 -0.000824184        80854
348.750  0.047223522           56  0.021865760          190 -0.048325831           42 -0.001107084        80852
351.250  0.023866822           54 -0.001638699          152 -0.013028899           33 -0.000196399        81667
353.750 -0.066324457           54 -0.011030209          158  0.052119667           41  0.000008575        81985
356.250 -0.029818899           55 -0.011055000          172  0.054201859           49  0.002054329        82254
358.750  0.016762404           64  0.008504732          149  0.019147820           41  0.000830418        81972
361.250 -0.045544090           49  0.010991992          152  0.009062879           44  0.000486998        82461
363.750  0.008800599           46 -0.044847849          166  0.025011873           25 -0.001272820        83169
366.250  0.003536019           44  0.013784282          158  0.054056309           33  0.000619223        83552
368.750  0.002345470           45  0.009209063          141 -0.012884916           33 -0.000363163        82947
371.250 -0.011856703           49  0.005731197          142 -0.087441542           38  0.000630719        83788
373.750 -0.034508737           53 -0.000700591          156 -0.012923546           39 -0.001260224        83580
376.250  0.028751401           42 -0.060314195          125  0.008493411           39  0.000432874        83701
378.750  0.027820703           66 -0.013526788          140 -0.027480380           36  0.000093764        84412
381.250  0.001018593           42 -0.005748074          144  0.009321195           40 -0.000333380        84192
383.750 -0.014488948           58 -0.013948422          133  0.028149924           28  0.000347710        84504
386.250 -0.023370323           61 -0.008620479          122 -0.033796646           36  0.000446993        84546
388.750  0.030498784           62 -0.003734717          149 -0.007310971           34  0.001496084        84842
391.250 -0.008675107           53  0.008448907          149 -0.020075085           36  0.000252825        85539
393.750 -0.019517721           45 -0.018300023          122 -0.035193571           33 -0.000692588        85128
396.250  0.006319423           56 -0.011526656          122  0.085347084           24  0.000965052        85349
398.750 -0.004792711           48 -0.002968572          117  0.009219552           30 -0.000114628        85201
401.250  0.002618822           49  0.011895466          144  0.047144777           31 -0.000212752        84937
403.750 -0.077034320           57  0.014753500          149 -0.003390189           26  0.000090445        84893
406.250  0.019406121           39  0.023788987          124 -0.069393701           32 -0.001020248        85814
408.750  0.000855237           52  0.045114255          117  0.003557895           31  0.000889403        85654
411.250  0.006189093           41  0.025981415          118 -0.003444751           18 -0.000357975        86045
413.750  0.027621268           57 -0.017617907          133  0.064814688           32 -0.000519153        85871
416.250  0.034882195           58 -0.052399668          116 -0.015158750           23  0.000685370        85822
418.750 -0.021714743           51  0.012518025          130  0.037900701           24  0.000771437        86243
421.250 -0.020940894           52 -0.028273791          121 -0.002768172           27  0.000549934        86409
423.750  0.027092463           55  0.026888695          116  0.016364161           25 -0.001216307        86116
426.250 -0.005281447           53  0.014984385          126 -0.010429734           28 -0.001327666        86174
428.750  0.002907061           51 -0.025205577          130  0.000267366           23  0.000309788        85861
431.250 -0.063213167           44 -0.022226517           99  0.001357259           26 -0.000164722        85963
433.750  0.045995312           46 -0.003980586          114 -0.007715546           29  0.000589940        86085
436.250  0.025294142           52  0.000888228          104 -0.022418210           22 -0.001032198        86208
438.750  0.041861140           51  0.022588495          110  0.036580772           18 -0.000736427        85808
441.250 -0.031524714           57 -0.018955964          104 -0.018414158           17 -0.000282841        85901
443.750  0.001688352           47 -0.019322576          105  0.146003114           16  0.000461585        86698
446.250  0.004941904           43 -0.002432374           98  0.168796285           19  0.000476792        86167
448.750  0.023146207           44 -0.000586989           91  0.003409871           17  0.000425990        86394
451.250  0.000127304           42  0.077079535           99 -0.052233771           18  0.000938383        86060
453.750 -0.074732967           43  0.019376032          125 -0.064177669           22 -0.000357518        85999
456.250  0.040503082           53 -0.045550788          106  0.000930624           20  0.000869278        85914
458.750 -0.101712410           41 -0.002244989          100  0.010499385           20 -0.000052940        86288
461.250 -0.001093485           44  0.005210228           96 -0.087087394           23 -0.000056189        85582
463.750 -0.010368624           48 -0.018337728           91 -0.060748554           20 -0.000964593        85573
466.250 -0.006343105           46 -0.000706678           89  0.000041706           16  0.000674948        85945
468.750  0.019676502           54 -0.010171001           95  0.000109454           11 -0.000455643        85140
471.250 -0.084897173           42 -0.025179139           86 -0.008158148           12  0.000275701        85156
473.750  0.058428620           46 -0.004498454           83 -0.025889675           13 -0.000177927        85478
476.250 -0.005563820           54 -0.020221627           90 -0.010429156           17 -0.001643980        84765
478.750  0.009024378           51 -0.007230652           80 -0.001301346           21 -0.000061276        85166
481.250 -0.032470350           49  0.005017538           83 -0.004362005           13 -0.000517319        84934
483.750 -0.008799036           39 -0.014700315          104 -0.024699754           20 -0.000410203        84722
486.250 -0.037413815           40  0.001583512           87 -0.002895686           12  0.000884232        84408
488.750  0.007276766           37  0.002200890           83 -0.033292584           21 -0.000256211        84111
491.250  0.053675068           46 -0.014659715           75 -0.000229904           10 -0.000271303        83906
493.750 -0.180887285           43  0.005106644           97  0.004398443           18  0.000968003        83989
496.250  0.054714108           49  0.014918403           83  0.000328746           12 -0.000736287        84106
498.750  0.005723858           44  0.007785509           70 -0.011267443           14  0.001308787        84107
