#   q     Cout       Nout      Cside       Nside       Clong        Nlong
  1.250  0.195432563          215  0.251779375          267  0.302868053          279  4.299184194            4
  3.750  0.200711161          230  0.244320247          264  0.192070976          230  0.555891616           36
  6.250  0.191245023          243  0.117388241          215  0.096043067          238  0.360112862          110
  8.750  0.171425594          227  0.085046997          205  0.086410257          241  0.168734917          163
 11.250  0.069764900          254  0.115178107          250  0.098277594          217  0.145103187          297
 13.750  0.097592724          261  0.059242066          229  0.102550370          225  0.108288488          435
 16.250  0.100280225          237  0.059029477          222  0.050185845          234  0.080904634          612
 18.750  0.066890106          227  0.015391183          222  0.025216091          230  0.079978673          758
 21.250  0.046262125          231  0.102966667          264  0.034620619          244  0.038051120         1029
 23.750  0.090784635          230  0.010968712          254  0.033127853          229  0.037476206         1322
 26.250  0.047746238          224  0.034639423          234  0.051576933          202  0.039828581         1536
 28.750  0.030662686          242 -0.002140661          231  0.040313451          225  0.029163600         1842
 31.250  0.052272730          248  0.010588980          251  0.023200598          244  0.014277331         2157
 33.750  0.020824590          238  0.023014098          245 -0.015659980          232  0.013654593         2504
 36.250 -0.002480949          222  0.018942913          245  0.036196098          218  0.011726195         2864
 38.750  0.039294371          235  0.014943512          258  0.033537441          228  0.023231594         3286
 41.250  0.046004103          234 -0.016885321          242  0.004973069          209  0.011744286         3776
 43.750  0.026569465          212  0.007401465          228  0.019558379          223  0.008733631         4131
 46.250  0.046786990          206  0.011969562          228  0.007591133          211  0.009286654         4637
 48.750  0.007453430          237  0.024838507          230 -0.040618392          201  0.011010611         4922
 51.250  0.046097017          224 -0.018070877          242  0.015089702          227 -0.000148368         5477
 53.750  0.030007794          216 -0.002933243          229 -0.036278308          192  0.001996636         5926
 56.250  0.021951928          192  0.030310869          241 -0.011959445          221  0.006277702         6566
 58.750 -0.001050168          212  0.035828222          253  0.008823329          193  0.009847889         6987
 61.250 -0.020158614          204  0.013071577          244  0.030174653          198 -0.001418104         7769
 63.750  0.014222552          201  0.013069643          256 -0.000019711          216 -0.000926602         8124
 66.250  0.008082632          188 -0.006413554          236 -0.011873006          232  0.002712343         8798
 68.750 -0.018923407          187  0.016253823          232 -0.047594848          200 -0.001448780         9402
 71.250  0.041646206          192  0.014273777          241 -0.004679803          185  0.001754897         9976
 73.750  0.001666171          181  0.033772073          259  0.003295936          214  0.004556997        10768
 76.250  0.104302459          180  0.019121074          246 -0.010362550          194  0.006127371        11340
 78.750  0.020280734          161 -0.002488939          262  0.014966233          204 -0.000483937        11909
 81.250 -0.004620566          198  0.015736225          260 -0.026950068          213  0.000292505        12681
 83.750 -0.001626757          171 -0.047883487          237  0.020869533          176  0.000792436        13290
 86.250 -0.012671773          203  0.032610308          248 -0.013573613          200  0.001414590        13965
 88.750 -0.042773346          177 -0.010105095          258 -0.011916777          197 -0.000186642        14686
 91.250 -0.027051596          152  0.021052194          238 -0.016181369          183  0.001545400        15543
 93.750  0.050687121          158  0.010924516          212  0.004395579          198 -0.000721525        16173
 96.250 -0.054167709          175  0.030932055          284  0.005082724          197  0.000651920        16996
 98.750  0.000974774          159  0.017562855          234 -0.019375306          198  0.003460798        17466
101.250 -0.004419640          162 -0.001867869          263 -0.026058480          171 -0.000455787        18341
103.750 -0.014475724          145  0.007662725          257  0.013498020          202  0.000014468        18945
106.250 -0.000071792          144  0.017046026          259  0.008960723          196  0.001628938        19845
108.750 -0.003045736          133  0.005080375          229 -0.015963089          178 -0.001080427        20546
111.250 -0.051446146          157  0.019896931          223 -0.002319893          183  0.004387925        21427
113.750  0.039309540          161  0.003183505          274 -0.029869861          152 -0.000953220        22116
116.250  0.020827578          160 -0.009469832          233 -0.033139880          160  0.001012506        22774
118.750  0.007954575          147  0.003520227          230 -0.011835400          173  0.000999832        23791
121.250 -0.015707316          139  0.020333513          239  0.025253059          181  0.003166529        24379
123.750 -0.002478307          157 -0.000697562          232  0.003589705          168  0.000991606        25122
126.250  0.011283526          137  0.001776546          220  0.000402418          173 -0.003915259        26237
128.750 -0.019877329          148 -0.005110945          272  0.018207665          165 -0.003718584        26801
131.250 -0.009526898          142  0.009495124          244 -0.036582570          162  0.001878105        27653
133.750 -0.014520081          139 -0.014181269          264 -0.005782818          185 -0.001890530        28340
136.250 -0.007427694          149 -0.014525337          261 -0.013957195          155 -0.001491255        29214
138.750  0.053035585          129  0.038191136          240  0.050775215          159 -0.000127375        29990
141.250  0.026111140          144 -0.010733206          243  0.002437779          146 -0.000082104        30587
143.750 -0.032232431          129 -0.008779261          251 -0.004472481          136  0.001364703        31247
146.250 -0.023183183          143 -0.007173248          252 -0.010587867          166 -0.001338050        32213
148.750 -0.012891527          114  0.015110619          253  0.022598968          169  0.000422655        33147
151.250  0.029180532          103  0.010843840          254  0.017006814          129  0.000885478        33717
153.750 -0.018081616          122 -0.037603780          222  0.007679714          161  0.000309671        34530
156.250  0.017284431          122 -0.010843263          249 -0.028764459          136  0.000029734        35388
158.750 -0.037486353          127 -0.000311840          223  0.026597488          135  0.000226333        36183
161.250 -0.028166370          121  0.025889635          232 -0.067124908          145 -0.000575819        36881
163.750 -0.022059446          110  0.005755377          227  0.012127185          141 -0.001623090        37530
166.250  0.034409257          115 -0.014925836          239 -0.006785238          140  0.000188632        38544
168.750  0.006731915          119  0.010213522          232 -0.011082874          133 -0.001576400        39256
171.250  0.003459308          105 -0.013573398          202  0.020152780          139 -0.002887357        40192
173.750  0.040015069           95 -0.017504201          223 -0.040821862          130  0.000220673        40770
176.250  0.045514866          123 -0.022870819          271 -0.000334906          140  0.001297014        41293
178.750 -0.075587322          106 -0.017027685          241  0.026212575          115 -0.001685527        42431
181.250 -0.014296234          116  0.007821709          246 -0.035176266          125 -0.002006679        43223
183.750  0.003148473          125  0.024489936          248  0.001909074          118  0.001146256        43621
186.250  0.024118574          120 -0.003972230          245 -0.023981005          118  0.000112514        44396
188.750 -0.042755307          113  0.016363554          265  0.052200897          121  0.002343279        44786
191.250  0.002206051           97  0.004381503          245 -0.003254929          138 -0.003796144        45914
193.750 -0.036113041          101 -0.018487444          249 -0.021436914          108  0.001743932        46270
196.250  0.001130689           71  0.020594856          264  0.024158698          109 -0.000533281        47240
198.750  0.015079480           97  0.002212774          253 -0.023985837          122 -0.000341453        48231
201.250 -0.002668691           90 -0.017473873          271 -0.014322131          113  0.000318775        48933
203.750 -0.018816383           74 -0.001475085          252 -0.039135376           97  0.001705768        49391
206.250  0.004021107           90 -0.011572159          257  0.001168209          107 -0.001635651        49956
208.750  0.026810753          105 -0.036448615          255 -0.014521804          127 -0.001668184        50896
211.250  0.044696061          105  0.002154006          235 -0.020008551          119 -0.000681314        51503
213.750 -0.003669236           90 -0.015449014          252 -0.035170366          107  0.000790968        52450
216.250  0.014813742          104 -0.032205419          237 -0.007808813          111 -0.000386800        53348
218.750  0.053632055           86  0.002307731          225  0.020883871          108  0.001606897        53933
221.250  0.011731224           90  0.005365533          254  0.096693494          102  0.000940494        54145
223.750  0.042596987           75 -0.007342621          282 -0.025931853           86  0.001829772        55000
226.250  0.075263530           91 -0.008718293          207 -0.016767145          118  0.000984342        55798
228.750 -0.000811123           90  0.002118106          245 -0.003546395           97 -0.001157792        56675
231.250  0.039865612           80  0.011824161          232 -0.008358807          102  0.002088666        58110
233.750 -0.083129647           76 -0.002167378          263  0.010110196          110  0.000106503        58120
236.250 -0.019613202           89 -0.017842629          217  0.014639892           92 -0.000256390        58856
238.750 -0.078237857           70 -0.011897835          237 -0.021478946           87 -0.001623629        59512
241.250 -0.010492881           85 -0.040957071          228 -0.018105015           86 -0.001268438        60201
243.750  0.008849233           73 -0.004089362          192  0.027267998          105 -0.000131541        60259
246.250  0.015894029           77 -0.003582237          243 -0.007060287           84  0.000809707        60980
248.750  0.015441314           62  0.000665397          231  0.038113944           76 -0.000029011        61715
251.250  0.014100064           63 -0.023364367          199 -0.012429210           81  0.000624281        62853
253.750 -0.051427623           75 -0.004606850          214  0.016922361           85 -0.001039077        63700
256.250 -0.003243934           69  0.017662040          204 -0.019206802           86 -0.000686944        64310
258.750 -0.033023618           64  0.014931177          198  0.002358804           79  0.001249447        64063
261.250 -0.013476474           69 -0.000563906          216 -0.010782372           66 -0.000402259        64882
263.750 -0.049394129           64  0.011059004          235 -0.002894816           77 -0.000319156        65597
266.250  0.001766494           57  0.000777451          201 -0.079939376           65 -0.000748543        66254
268.750  0.017147350           61 -0.005363803          214  0.007408677           67 -0.002101904        66662
271.250  0.022439862           75  0.032113626          222  0.021874784           75  0.000127120        67611
273.750  0.010528190           88 -0.005197905          198  0.042552655           68  0.000460929        68380
276.250  0.030345718           58 -0.036060178          210  0.031638481           76 -0.001545222        68794
278.750  0.020605052           61 -0.018188879          187 -0.015142344           56 -0.000321834        68711
281.250 -0.082143088           66 -0.016853043          191  0.033595298           67 -0.003289611        69756
283.750  0.005918398           63 -0.003139946          198  0.063057366           71  0.000366749        70370
286.250 -0.025191606           51 -0.011447370          204  0.007849534           64 -0.001077311        70430
288.750  0.005058201           57  0.001102755          194 -0.025420066           63  0.000448488        71247
291.250 -0.006476973           73 -0.021099344          212 -0.025123931           63 -0.001034505        71546
293.750  0.019487080           54  0.006459246          180 -0.015069317           46 -0.001342461        72155
296.250 -0.050161445           58  0.000574911          199 -0.014457312           54 -0.000504914        72839
298.750  0.013461105           75  0.018650828          201  0.009333700           68 -0.000170123        73079
301.250  0.009650068           63 -0.023622203          186  0.015968462           61 -0.000829084        73270
303.750  0.061289429           49  0.025719525          196 -0.056018595           62  0.000326910        74208
306.250  0.000457133           57 -0.004192342          196 -0.000824673           68  0.000039707        74838
308.750 -0.049468471           58 -0.035921048          188  0.060288370           52 -0.000419217        75027
311.250 -0.023159580           55 -0.009121311          195  0.037971892           55 -0.000628069        75113
313.750  0.025692179           53 -0.006709033          174 -0.003654631           65 -0.000881124        76008
316.250 -0.046217261           65  0.005309365          208  0.004792562           55  0.001020307        76373
318.750  0.003592391           63 -0.020821921          187  0.054759565           58 -0.002194525        76712
321.250 -0.040341095           54 -0.003213993          182 -0.006329693           40 -0.000307394        76767
323.750 -0.074021409           55 -0.006097423          195 -0.019205736           60 -0.001520691        77052
326.250  0.040309324           53  0.014568579          181 -0.032933525           49 -0.000986440        77398
328.750  0.027591786           56 -0.021181784          178  0.025243687           50 -0.000156622        78123
331.250 -0.016419415           60  0.020892762          165  0.066376711           51 -0.000145849        78747
333.750  0.008600874           62  0.028201217          175 -0.015451734           56 -0.000245709        79256
336.250  0.003270607           47  0.020200265          185  0.036522103           44  0.001366936        79529
338.750 -0.025361169           57  0.009388265          154  0.008625737           35 -0.000261002        79916
341.250 -0.035919945           54 -0.023166499          154 -0.032287979           35 -0.001265396        80033
343.750  0.004508234           60  0.050066149          150 -0.010341741           49 -0.000386720        80352
346.250  0.051522222           55 -0.008371550          154 -0.013444698           47  0.000229167        80665
348.750 -0.004239129           65 -0.001318723          157  0.020461429           45  0.000117105        81117
351.250  0.013061631           56  0.010893395          143 -0.076976476           36  0.001149093        81034
353.750 -0.058901544           46  0.005432985          142  0.000737130           44 -0.000483484        81357
356.250 -0.013028633           52  0.004575868          141 -0.013400725           48 -0.001286903        81834
358.750  0.041123015           51  0.005655649          162 -0.016453857           51  0.001475532        81726
361.250 -0.028318224           40  0.005232143          125 -0.013400654           37  0.001067127        83084
363.750 -0.003075794           62 -0.018822831          146  0.077307216           30  0.000105763        82865
366.250  0.038399678           63 -0.001374788          120 -0.005784158           48  0.000479152        83145
368.750 -0.062101867           66  0.016719911          147 -0.009582528           46 -0.000192725        83434
371.250  0.002232261           39 -0.034329763          121  0.020267562           36  0.000242123        83615
373.750 -0.014955426           62  0.014767196          142 -0.046719009           50 -0.000287191        83633
376.250 -0.001918716           56 -0.029697782          158 -0.052651168           40  0.000147393        84360
378.750  0.005750260           50 -0.031320228          136  0.005927443           30 -0.000214059        83552
381.250 -0.003331624           52  0.018018225          143  0.007788256           33  0.000334656        84539
383.750  0.065680751           51  0.003907255          126  0.010230876           36 -0.001008831        84901
386.250  0.015828384           49 -0.048813162          128  0.042196781           32  0.002068420        85065
388.750 -0.044239167           56 -0.033246795          144 -0.011058633           37  0.000900910        84532
391.250 -0.017357267           51 -0.003386672          128 -0.009771899           33 -0.000197108        85152
393.750 -0.007775762           49 -0.001899860          143  0.039334234           38  0.000490269        85319
396.250  0.028606150           41  0.025465067          121  0.065893450           34  0.000237539        85196
398.750  0.001508074           50  0.016085441          140  0.002454139           32  0.000282474        85687
401.250 -0.013112963           44 -0.034027691          130  0.006200419           24  0.000587990        85583
403.750 -0.019466096           37 -0.008548951          115  0.009717008           31  0.000174738        85849
406.250 -0.024480997           61 -0.021468939          124 -0.011214936           35  0.000983749        85381
408.750  0.006798489           42  0.008185354          132  0.005345152           23  0.000104762        85871
411.250 -0.004002394           51  0.021838929          133  0.000756556           21  0.000512689        86448
413.750  0.047407966           44 -0.028690509          122  0.016966090           28 -0.001077573        85827
416.250 -0.014076165           51 -0.037523776          114 -0.021439052           28  0.001113340        85786
418.750 -0.008259373           52 -0.002004816          102  0.020840943           25  0.000146979        86181
421.250 -0.029146707           40 -0.005846468          121 -0.003969493           27 -0.000690485        85860
423.750 -0.060966360           45 -0.034184165          110  0.032032213           20 -0.000679207        86218
426.250  0.057390532           39 -0.018522747          111 -0.013611937           18  0.000504498        86644
428.750 -0.032172822           38  0.010477503          120 -0.000512169           22  0.000171402        86565
431.250  0.008958189           46  0.004904117          107 -0.001219785           28  0.000947018        85773
433.750  0.040259764           47  0.029379364          102 -0.008227638           21  0.000210047        86695
436.250  0.004519232           43  0.020920750           94 -0.009103415           20  0.000017354        85833
438.750  0.036219343           49 -0.000752971          116  0.028055301           14 -0.000449895        85896
441.250 -0.003804907           47  0.014393043          104  0.052049826           23 -0.000915379        86433
443.750  0.043229308           41 -0.004134251          107  0.038280235           19  0.001948977        86253
446.250 -0.078529163           53  0.015343038           98 -0.031071057           18  0.000911718        86494
448.750 -0.080799880           47 -0.027118648          113  0.000143457           13 -0.001607297        86206
451.250 -0.043578451           49  0.005809350           88  0.032952375           16 -0.000675110        86412
453.750 -0.032573322           48 -0.006038289           98 -0.000136365           19  0.001718496        86070
456.250 -0.011263987           38  0.008041544          104 -0.018310914           20  0.000426830        86081
458.750  0.017548344           43  0.020071878           88 -0.009676147           20 -0.000407734        85618
461.250 -0.000867184           56  0.027892171          100 -0.001767133           19 -0.000039385        85973
463.750 -0.056072269           43  0.045796618           98  0.003508084           20  0.000731479        85721
466.250  0.046977483           42 -0.003700138           79 -0.019774786           26 -0.000458662        85685
468.750  0.011598426           38  0.009088272           91  0.004071896           12 -0.000263410        85514
471.250  0.008414296           39  0.057453867           90 -0.006677024           25  0.000075326        85449
473.750  0.065949702           32  0.033807564           91 -0.000027143           16  0.001492052        85164
476.250  0.029363360           49  0.020990514          101  0.012537120           18  0.000487986        85006
478.750 -0.000256343           52 -0.023472298           67 -0.000148017           16 -0.001295089        84320
481.250 -0.038029168           42 -0.002686361           79  0.263282394           13 -0.000487479        84254
483.750  0.003642562           50  0.008301144           90 -0.017366170           23  0.000341299        84304
486.250  0.009112979           41  0.007711542           68 -0.026477246           11 -0.000157104        84512
488.750  0.002156876           46 -0.009256756           91  0.050475103           14  0.000187177        84280
491.250 -0.018867773           40  0.002593191           98  0.000089200           21 -0.000037875        84090
493.750 -0.001139669           40 -0.003556556           92 -0.121195938           18 -0.000006428        83792
496.250 -0.005112724           40  0.002263134           73  0.000254837           12  0.000872626        83538
498.750 -0.024227020           31  0.015386589           71 -0.016332223           18  0.001428164        83291
