#   q     Cout       Nout      Cside       Nside       Clong        Nlong
  1.250  0.209831879          294  0.341033955          249  0.319323659          269  3.424816841            8
  3.750  0.193604013          258  0.212810518          260  0.185026413          243  0.565534492           41
  6.250  0.163002911          254  0.142472325          246  0.122051397          254  0.321023531          101
  8.750  0.177407257          217  0.119423716          264  0.121880870          257  0.224996974          213
 11.250  0.147108241          219  0.091433946          233  0.173213925          227  0.132254377          309
 13.750  0.094818820          248  0.080436733          238  0.061536717          240  0.113613984          417
 16.250  0.089509587          233  0.041619998          238  0.057853799          212  0.064390427          615
 18.750  0.056331216          237  0.050195922          240 -0.003200021          247  0.048097011          790
 21.250  0.024555403          254  0.007544141          248  0.038590355          230  0.051719303         1013
 23.750  0.021719563          207 -0.005605276          212  0.044037276          216  0.018950313         1257
 26.250  0.042748669          250  0.029880105          232  0.034825153          250  0.030228151         1497
 28.750  0.043666097          242  0.025753430          242  0.051920997          232  0.030184941         1903
 31.250  0.034726657          204  0.009011570          250  0.014500935          221  0.023780959         2254
 33.750  0.023354756          215 -0.000481425          236  0.043422002          207  0.012235295         2499
 36.250  0.048306014          222  0.008704037          240  0.001623595          214  0.007182456         2873
 38.750  0.033888937          208 -0.004307218          238 -0.023440433          228  0.007704026         3261
 41.250  0.008179321          222  0.024487594          232  0.011913566          199  0.007782575         3711
 43.750  0.019249780          214  0.006706262          236  0.005120368          209  0.014775530         4087
 46.250  0.028770396          209 -0.000307749          239 -0.039266680          213  0.000567342         4657
 48.750 -0.003071940          195 -0.009938397          241 -0.019195869          216  0.004023899         5014
 51.250  0.031821677          191  0.014719120          229  0.006892710          202  0.006222921         5585
 53.750  0.026563651          208 -0.017755477          252 -0.008409595          232  0.005144676         6193
 56.250  0.027342840          189  0.017557685          224 -0.020687191          208  0.009745827         6855
 58.750 -0.023261376          207  0.023580195          270 -0.014275264          215  0.004234029         7153
 61.250  0.018455848          213 -0.005240446          250  0.010048555          221  0.005748517         7653
 63.750  0.017293230          196  0.035236552          250 -0.002625292          201  0.002572604         8276
 66.250  0.036853560          192 -0.004776697          255 -0.003736862          216  0.001604470         8772
 68.750  0.013860196          183  0.006230649          234  0.049342829          202 -0.000665129         9525
 71.250 -0.007893586          196  0.026529129          230 -0.000130099          190  0.002132266         9955
 73.750 -0.015541662          228  0.032639667          238  0.007607396          175  0.002269327        10640
 76.250 -0.032180165          200  0.047205002          220 -0.008079452          200  0.007765400        11285
 78.750  0.008141009          182 -0.020479682          236  0.023629647          200 -0.003769127        11843
 81.250  0.011725477          190 -0.003923600          245  0.009174591          198  0.002567685        12553
 83.750 -0.021004149          176 -0.015764674          264  0.001710316          195  0.000357367        13257
 86.250 -0.007732205          181  0.021662106          249  0.024199641          194 -0.001117892        14050
 88.750 -0.016913165          166  0.016954586          239  0.007447948          184 -0.002617803        14746
 91.250 -0.002979498          167  0.001453591          237 -0.026295088          214  0.000897288        15391
 93.750  0.009477396          172  0.004324474          247  0.050866381          196 -0.001049257        16032
 96.250 -0.016279865          159  0.006194410          244  0.006473665          212  0.004351198        16797
 98.750  0.016853000          162  0.018329511          257 -0.043808719          188  0.003918080        17298
101.250 -0.003134481          171  0.016368867          235  0.014155401          207  0.002524086        18416
103.750 -0.002210314          184  0.007011131          246  0.002182875          177  0.003371398        18977
106.250  0.004872197          155  0.012087798          249  0.007643921          205  0.005054575        19706
108.750 -0.040734325          154 -0.007519814          237  0.002040948          201 -0.000510923        20533
111.250 -0.015942632          144 -0.003163632          246 -0.007045064          160  0.000629519        21099
113.750  0.005004308          149  0.016434632          263 -0.026607478          203 -0.001863941        22071
116.250 -0.077136223          145  0.003696694          266 -0.000268671          175 -0.001561927        22803
118.750  0.007130222          151 -0.026176435          217 -0.008036272          196 -0.002540766        23550
121.250 -0.061161649          148 -0.018053414          242 -0.000380855          154 -0.002688067        24426
123.750  0.003314616          134  0.008874870          231  0.002738343          173  0.000807654        24958
126.250  0.019517817          156 -0.030468353          256  0.009802165          174  0.000745950        25904
128.750  0.005757039          151 -0.002478863          238 -0.005874673          154  0.000735682        26850
131.250 -0.020534239          130  0.007586780          225  0.009839614          163  0.001682055        27727
133.750  0.001068837          138 -0.007429992          271 -0.008097953          152  0.002293115        27877
136.250  0.045654281          129  0.032765463          248 -0.005618273          152 -0.001225649        28657
138.750  0.015924001          148 -0.018066993          239  0.007074603          152  0.000090101        29514
141.250  0.001503798          107  0.011536272          229 -0.030254037          151 -0.000396811        30528
143.750 -0.014581768          125 -0.012199378          258  0.000407578          155 -0.000243743        31434
146.250 -0.039533130          138  0.022121737          228 -0.007985846          143  0.002236267        32290
148.750  0.018835640          115 -0.019410704          269  0.027794437          127 -0.000668773        32877
151.250 -0.001130691          128 -0.016524149          249 -0.061422367          156  0.002230498        33739
153.750 -0.003228704          135  0.006110470          248  0.017031343          150  0.001940968        34731
156.250  0.007141673          125  0.019251284          220 -0.013437416          154  0.000177086        35394
158.750  0.012384117          117  0.003852513          259 -0.057245489          141  0.000500595        36084
161.250  0.048213418          120 -0.011432453          245 -0.004518313          137  0.001089569        36996
163.750 -0.003298012          115 -0.011102038          257 -0.063953593          128  0.001561034        37584
166.250  0.027017027          113  0.013554525          237 -0.009605823          146 -0.002792499        38255
168.750  0.007601401          121  0.010144232          261  0.004634019          138  0.002521591        39208
171.250  0.013244211          105 -0.023211256          246 -0.050779416          130  0.000814179        39927
173.750  0.006410111          107  0.006831938          248 -0.015474231          124  0.001598285        40998
176.250 -0.005869813          108  0.004823826          194 -0.037387731          141  0.001146297        41598
178.750  0.010679277          122  0.015658172          223  0.054037996          132  0.001272254        42291
181.250 -0.019349729          102  0.015765276          246  0.004410201          109  0.001343098        42838
183.750  0.041487466          101 -0.011997634          287 -0.025738891          117 -0.002577583        43914
186.250  0.031978382          102 -0.020089575          271  0.022781536          124 -0.000046603        44336
188.750 -0.009826005           98 -0.002517223          224  0.003224633          104 -0.000106110        44878
191.250 -0.000899545          107 -0.029212635          222 -0.015287375          117 -0.000211012        46168
193.750  0.009858382          106  0.033802462          243  0.017287067          122 -0.000470650        46422
196.250  0.018092812           89 -0.033104515          234  0.028870110          124 -0.000079763        47463
198.750  0.024650059          107 -0.004644830          235  0.008799154           99  0.002145767        48200
201.250  0.021569968           94 -0.030642292          228  0.005831190          115 -0.001393362        48635
203.750 -0.016507776           89 -0.004284688          235 -0.001159473          104  0.000515152        49666
206.250  0.011957150           94 -0.021213784          252  0.015462404          100 -0.002348383        50399
208.750  0.017949723           93  0.009904329          230  0.000264105          114 -0.000019374        51177
211.250 -0.006544177           73  0.012308131          263 -0.025739737          104  0.002475636        51744
213.750 -0.013405446           98  0.022259661          224  0.013097561           97  0.000191430        52780
216.250  0.011658327           72 -0.008000628          236  0.023734138          110 -0.001065702        53018
218.750  0.007573327           92  0.027594249          219  0.027613577          114  0.000591181        53525
221.250 -0.033968204          104 -0.032056195          229  0.037740228           95 -0.000134917        54452
223.750  0.085040891           83  0.022694576          239  0.009499316           98  0.001160207        54882
226.250 -0.065434558           87  0.020976661          226  0.008203949          104  0.001251575        56148
228.750  0.004779328           83  0.002113885          225 -0.041031669          107 -0.002809795        56541
231.250  0.018436007           78 -0.003152730          248  0.027050336           96 -0.000913221        57366
233.750  0.038022761           90  0.015386677          225 -0.000152014           98  0.000398269        57974
236.250  0.020632965           75  0.003824241          231  0.009456428           84 -0.001319626        58821
238.750  0.007034173           83  0.011811608          233 -0.020584424          101 -0.001622737        59813
241.250  0.016744800           78 -0.003241873          207  0.042394948           80  0.000269340        59869
243.750  0.024951854           95 -0.007817204          199 -0.008867417           96  0.000377218        60357
246.250 -0.070858869           70  0.011547074          227  0.020545449           92  0.001826884        60405
248.750 -0.006518539           63  0.001792054          207 -0.010025927           94  0.000088716        61969
251.250  0.019165287           71 -0.004865507          228  0.012219213           81 -0.000469585        62898
253.750 -0.024175754           85 -0.007476139          216  0.044910094           80 -0.000582682        63379
256.250  0.018705243           87  0.027765348          229  0.033075772           67 -0.000194471        63641
258.750 -0.025621678           80 -0.009110066          215  0.005915319           81  0.002651206        64678
261.250 -0.061800200           67 -0.024799330          207  0.005232243           89 -0.000069996        65204
263.750 -0.043426893           65 -0.019740384          214 -0.002787089           82 -0.000662032        65857
266.250 -0.022979413           79  0.007341980          208  0.034482168           61  0.001075600        66447
268.750 -0.019599837           59  0.008327729          211 -0.001444122           73 -0.001783273        66929
271.250  0.070549108           76 -0.014535206          213 -0.008856195           74 -0.000364792        67497
273.750  0.042001248           73 -0.043525669          210  0.035246835           69 -0.000723872        67981
276.250  0.054585238           55 -0.029037797          217  0.011623469           61  0.000507639        68512
278.750 -0.021110868           59 -0.024614526          213 -0.027459660           70 -0.002384394        68845
281.250  0.016272612           72  0.010055475          210  0.070869298           74 -0.001272137        69443
283.750  0.007132057           60 -0.006117930          182  0.025011900           83  0.000220179        70102
286.250  0.047966156           63  0.006552437          226 -0.014952065           52  0.000879980        70429
288.750 -0.003134391           63  0.043377186          191  0.017597364           54  0.000934563        71493
291.250  0.077102465           70  0.010962110          195  0.033149998           64  0.000363828        71626
293.750 -0.016254512           65  0.010561994          217  0.020153254           55 -0.000835249        72310
296.250 -0.016628425           60  0.001492418          189 -0.017577960           69  0.001413422        72433
298.750 -0.014883820           65 -0.002518075          185  0.020344228           70 -0.000004474        73219
301.250 -0.016599607           53 -0.028109334          169 -0.035081838           55 -0.000108438        73560
303.750 -0.020289114           63 -0.021699115          164  0.000280835           74 -0.000462448        74185
306.250 -0.013023681           68  0.016762138          201  0.003902793           67 -0.000193628        74360
308.750  0.000106000           53  0.016780693          192  0.008991235           62 -0.001728309        75031
311.250  0.011797439           51 -0.016687583          190  0.018664353           55  0.000151055        76023
313.750 -0.019695745           55 -0.023908552          195 -0.081817692           54  0.000115189        76409
316.250 -0.001351996           55  0.004826228          190 -0.011997096           53 -0.000457189        76554
318.750  0.033788713           69  0.004768093          214 -0.015130259           56  0.000214725        76678
321.250  0.031904543           64 -0.005303760          192  0.032874165           54 -0.000410226        77238
323.750 -0.007463178           54  0.021155701          172 -0.024759124           55  0.000011976        77266
326.250 -0.009984235           51  0.000593968          181  0.021093464           45 -0.000849176        78161
328.750 -0.037464556           49 -0.000891066          144  0.044587960           47 -0.000385789        78604
331.250 -0.005791461           73 -0.010544258          160 -0.025575952           43  0.000666687        78824
333.750 -0.019539621           49  0.013348300          169 -0.050430907           45 -0.000969843        78846
336.250 -0.022388555           54  0.010191516          165  0.041873215           46 -0.000359648        79388
338.750  0.000368082           55  0.018108541          171  0.037790943           43 -0.001382485        79761
341.250 -0.002774042           65 -0.020132336          169 -0.031451518           34 -0.000725103        79771
343.750 -0.012080998           64 -0.014412271          139 -0.041760941           43  0.000547020        81118
346.250  0.003645516           43  0.027182981          156 -0.009078605           47 -0.000185228        80659
348.750 -0.000106169           50 -0.004495029          154 -0.038204429           39  0.000451880        81569
351.250 -0.012321701           49  0.045417044          157 -0.050058427           33 -0.000291396        81178
353.750 -0.005445616           59  0.020845199          171 -0.001288752           32  0.000950824        81545
356.250 -0.003799436           59  0.012086485          160  0.018356387           46 -0.000376108        82037
358.750  0.017380941           61 -0.014259617          133  0.059781869           36  0.000526984        81384
361.250  0.054705999           46  0.015392116          146 -0.015158352           48 -0.001765672        82912
363.750 -0.028455510           54 -0.012242961          153  0.016052501           30 -0.000861766        83435
366.250  0.005262455           50 -0.008213973          170  0.001936214           41 -0.000192286        83194
368.750 -0.014826552           47 -0.002101422          135  0.014621157           33  0.000519200        82826
371.250 -0.003742173           43  0.053658338          145 -0.006537313           38 -0.000147505        82991
373.750  0.000555047           46 -0.007052092          156  0.009742886           31 -0.000910312        84041
376.250 -0.024040728           54  0.005138401          130  0.035694093           30 -0.001332231        84202
378.750 -0.000233324           48  0.017790170          137 -0.015621303           36 -0.001704317        84404
381.250  0.006160572           54  0.015966869          124 -0.003300537           32 -0.000448911        84353
383.750 -0.012733474           48  0.003883381          133 -0.075187620           27  0.000376749        84746
386.250 -0.007091070           45 -0.030524923          151 -0.000031895           22 -0.000085427        84739
388.750 -0.062644447           52  0.034034548          166  0.000401533           20  0.000360646        84938
391.250  0.007022840           42 -0.001173833          129  0.008953146           32 -0.001632225        84691
393.750 -0.029028130           49  0.027037603          137 -0.036055414           26 -0.000781208        85374
396.250 -0.005166294           45 -0.005478501          124 -0.088756257           32 -0.000591169        85064
398.750  0.017737227           57  0.005011887          139  0.037447494           36 -0.000866985        85629
401.250 -0.011951253           56  0.010199678          139 -0.007263743           40 -0.000009185        85721
403.750 -0.032292498           64  0.002367472          119 -0.001379090           28 -0.000999574        85691
406.250  0.006079376           60  0.037155065          109  0.003477386           28  0.000189386        86012
408.750 -0.079165874           52 -0.082502078          121  0.011168270           36  0.000094877        85967
411.250 -0.038399368           50  0.003812727          116 -0.034588386           26 -0.000672093        85861
413.750 -0.033115521           40  0.015367799          104  0.012138618           22  0.000085792        86194
416.250 -0.007989711           49  0.011848281          112  0.021546881           26  0.000523114        86243
418.750 -0.031446988           57  0.027041701          116 -0.011651552           29  0.000716664        86184
421.250  0.033103390           54  0.025863072           98  0.011991504           23 -0.001178672        86172
423.750  0.044118314           57 -0.000346548          122 -0.006268001           17 -0.000558427        86737
426.250 -0.015632888           45 -0.044109160          107  0.003298895           27 -0.000598695        85732
428.750  0.025272878           53  0.018412748          113  0.000302987           21 -0.000516048        86498
431.250 -0.039800520           37 -0.065183654          108  0.002519209           23 -0.000394825        86854
433.750  0.039462750           46 -0.006021897          120 -0.003118873           26 -0.001028708        86044
436.250 -0.036190165           46  0.016263321          114 -0.062678596           28 -0.000657680        86315
438.750  0.029745813           46 -0.020250693           92  0.002490769           23 -0.000164825        86456
441.250  0.002766975           43 -0.059664395           78 -0.041318468           20 -0.001478642        85598
443.750 -0.026430887           48 -0.075841063          103  0.000064951           19  0.000402757        86149
446.250  0.142908126           38 -0.006334474          107  0.031564788           20 -0.000776355        86465
448.750  0.001452035           36 -0.033901853           94 -0.043327668           24 -0.000323481        85997
451.250 -0.006565158           41 -0.018282729          112  0.025632979           20 -0.001178894        86545
453.750  0.029519819           56  0.012036295          103 -0.042989879           27 -0.000911653        86041
456.250 -0.088142253           38 -0.007548036           98 -0.000086210           23  0.000891840        85634
458.750 -0.000010055           40  0.008510703          109 -0.029605204           21 -0.001289240        86439
461.250  0.002124128           55 -0.016657907           80  0.033323991           15 -0.001349798        85993
463.750  0.026497203           48 -0.046319218           97 -0.000961681           17 -0.000142205        86060
466.250 -0.006075719           56 -0.104182358           90 -0.105458513           17 -0.001057563        85548
468.750 -0.035280984           44 -0.013865642           70 -0.059860408           21  0.000635505        85288
471.250  0.057232469           42 -0.025639460           85  0.009931957           24  0.001685082        85775
473.750  0.005694374           37 -0.004808205           85 -0.004787535           25  0.000904960        84948
476.250  0.023597310           46 -0.030624002          104  0.084627947           20  0.000903507        85076
478.750 -0.087502756           40  0.015473313           95  0.013215588           28  0.000350676        85476
481.250  0.014033827           48 -0.024136016           74 -0.064492353           21  0.000465266        85109
483.750  0.012702487           40  0.006912129           67  0.015952290           22  0.000641687        84566
486.250  0.013005243           40  0.039691379           97  0.005934670           20 -0.000374466        83936
488.750 -0.044194936           40  0.030442397           88  0.049440867           14 -0.001272216        84623
491.250 -0.029075605           38 -0.003073037           73  0.100493787           15  0.000646253        83918
493.750 -0.009217691           34 -0.002242896           68 -0.027455228           15  0.000482190        83522
496.250  0.072079687           52 -0.003700430           67  0.000302448           18 -0.000570417        83874
498.750  0.021251148           48  0.009501650           74  0.004898591           12  0.001407117        83631
