#   q     Cout       Nout      Cside       Nside       Clong        Nlong
  1.250  0.190766397          241  0.275467840          261  0.292788874          260 -1.747752462            3
  3.750  0.269125547          252  0.188049934          218  0.230460275          236  1.153518114           42
  6.250  0.154389698          232  0.116650977          231  0.121957438          239  0.457586858           83
  8.750  0.080303443          223  0.123316118          252  0.114127671          264  0.287299791          163
 11.250  0.097299619          251  0.091832368          245  0.060679969          223  0.119886390          333
 13.750  0.061562541          244  0.057419165          236  0.016475039          221  0.056013574          440
 16.250  0.041421412          246  0.046659913          268  0.081707337          254  0.061101735          632
 18.750  0.056214789          222  0.045077364          249  0.001133465          226  0.057964106          816
 21.250  0.104440214          228  0.039274732          230  0.041484225          229  0.052285763         1027
 23.750  0.056692106          241  0.084724598          232 -0.005070153          240  0.033995171         1325
 26.250  0.055764304          223  0.002394013          242  0.020500746          215  0.035553455         1586
 28.750  0.044138013          242  0.034520682          205  0.024228411          222  0.008881380         1835
 31.250  0.028510771          219 -0.010473293          244  0.012196455          244  0.011391063         2106
 33.750  0.023250452          215  0.006755580          266 -0.009193824          224  0.012043183         2481
 36.250  0.023455147          203 -0.003772704          242  0.023543342          227  0.007186833         2972
 38.750 -0.023792055          239  0.026686518          234 -0.010747274          237  0.017629728         3273
 41.250  0.007109217          222  0.008617405          260 -0.002779817          233  0.016538292         3718
 43.750  0.000764586          216  0.018781754          246  0.013348709          233  0.006340048         4160
 46.250 -0.007038489          226  0.015708176          250  0.014952335          236  0.003810127         4677
 48.750 -0.002871234          249 -0.016121468          243 -0.006519656          223  0.002150097         5090
 51.250  0.011204799          229  0.026258417          232  0.003643010          212  0.002563521         5501
 53.750  0.028439285          192  0.009414690          223  0.048937366          206  0.005916335         6032
 56.250 -0.006254655          201 -0.001330556          256  0.017065546          209  0.009706442         6463
 58.750  0.009392898          173 -0.018405986          235 -0.007638113          224 -0.001747647         7122
 61.250 -0.014959444          205 -0.029024789          283  0.024905035          172  0.002824908         7704
 63.750  0.044615894          192 -0.015682754          265 -0.008842234          214 -0.003943893         8091
 66.250  0.033278138          188 -0.002569973          245 -0.026618793          204  0.000377392         8822
 68.750  0.020956557          183 -0.007000445          249  0.027506886          191  0.001761411         9528
 71.250 -0.044402501          187 -0.023337854          253 -0.003947161          183  0.005562484        10192
 73.750  0.005961529          185 -0.003006317          209 -0.031311133          201  0.002179151        10654
 76.250 -0.007994568          187  0.028818167          274  0.025810878          191  0.006130804        11192
 78.750  0.052692603          164 -0.006756527          270  0.017698882          204  0.005254499        11953
 81.250  0.010841851          192 -0.022760364          204  0.027742405          198  0.006756045        12552
 83.750 -0.011194118          224  0.035827613          241  0.023499608          208  0.000497397        13396
 86.250  0.055738589          175  0.018267185          249  0.014673136          199  0.001746779        14265
 88.750  0.039267143          179 -0.015795978          245 -0.017814241          166 -0.001111591        14647
 91.250 -0.033051496          169  0.008293547          277  0.009661834          165  0.005786218        15467
 93.750 -0.010909243          173  0.009617786          213 -0.001738032          208  0.002586583        15998
 96.250  0.031219473          153  0.017183849          250 -0.008521463          201  0.001758228        16876
 98.750  0.013816498          160 -0.001633852          244 -0.003139125          187  0.004334004        17553
101.250  0.049352409          182 -0.045833086          241  0.015910042          193  0.002306302        18181
103.750 -0.019545892          152  0.012593622          241  0.037528834          160 -0.002553554        18996
106.250 -0.011891193          176 -0.025583425          238 -0.026792059          186  0.001630600        19899
108.750  0.004511542          164  0.005084961          282  0.044084674          169 -0.000059098        20481
111.250 -0.019282129          150  0.032984374          254  0.001011515          194  0.002417183        21293
113.750  0.009992481          152  0.033925552          244 -0.022269914          190  0.000579976        22412
116.250 -0.000225778          168 -0.022020491          230 -0.019079534          199  0.000927087        22779
118.750  0.008525860          149 -0.012292410          225 -0.018541715          178 -0.000996590        23439
121.250  0.031007927          151  0.012290055          242 -0.024533636          176  0.003098603        24315
123.750 -0.047865544          140  0.026059385          291  0.006288284          165 -0.000691232        25178
126.250 -0.043339300          143  0.002779092          250 -0.027458834          160 -0.000373959        25954
128.750 -0.004962354          127  0.025311714          254  0.048286062          181 -0.000122706        26917
131.250 -0.002221507          143  0.025115996          250  0.004626684          180 -0.003340608        27676
133.750 -0.030220373          117 -0.020135022          234  0.048783936          164  0.001913896        28305
136.250  0.014994554          150  0.029705159          251 -0.031913458          129 -0.000221586        29161
138.750  0.016107475          160 -0.007650486          247  0.021141738          165 -0.000654628        29726
141.250 -0.015203534          138 -0.030327539          278 -0.034670437          152 -0.001440450        30740
143.750  0.013796848          126  0.001520305          245 -0.010272940          168 -0.002240384        31473
146.250 -0.006118202          113  0.032574549          254 -0.024082935          155 -0.001469732        32080
148.750 -0.011616810          133 -0.009536204          256 -0.025547495          158 -0.000346764        32760
151.250  0.031231630          112 -0.008848718          244  0.008999006          150 -0.002015477        33726
153.750 -0.041976503          110  0.004506468          212 -0.004695052          158  0.002478627        34645
156.250 -0.003770112          121 -0.008497768          254  0.028155858          135  0.001149391        34962
158.750 -0.023595663          109 -0.014611487          268  0.016708960          153  0.000459154        36206
161.250 -0.020283198          122 -0.012346317          218  0.048465046          140 -0.000795124        36946
163.750  0.019710038          127  0.008083965          205 -0.020749063          147 -0.000716308        37470
166.250  0.055431578          108  0.008658353          234 -0.000141948          147  0.000467883        38364
168.750 -0.002689481          120 -0.004346687          274  0.002844809          127  0.000061327        39158
171.250  0.052478987          103 -0.015561823          242 -0.009940015          132  0.000189311        39667
173.750 -0.010594291          119  0.002999354          237  0.021635143          132 -0.000909743        40703
176.250  0.005488206          101  0.003823006          233  0.024056771          133 -0.001310187        41250
178.750 -0.005018581           94  0.004694154          226  0.021860421          134 -0.001841094        41992
181.250  0.010148543          112 -0.007240198          254 -0.031212885          136 -0.001085147        42567
183.750 -0.029990928          102  0.034220556          231  0.002861991          119  0.001826052        43541
186.250  0.026674872           92 -0.000927909          263  0.011892375          123  0.002044198        44445
188.750 -0.040920795          102 -0.010681056          261 -0.013008677          112 -0.000797387        44843
191.250  0.005262485          104 -0.013838170          256 -0.002140984          124 -0.000931015        45906
193.750  0.012088957          112  0.048935900          241  0.006427145          114  0.002248849        46636
196.250  0.014529754          104  0.003619178          227  0.000507251          137 -0.000349296        47546
198.750  0.003709574           93  0.020084823          254 -0.014486497          132 -0.000053870        48283
201.250  0.017129399          102  0.013548348          233  0.024164200          122  0.001992095        48353
203.750  0.056515459           96  0.021894066          272  0.018899696          127 -0.001452925        49797
206.250  0.007046544           76 -0.047245301          242 -0.001903547          112 -0.001101059        49911
208.750 -0.014144249           89  0.007561515          247 -0.021428799          124  0.000584134        51250
211.250  0.023860675          104  0.010174493          238  0.008100914          106 -0.000049220        51475
213.750 -0.052056019           91  0.018495076          250  0.023509630          111 -0.000610345        52348
216.250 -0.028528580          103 -0.002111196          232 -0.003838540          116 -0.000175008        53029
218.750  0.014416014          111  0.033711656          269 -0.020363643           78  0.000163272        54022
221.250 -0.000758272           77  0.025906463          250  0.054613381          107  0.001597185        54589
223.750 -0.017227618           87  0.031445127          235 -0.007704034          101  0.001440121        55432
226.250  0.018109275           93  0.004175659          249  0.019740746           85  0.001500378        56015
228.750  0.000127196           72 -0.015301867          226  0.059963755          102 -0.000282909        56594
231.250 -0.040542360           84 -0.004261201          240 -0.002320570           96 -0.001996982        57201
233.750  0.008426738           71  0.002214478          219  0.008248125           86  0.000669730        58195
236.250  0.058227132           63 -0.011002405          221 -0.009247500           95  0.000309921        59026
238.750 -0.013638293           76 -0.019859711          212  0.047970966           83  0.001287056        59162
241.250  0.016219905           79 -0.004882119          197 -0.012735341           91 -0.000965363        59830
243.750  0.030644014           85  0.006545850          197  0.016102955           88  0.001299725        60388
246.250 -0.019596440           79 -0.001404931          235 -0.012936905           72 -0.000421865        61319
248.750 -0.000041296           87  0.018317921          195 -0.017286807           73 -0.001502027        62391
251.250  0.038844245           79 -0.011261840          244  0.004173423           75 -0.000170971        62177
253.750  0.026345196           61  0.010644442          221 -0.005391062           74 -0.000059362        63426
256.250  0.046909388           66  0.010705295          196 -0.004309512           93  0.001182562        64000
258.750 -0.013983101           63  0.007843295          226  0.004530435           79 -0.000900964        64160
261.250  0.023452481           77  0.001619896          210  0.030512120           74  0.000913808        65265
263.750  0.035766275           63  0.010767461          219  0.035236046           79  0.000205351        65483
266.250  0.061888284           87 -0.015745102          222 -0.015810943           99  0.000191248        66285
268.750 -0.009865040           75  0.006520439          195  0.070376685           69  0.001275387        66959
271.250  0.026660824           68 -0.014176610          212 -0.112066088           56  0.000882247        66981
273.750 -0.047924736           92  0.007606489          211  0.002973309           68  0.001983560        68598
276.250  0.032950645           82  0.006613484          205  0.027951090           76 -0.000565770        68224
278.750  0.061321440           65 -0.004217038          203  0.000066435           82  0.000934006        69352
281.250 -0.021038690           72 -0.043259463          183 -0.007996184           76  0.000303605        69403
283.750  0.095976571           50 -0.014578209          212  0.002606021           64 -0.001222988        70065
286.250 -0.038477034           59  0.038264769          200 -0.005236044           52 -0.001260718        70801
288.750  0.014709322           68 -0.010963559          193 -0.006823098           54 -0.000686063        71689
291.250 -0.015702423           64  0.028028006          191  0.016020029           64  0.000056775        71514
293.750 -0.026404384           74 -0.015072004          197 -0.047044690           58  0.000313431        72038
296.250  0.004077252           59 -0.001740563          206 -0.001590051           60  0.001631228        72743
298.750  0.021788277           79 -0.020083840          171 -0.076842780           58  0.000196888        73255
301.250 -0.002580723           69 -0.013407657          193  0.000284227           55  0.000391499        74279
303.750 -0.034859516           55  0.029552392          181 -0.017463576           56  0.000842663        74152
306.250 -0.011770875           65  0.027299583          195 -0.005732626           57  0.000043264        74685
308.750  0.022865559           47 -0.002371275          179  0.000840077           59  0.000592609        75060
311.250  0.015146265           55 -0.011861281          184 -0.002396935           60  0.001144781        75276
313.750 -0.011090895           60 -0.019167437          191 -0.009025830           57  0.001035743        75236
316.250 -0.063034691           59 -0.021758751          180 -0.017801236           57 -0.000363224        76380
318.750 -0.015655574           67 -0.004333304          191  0.057413331           60 -0.000017062        76969
321.250 -0.035591598           70  0.010452064          178  0.015065302           51 -0.001829924        77721
323.750 -0.027063832           51 -0.010846287          163  0.007736009           56  0.000598015        77758
326.250 -0.007841531           44 -0.004736665          179 -0.005981510           45 -0.000912181        77988
328.750 -0.061016413           57  0.040197544          191 -0.024442143           44 -0.000141623        78294
331.250  0.006690801           72 -0.003288069          174 -0.016440801           42  0.000211305        78541
333.750 -0.021273177           56  0.032819540          173  0.019740307           41 -0.000319321        79319
336.250  0.008224438           61  0.005073973          182  0.008350225           38 -0.001159383        79528
338.750 -0.005008040           49 -0.026464441          159  0.003071434           44  0.001280924        79664
341.250 -0.074948401           62  0.045845146          167 -0.021822453           38  0.000035014        80051
343.750  0.020870305           64  0.032077722          146  0.002902471           45  0.000046827        80603
346.250 -0.008731003           56  0.002053953          155 -0.094037947           27 -0.000344497        80680
348.750 -0.014602930           40 -0.027472722          164 -0.016276049           38 -0.000346020        81276
351.250 -0.015453783           53  0.000919262          154 -0.030281833           36 -0.000976961        81312
353.750 -0.013164333           62 -0.043014173          157  0.022943848           48 -0.002659665        81730
356.250  0.001020421           59 -0.011504284          141 -0.025321053           34  0.000807242        81715
358.750  0.027238791           58  0.005196881          163  0.096437189           42 -0.000284985        81913
361.250 -0.022709700           48 -0.007084791          160 -0.014512452           40  0.001140687        82382
363.750 -0.004758979           35  0.009535267          143 -0.017028818           29  0.000595261        82682
366.250 -0.035129104           38  0.020809376          148  0.027763471           45 -0.000209040        83085
368.750 -0.051346416           59 -0.014110817          165 -0.025469408           39 -0.001715097        83330
371.250 -0.042604440           62 -0.019456140          123  0.002746871           41 -0.000168642        83347
373.750  0.012588136           56 -0.007420538          131  0.007975160           34 -0.000551153        83763
376.250  0.031655454           45 -0.004725566          147 -0.004450787           31 -0.001771678        83649
378.750  0.006848275           55 -0.006595929          150 -0.023267845           23  0.000410260        84531
381.250  0.226824881           48 -0.006860832          128 -0.122612362           28 -0.001128284        84408
383.750  0.068824930           45  0.004291002          150  0.047940530           24  0.000124294        84509
386.250 -0.042864202           57 -0.021249678          135 -0.010193668           29 -0.000812222        84808
388.750 -0.024194984           58  0.016580292          136 -0.042248772           40 -0.000362699        84669
391.250  0.002535083           39  0.029832160          119 -0.014672495           32 -0.000347898        85019
393.750 -0.044424758           53 -0.044614929          123  0.003189728           35 -0.000486945        84999
396.250  0.040762294           53 -0.013118697          148  0.063518212           36 -0.000537182        85248
398.750  0.000283574           39 -0.022962500          123  0.002915764           27  0.000078314        85419
401.250  0.027392432           47 -0.003438937          113 -0.000044145           24 -0.001451992        85014
403.750 -0.042972344           52  0.044369205          130  0.017640666           29 -0.000031310        86017
406.250  0.042818920           56  0.056957972          108 -0.011009851           34  0.000654903        85527
408.750  0.001015231           54  0.027093481          101  0.010773077           22 -0.001112320        85963
411.250  0.011773892           44 -0.011747695          114  0.007812500           19  0.000507628        86132
413.750  0.034060984           56  0.023858186          133  0.002819809           22  0.001711303        86276
416.250 -0.032429569           52 -0.006930366          108 -0.051975804           30  0.000638571        85596
418.750 -0.021786583           38 -0.003024845          109  0.007598728           29  0.001437511        86203
421.250  0.002911554           43  0.029668901          102 -0.041801492           21  0.000078382        85863
423.750  0.016677478           58 -0.013901624          123  0.005151711           21  0.000903973        85981
426.250  0.048603403           41 -0.038691868          120 -0.131594900           22 -0.000687892        86267
428.750 -0.019948329           49 -0.002210460          104  0.002073088           19  0.000997111        86351
431.250  0.001598992           31  0.015646256          100 -0.009024785           19  0.000308378        86499
433.750 -0.008892751           61 -0.006266491          122 -0.132907069           22  0.000781951        86280
436.250  0.000377583           59 -0.007369893          111  0.005408887           23 -0.000278434        86717
438.750  0.013355060           49  0.023516518          113 -0.009865574           23  0.000399027        86089
441.250  0.009751224           41 -0.064653250          105  0.007156488           24 -0.000883489        86053
443.750  0.012046550           53  0.066730821          110  0.032540630           25 -0.001185503        86219
446.250 -0.020418034           42  0.002259998          106  0.042642052           18  0.000489146        85858
448.750  0.004270251           43 -0.032478160           98  0.004635159           22  0.001332102        86130
451.250  0.035673937           46 -0.023030624          107 -0.077040520           16 -0.000214772        85840
453.750  0.029554295           45  0.021835077          106 -0.056805127           22  0.000234796        86042
456.250 -0.005656469           52  0.023147064          100  0.015745893           22  0.000054607        86297
458.750 -0.007687087           49  0.063501396           97  0.001062166           21 -0.000106283        85774
461.250 -0.022644906           46 -0.091114604           88  0.038891631           13 -0.001083870        85833
463.750  0.009287490           48 -0.032877291          104  0.090285417           20 -0.000560285        85648
466.250 -0.015359550           38  0.040991878           93 -0.020676434           16 -0.000670308        85778
468.750 -0.028726950           52  0.024589926           95 -0.008545787           26  0.000182599        85380
471.250  0.030048235           39  0.025975490           66  0.003011962           12 -0.000603721        85795
473.750 -0.018207345           36  0.012471364           91  0.004245728           20 -0.001100995        85085
476.250  0.021402296           51 -0.004019954           77 -0.011188910           17 -0.000550286        84964
478.750  0.037016682           34 -0.022531336           77 -0.012149937           18 -0.000464678        85030
481.250 -0.054758245           41 -0.005009058           85  0.006286567           15  0.001075070        84773
483.750  0.002445388           41  0.011449254           85 -0.042161762           20  0.000175936        84656
486.250  0.015308733           38 -0.037054327           68 -0.033424567           23  0.000514632        84893
488.750  0.047826468           47 -0.031152781           55  0.004119570           24 -0.000626567        84210
491.250 -0.003837542           44 -0.005145442           89  0.002261035            9 -0.000054208        84348
493.750 -0.015967398           38  0.004396153           92 -0.040979126           13  0.000001171        84409
496.250 -0.002206627           42  0.019180409           84  0.071046037           22 -0.000874627        84031
498.750 -0.009231472           41 -0.001741461           84  0.000040637           12 -0.000725033        83720
