#   q     Cout       Nout      Cside       Nside       Clong        Nlong
  1.250  0.300308436          252  0.427433025          259  0.413667082          235  5.362713238            5
  3.750  0.236482943          245  0.175844506          254  0.220506238          260  1.581992998           30
  6.250  0.243702400          238  0.118648577          243  0.119513795          249  0.460254099           94
  8.750  0.104903139          249  0.121729308          220  0.102882498          231  0.164957653          203
 11.250  0.050118239          229  0.077761149          254  0.077695043          257  0.131698327          293
 13.750  0.068727046          256  0.067264680          239  0.079213064          237  0.081553578          467
 16.250  0.068106578          223  0.041110020          239  0.046204056          242  0.083870578          612
 18.750  0.095862533          218  0.039383691          244  0.069580432          232  0.045253052          792
 21.250  0.048404344          239  0.028385237          231  0.037392073          271  0.045634897         1038
 23.750  0.046278714          257  0.017073729          273  0.016833500          238  0.034320807         1309
 26.250  0.034068283          238  0.009301668          258  0.004384128          245  0.022087646         1640
 28.750  0.006113677          246  0.015788660          252  0.021475165          222  0.020644961         1863
 31.250  0.041541116          215  0.029605190          234 -0.021640869          216  0.017206612         2219
 33.750 -0.010073784          222  0.020627461          248  0.035927215          217  0.020701409         2488
 36.250  0.038807569          236  0.012323915          250 -0.014695825          223  0.018131580         2857
 38.750 -0.010589998          240  0.012603991          264  0.039014181          207  0.010100252         3192
 41.250  0.067385763          203  0.008082056          222  0.031177755          227  0.001876844         3671
 43.750  0.037874873          217 -0.011020722          229 -0.014927748          216  0.009039623         4124
 46.250  0.001046792          199 -0.008048349          233  0.034848697          229  0.008447053         4530
 48.750 -0.012818134          196  0.029717642          267  0.016553036          230  0.008481148         5105
 51.250  0.044154874          213 -0.055932382          230 -0.002415934          225  0.008923950         5649
 53.750 -0.036140688          204  0.032343039          246  0.002175615          233  0.004553190         6129
 56.250 -0.002290306          216  0.007418475          253  0.017251339          212  0.007264871         6581
 58.750 -0.007786103          196 -0.022397995          274  0.033709422          199 -0.000034330         7156
 61.250  0.032283902          186  0.034167443          229 -0.001527081          202  0.008918767         7598
 63.750  0.013479422          182 -0.000925014          241 -0.031530945          195  0.004801558         8303
 66.250 -0.001163114          201 -0.002984513          243 -0.006784506          188  0.004789445         8735
 68.750  0.027674144          206 -0.008417086          260 -0.018432632          209  0.003301557         9547
 71.250 -0.007512683          187 -0.003460335          238  0.007854506          191 -0.002408909        10049
 73.750  0.009580528          188  0.005708887          229  0.021738390          191  0.001983712        10590
 76.250  0.010952102          160 -0.000882970          239 -0.027159356          195  0.006941802        11249
 78.750  0.011913054          164 -0.001850903          229 -0.012470190          193 -0.001976412        12091
 81.250  0.024402359          168  0.000930265          235 -0.032028471          205  0.003294232        12543
 83.750  0.018467672          198 -0.004657310          264 -0.001192729          204 -0.001018252        13234
 86.250 -0.002006845          198 -0.012711028          254 -0.000685658          184  0.001018104        13879
 88.750 -0.002075166          159 -0.022555390          239 -0.003266303          159  0.004289318        14692
 91.250  0.019352649          174  0.003364347          245 -0.014599893          200 -0.002788034        15430
 93.750  0.029946362          168  0.019022182          247 -0.046387777          165 -0.001451985        15898
 96.250 -0.026771701          165  0.031767554          251  0.025036082          194 -0.003221649        16938
 98.750 -0.016525869          164  0.008430712          262  0.015189147          172  0.003052519        17460
101.250 -0.000068604          179 -0.002177478          263 -0.004413275          184 -0.000055188        18298
103.750  0.022767373          161 -0.004297091          217 -0.008449340          183  0.000772181        19308
106.250 -0.015049680          161  0.006748796          230  0.012048104          162 -0.000673245        19708
108.750  0.005621758          134  0.015284647          261 -0.002406671          207  0.001991148        20725
111.250 -0.001331709          159  0.032474120          257 -0.011920743          158  0.002279515        21263
113.750  0.005910888          172 -0.007794389          254  0.017261870          178  0.000300310        21928
116.250  0.044887943          169  0.015165490          241  0.009977654          169  0.001382331        22900
118.750 -0.013167359          138  0.026384845          240 -0.004549802          162 -0.001105931        23508
121.250 -0.030967393          168 -0.025274076          245  0.013710801          173  0.000403627        24582
123.750  0.005693216          159  0.019686893          252 -0.016718732          152  0.001473291        25416
126.250  0.044631416          122  0.034518009          263 -0.006333197          158 -0.000055964        25804
128.750 -0.052087586          123 -0.015404559          231 -0.003745874          161  0.001457895        26690
131.250 -0.000448095          162  0.009646491          239  0.024903125          169  0.003304242        27609
133.750  0.016269643          148 -0.002126800          240 -0.022825690          157 -0.000899370        28330
136.250  0.022249757          142  0.008305269          262 -0.031458774          151 -0.002524195        28838
138.750  0.001093940          137 -0.010883715          256 -0.000596694          152 -0.001000307        30274
141.250 -0.017444071          120 -0.020093481          254 -0.034293792          176 -0.000100520        30700
143.750  0.007186353          126  0.002979667          240 -0.064899894          155 -0.001106534        31546
146.250  0.002501032          119  0.004804076          219 -0.039281382          149 -0.001561873        32149
148.750  0.037273209          108  0.031391907          258 -0.004537938          141 -0.004216745        32837
151.250 -0.026138455          113  0.008813417          257 -0.003426897          151  0.000520986        33715
153.750 -0.023977356          128  0.014097698          229  0.002450297          152 -0.002379497        34465
156.250 -0.057208749          134 -0.005799371          266 -0.004204256          152  0.001794257        35191
158.750  0.041869307          112 -0.009908863          259  0.064206453          145  0.001731648        36173
161.250  0.020690780          112 -0.002473874          253 -0.019906678          128  0.000522314        37063
163.750 -0.027480389          124 -0.030681161          235  0.004692876          136 -0.002380661        37365
166.250  0.005181002          118  0.008689699          264 -0.012710377          125  0.001867559        38201
168.750  0.009544210          124 -0.006624464          277 -0.011962257          143  0.001784792        39134
171.250 -0.024359761          113  0.022164849          215 -0.006171719          132  0.000652358        39616
173.750 -0.005649372          103 -0.009956910          247 -0.003394084          146  0.000417732        40527
176.250  0.009861964          106 -0.015854418          268  0.033485394          129  0.001969620        41452
178.750  0.009598877          101 -0.003833590          235 -0.028371046          125 -0.002172088        41963
181.250 -0.017293534          112  0.035145176          215 -0.006438676          130 -0.000936777        42634
183.750  0.029785075          102 -0.011436829          240 -0.016352607          125 -0.000366010        43831
186.250 -0.036350109           99  0.004586259          241  0.008552119          125  0.003769230        43777
188.750 -0.040022681           77  0.011427721          231 -0.017578275          105  0.000385732        45111
191.250  0.003788986           91  0.023174518          275 -0.013500217          122  0.001546027        45869
193.750  0.013735403          107  0.009696541          279 -0.019497456          108 -0.000075535        46929
196.250 -0.023058411          104  0.010428983          230 -0.048851485          133 -0.000390296        47344
198.750 -0.089912882          101  0.006625978          279  0.049720358          121  0.000170949        47930
201.250  0.014242282           96  0.016978952          235  0.011337879          108 -0.000578665        49004
203.750  0.007367359          105  0.020398500          251 -0.008684549          119 -0.001664491        49627
206.250 -0.027731198           98  0.014054119          275  0.014490333          130 -0.001133487        50627
208.750 -0.013996609           90  0.012460214          251 -0.003537897          111  0.001521302        50698
211.250 -0.010737988           76  0.029934197          227 -0.074970813          108  0.000683770        51471
213.750 -0.040420378          106 -0.013819917          259  0.013471598           93 -0.000312993        52129
216.250 -0.013085761           89  0.005797466          248  0.001174301          104  0.000468786        52930
218.750 -0.002756779           85 -0.001148860          257  0.002476413          114  0.002345048        53755
221.250  0.078869345           82  0.005471474          250 -0.003294609           86 -0.001220877        54622
223.750  0.008870890           84  0.018355551          271 -0.008236003          101 -0.000393903        55296
226.250  0.005327075           85 -0.016303017          255 -0.013183196           96 -0.000096186        55480
228.750 -0.010976781           87 -0.021232129          237 -0.020536871          106 -0.001385463        56163
231.250 -0.024777018           98 -0.009792703          232  0.042993320           93  0.000118453        57016
233.750  0.023262762           80  0.003261864          233 -0.014418440          100  0.001063474        57904
236.250  0.077079255           71 -0.009310203          232  0.014069807           84 -0.000434282        57954
238.750  0.001813424           86  0.000397012          233 -0.004016671           96  0.000541706        59255
241.250 -0.015117206           68 -0.002325131          243 -0.024593276           81  0.000239744        60254
243.750  0.004154904           58 -0.004374845          190  0.024542707           93 -0.000774253        60354
246.250 -0.022412155           75 -0.010534050          220 -0.028697056           98  0.000189294        61463
248.750 -0.059998221           68 -0.009454980          215  0.020576697           82  0.000122118        61622
251.250  0.006106349           79 -0.000406583          194  0.001837221           86 -0.000633710        62069
253.750  0.015249940           80 -0.031410524          231  0.033781462           97  0.000079802        63040
256.250  0.002381413           65 -0.016899344          225  0.020495176           79  0.001193018        63831
258.750  0.027950250           74 -0.017586463          199  0.060526415           84  0.000412697        64382
261.250  0.038606914           57 -0.021549314          208  0.030157531           80  0.000940450        64972
263.750  0.078494089           84  0.013067317          218  0.003194446           77  0.000692859        65151
266.250 -0.063940941           68  0.012532829          224 -0.005330622           73 -0.000912298        65949
268.750  0.025312142           73 -0.017376898          213 -0.029031621           81 -0.002422457        66719
271.250  0.051414585           65  0.068548862          205 -0.038978868           99  0.000920832        67281
273.750  0.027570217           78  0.016039336          192  0.061622164           54 -0.000037852        67793
276.250  0.058345804           56 -0.011571377          211 -0.020187859           80  0.000662841        69157
278.750 -0.020034429           67 -0.009505194          224  0.021927979           75  0.001146834        69331
281.250  0.067798985           72 -0.018608070          213  0.038316455           65  0.001840673        69448
283.750  0.019093112           64 -0.024768717          214 -0.044537490           72 -0.000071965        70084
286.250  0.020367465           62 -0.003046919          189  0.026433192           63  0.000099748        70605
288.750  0.039913056           62 -0.002572285          201  0.021230439           67 -0.000576530        70914
291.250 -0.007316331           70 -0.005197555          205  0.008079130           72  0.000041328        71728
293.750 -0.026357812           66 -0.007959874          184  0.036693918           58 -0.001223780        72058
296.250  0.061873979           69 -0.016699203          186  0.071327904           63  0.001684041        72455
298.750  0.023062687           57  0.008768997          186  0.060182080           59  0.000406312        72838
301.250  0.003547430           79  0.007267331          199 -0.001004583           67 -0.001622539        73537
303.750 -0.013165470           63 -0.013706237          198  0.000121134           48 -0.000338036        74204
306.250 -0.016593559           73  0.025943088          177  0.015978369           49 -0.000708890        74655
308.750  0.028287780           46 -0.005967786          213  0.004213102           63 -0.001686107        74727
311.250  0.042407174           61 -0.011394222          175 -0.040257309           63 -0.000123181        74897
313.750 -0.012242672           64 -0.005292279          175  0.000711044           60  0.000454599        75756
316.250  0.036356490           59  0.022864244          167  0.006205053           53  0.001911467        75511
318.750 -0.005860382           73  0.032141097          180 -0.009834027           46  0.001021093        76583
321.250 -0.046675623           53  0.024291936          171  0.093770516           41  0.000329243        77148
323.750 -0.021101718           62 -0.016771160          186  0.016449252           39  0.000859765        77129
326.250 -0.004992859           62 -0.013854576          168  0.061713543           43  0.000476721        77848
328.750 -0.005432123           47  0.001553308          188 -0.011664121           44  0.001066969        78511
331.250 -0.052975478           55  0.038619399          156 -0.053427404           44  0.000522700        78707
333.750 -0.020257049           58 -0.002596303          180  0.079782057           52  0.002601764        79647
336.250 -0.026710667           46  0.024086160          140 -0.007063879           48 -0.000120534        79240
338.750 -0.056776654           59 -0.007411406          176 -0.001760826           40  0.000195126        80205
341.250  0.007033506           65 -0.016754668          169 -0.018937183           56  0.000257574        79975
343.750 -0.053911584           77 -0.002167326          176 -0.002348726           57 -0.001761447        80849
346.250  0.033612558           51  0.025702181          149  0.013422021           51 -0.000029407        80891
348.750  0.020238428           60  0.008150815          161 -0.013271821           47 -0.000602192        81095
351.250  0.032420808           66  0.006564761          179  0.046698081           63  0.000242473        81337
353.750  0.057166055           53  0.027984256          138 -0.032439472           40  0.000610966        81812
356.250 -0.024978162           43 -0.005643371          142 -0.004555725           43 -0.000829342        82148
358.750 -0.059736247           61 -0.016440956          176 -0.050604829           34 -0.000367086        82370
361.250 -0.010492289           49  0.004718879          130  0.010116317           39  0.000973312        82239
363.750  0.019838374           58 -0.019984362          156 -0.013868412           33 -0.000226853        83043
366.250  0.031126933           46  0.023023632          130 -0.000381492           33  0.002105957        83157
368.750 -0.009012975           52  0.005685474          161  0.010185326           43  0.000164643        82886
371.250  0.001989839           57  0.010931092          149  0.035083132           43 -0.001813881        83451
373.750 -0.091020385           42 -0.032336403          153 -0.015505000           48  0.000443270        83316
376.250  0.001781834           57  0.011364167          141  0.143181513           32  0.000797149        83850
378.750 -0.016159181           62 -0.007490495          149 -0.034139755           30  0.000529458        83654
381.250  0.012728473           52  0.039708769          112  0.052931065           41  0.001300476        84172
383.750  0.040292562           45 -0.020654160          142 -0.036148235           36  0.000534149        84768
386.250  0.027434131           61 -0.002645889          164  0.013828504           25  0.000981889        84619
388.750 -0.010651477           45 -0.013271741          126 -0.013658346           37  0.000070270        85472
391.250  0.060092447           40 -0.000442911          141  0.225100617           26 -0.000098722        85299
393.750  0.013090471           53 -0.018107909          142 -0.045875707           22  0.000305508        84953
396.250 -0.002053760           61  0.001284142          130 -0.012917984           41  0.001462458        85756
398.750 -0.025901734           62  0.008512171          107  0.035196523           25 -0.000829474        85681
401.250 -0.035358238           63  0.030714222          123  0.022658349           42  0.001377482        85527
403.750 -0.017761442           48  0.006362807          149 -0.030684642           32 -0.001657461        85938
406.250  0.010573254           49 -0.014802007          137 -0.006107599           26 -0.000814364        86054
408.750  0.054190186           67 -0.007592642          123  0.026805972           21  0.000769765        86386
411.250  0.012428423           61 -0.020931971          115 -0.000497096           30  0.000812835        85933
413.750  0.006333383           52  0.025721920          137  0.004110423           36 -0.000163203        86163
416.250 -0.003876980           52 -0.013425302           99 -0.012299706           27  0.000037868        85918
418.750 -0.003901453           53  0.006327813          144 -0.147546589           21  0.000444209        86552
421.250 -0.018282528           47 -0.020148069          106 -0.018599559           35  0.000595668        85813
423.750  0.018902527           51 -0.018074048          111 -0.009127861           30 -0.000029384        86112
426.250  0.002063140           48 -0.046652056          123  0.033926112           18  0.000188538        85971
428.750  0.051398146           41 -0.022905123          105 -0.180289545           26  0.000972684        85939
431.250 -0.015397260           50  0.021584795          103  0.015328768           27  0.000757675        86167
433.750  0.021740484           35  0.002709162          128 -0.012300662           14  0.000253531        86256
436.250  0.046241581           50 -0.021234089          110 -0.003045586           19 -0.000311501        86515
438.750 -0.048298767           58  0.030428342          110  0.025647902           27  0.000714354        86368
441.250 -0.015100663           49  0.004174837          108 -0.011833627           25 -0.000711537        86418
443.750  0.011201774           49  0.019411009          101 -0.002488236           15 -0.000418381        86263
446.250 -0.066197910           45 -0.000553585          118 -0.018338057           19  0.000259573        86375
448.750 -0.024082808           44  0.001523424          110 -0.015082206           24 -0.000218272        86303
451.250 -0.008301404           53  0.001555946           99 -0.041608941           28  0.000779212        86301
453.750 -0.012762588           34  0.000106570          102  0.000015945           22 -0.000965946        86126
456.250  0.015903992           47 -0.051791399           98  0.007310371           15  0.000214603        85919
458.750  0.053791984           42  0.013905823          112 -0.000070110           15  0.000219492        86102
461.250 -0.023258363           37  0.006063055           95 -0.000048128           19 -0.000820378        85965
463.750  0.022087209           43 -0.025367531           81 -0.088978502           19  0.000074130        85459
466.250 -0.004190575           38  0.021064964           93 -0.054285642           18  0.000974628        85531
468.750  0.009916227           51 -0.060690820           98  0.011036872           20 -0.000356301        85057
471.250 -0.001019570           49 -0.035048435          105 -0.083275630           18 -0.000874555        85572
473.750  0.007188561           55  0.012939817           85  0.012823260           14 -0.000132305        85547
476.250 -0.009999820           52  0.000278597           80 -0.034939022           20 -0.000521481        85535
478.750 -0.004679644           40  0.048552786           81  0.000043197           16  0.000344698        85097
481.250 -0.002467399           33  0.035452395           93 -0.070556144           18  0.000412529        84959
483.750 -0.003809278           23  0.010471808           95 -0.019683728           19 -0.001179971        84443
486.250  0.002521319           41  0.030083683           91  0.000047506            9  0.000649363        84419
488.750 -0.065820394           29  0.056327526           78  0.014244269           10 -0.000372501        84708
491.250 -0.018044383           35 -0.012129585           97  0.005775319           12 -0.000006984        84299
493.750  0.020355327           43  0.008431276           88 -0.281469055           15  0.000004362        84304
496.250 -0.061145428           50  0.068420462           71 -0.118033957           10 -0.000715177        83994
498.750  0.002879034           48  0.018655178           91 -0.018037760           18 -0.001834156        83977
