#   q     Cout       Nout      Cside       Nside       Clong        Nlong
  1.250  0.220327965          285  0.225663830          263  0.249543021          251  0.778498629            5
  3.750  0.225942649          236  0.237390774          215  0.181636130          218  0.762515382           33
  6.250  0.131697297          245  0.150036889          235  0.163017556          262  0.399061863           82
  8.750  0.072755682          234  0.094118533          228  0.089121008          254  0.211910981          205
 11.250  0.118733670          230  0.072945432          256  0.081753159          245  0.138087716          297
 13.750  0.055445107          232  0.074710501          265  0.077455935          232  0.103885991          416
 16.250  0.108973827          223  0.035469482          225  0.035297697          237  0.073628871          564
 18.750  0.010328678          199 -0.023916137          234  0.049858665          234  0.042310538          807
 21.250  0.033069129          254  0.037941055          256  0.023375388          243  0.031014003         1038
 23.750  0.063078061          193  0.052856650          233  0.030041609          244  0.009053376         1310
 26.250  0.051657734          210  0.017006596          266  0.009715126          234  0.034607304         1529
 28.750 -0.010873540          227  0.045390383          240  0.005187944          235  0.015663483         1863
 31.250  0.052807697          221  0.043393666          242 -0.011221996          204  0.031506250         2234
 33.750  0.024261084          224 -0.005594564          227  0.035467842          213  0.015393553         2453
 36.250  0.039428189          199 -0.003975297          245  0.006635727          205  0.013800290         2860
 38.750  0.037159426          232  0.016332567          257  0.001470910          222  0.013207710         3253
 41.250  0.008824065          224 -0.018047180          242  0.043824103          229  0.002467457         3751
 43.750  0.004247925          239  0.017288479          257  0.007715606          193  0.011125632         4125
 46.250  0.036326804          221  0.016391263          247  0.013550330          196  0.003731929         4476
 48.750  0.022190739          204  0.000039088          283 -0.015205219          187  0.009233797         5153
 51.250  0.010802407          227  0.019011541          232  0.001414122          209  0.010182392         5545
 53.750  0.013925453          188  0.019040893          262  0.004273562          208  0.007343139         6073
 56.250  0.017808842          196  0.019119312          240  0.008548214          231  0.003461790         6554
 58.750  0.025780332          201 -0.014997907          227 -0.008557927          220  0.005745656         7103
 61.250  0.002600176          183  0.014542345          252 -0.017190360          217  0.002627332         7745
 63.750 -0.002365050          210 -0.000110448          243  0.049419112          205 -0.000353730         8275
 66.250  0.032165032          217  0.020514533          244  0.018065484          211  0.002495598         8978
 68.750  0.016715444          186  0.025996530          230 -0.022018149          198  0.002238137         9386
 71.250 -0.005695368          178  0.010998873          247  0.009354383          229  0.000232638         9975
 73.750  0.017414656          177  0.033300334          240  0.007434929          217 -0.001723915        10889
 76.250  0.004743215          193 -0.015295684          233  0.015492256          199  0.003823759        11282
 78.750  0.004084862          187  0.010241356          259  0.011715646          179  0.001376886        11950
 81.250  0.013617290          181 -0.005550871          266  0.007780205          218 -0.000214330        12828
 83.750  0.000345088          189  0.001228789          243  0.010488008          182  0.004130182        13453
 86.250 -0.012693077          171  0.014780475          269  0.012508832          198 -0.002038049        14009
 88.750  0.009224471          190 -0.009948990          249 -0.014511288          183 -0.000340751        14779
 91.250 -0.012897115          184  0.009912994          233  0.004705258          167  0.003333902        15382
 93.750  0.014987878          144  0.005408426          257  0.040096090          206  0.001551421        16154
 96.250  0.024714691          180 -0.009729854          235 -0.006121493          185  0.003573729        16928
 98.750  0.023584747          168  0.007124187          230 -0.016641143          174  0.001511492        17612
101.250  0.024622466          140  0.005862469          230 -0.008822457          182  0.003115432        18211
103.750  0.000184791          171 -0.032545677          258 -0.007242050          188  0.000660710        19196
106.250 -0.008370581          160 -0.023649841          248 -0.031922532          165  0.003513529        19608
108.750 -0.024045062          157 -0.061483606          247  0.016556342          160 -0.004695112        20665
111.250 -0.005892667          155 -0.017912474          252  0.005530593          160 -0.001381933        21459
113.750  0.010524024          168  0.009518373          257  0.038101030          173  0.002359969        22059
116.250  0.016342769          179 -0.006123457          239  0.053623125          151  0.000040583        22825
118.750 -0.025778431          144  0.000067958          241  0.026603418          163 -0.001935086        23614
121.250  0.058816680          153 -0.000499869          254 -0.018064500          176 -0.000504021        24346
123.750 -0.000003394          131  0.030148431          268  0.001434072          158  0.004828000        25008
126.250  0.004943879          156  0.023580688          226 -0.007860474          163 -0.000007373        25755
128.750  0.030468836          165  0.002942987          246 -0.003835128          155  0.004419561        26750
131.250 -0.003861532          120 -0.007482402          256 -0.013704076          131  0.000202141        27472
133.750 -0.014148970          154  0.002029254          246  0.015176247          172  0.000368893        28268
136.250 -0.003014205          143 -0.001720145          228 -0.017172826          155 -0.001502214        29024
138.750  0.006527640          125 -0.002095074          262  0.004090835          157 -0.002974197        29588
141.250  0.011932269          156 -0.004595585          222 -0.002501500          146 -0.000041559        30697
143.750  0.034113852          140 -0.013014995          227  0.018062650          134 -0.000586307        31282
146.250 -0.001999489          138  0.013547752          244  0.032798201          165 -0.002021021        31822
148.750 -0.007371649          147  0.010956650          264 -0.010438581          188 -0.000732072        33334
151.250 -0.035356617          141 -0.001030181          248  0.017454119          125 -0.001366683        33597
153.750  0.024980632          118  0.002942385          255 -0.014075170          127  0.000536850        34476
156.250 -0.007940072          126 -0.009538780          224 -0.006970994          143 -0.001481697        35095
158.750  0.013692288          113 -0.003513797          256 -0.005978264          129  0.002343961        36248
161.250  0.015548165          121 -0.008371761          222  0.046515534          132  0.001436535        36859
163.750  0.003753734          115  0.001899296          238  0.015660295          130 -0.000468043        37577
166.250 -0.029201058           91  0.003652507          242  0.001063328          142 -0.000408199        38628
168.750 -0.032628482          124  0.028658668          250  0.023165352          133  0.000522084        39431
171.250  0.030469042          120 -0.030130052          245 -0.014042522          128 -0.001124911        39591
173.750 -0.003045357          120  0.015805841          228 -0.034364247          149 -0.000593997        40508
176.250  0.049908755           99  0.027292349          256  0.028329094          124 -0.000386831        41434
178.750  0.010699379          108 -0.017607912          233 -0.001571875          130 -0.001657501        42160
181.250 -0.014127067           98 -0.048931979          241 -0.032680411          113  0.000781452        42952
183.750 -0.018305128          106 -0.016591717          248 -0.011711038          126 -0.000808627        43697
186.250 -0.012021501           95 -0.027514701          274 -0.010875146          126  0.000844786        44027
188.750  0.000643541           94  0.014468178          261  0.002717131          135  0.001327724        45353
191.250  0.015760180          101  0.026965447          245 -0.020804417          116  0.001745446        46168
193.750  0.004152643          108  0.002421585          255  0.003264509          108 -0.000020107        46302
196.250 -0.001730280          105  0.002219160          239 -0.010143154          118  0.000901637        47580
198.750  0.030284653           96  0.027728848          246  0.014810653          102  0.000967475        48514
201.250  0.080881872          106 -0.015468095          231 -0.018232387          115  0.000154817        48623
203.750 -0.081832666           70  0.003991574          252 -0.026301713          108  0.001686999        49902
206.250 -0.097529205           94 -0.000043436          244 -0.068754710          103  0.001462968        50257
208.750 -0.032547412           92  0.004451180          228  0.051048521          110 -0.000646930        50938
211.250  0.018561517           79 -0.008439385          224 -0.013368730          112  0.000429364        51572
213.750 -0.019948118           96 -0.007530729          203 -0.014356234          120 -0.002085188        52511
216.250 -0.027002336          102 -0.000722142          246 -0.011677089          122 -0.002437682        53269
218.750 -0.023686214           89 -0.021460936          248 -0.050765565           89 -0.001146932        53866
221.250  0.021797787           84 -0.010587259          245 -0.006293526          105  0.000652542        54528
223.750  0.031521438           84  0.000896034          242  0.009360592          103 -0.001319719        55066
226.250 -0.044429887           68 -0.003707722          254 -0.010516303          100 -0.002446354        55884
228.750  0.031755519           82  0.013283949          219  0.013891903           93  0.000416366        56775
231.250 -0.003309956           88 -0.001328930          241  0.023412521           90 -0.001164434        56749
233.750 -0.043163782           89  0.014278332          234  0.006825050          112  0.001495841        58298
236.250  0.012255944           83  0.007086541          222  0.056645685           81  0.000805365        58877
238.750 -0.021146568           70  0.001511417          234  0.020062330           98 -0.001381992        59406
241.250 -0.009695152           72 -0.008760255          248 -0.021870714           87  0.001027243        60014
243.750  0.044611625           67 -0.014014595          230  0.014921259           83 -0.000603579        60670
246.250  0.014697456           79  0.034396317          184 -0.015049703           83  0.001475190        60966
248.750 -0.011193207           66  0.012620486          234  0.030369649           74  0.000630408        62038
251.250  0.005456522           81  0.014328203          208 -0.028672136          104 -0.000875237        62412
253.750  0.005421382           71 -0.019768303          230  0.026071966           71 -0.000464599        63111
256.250 -0.021919535           65 -0.032455973          176  0.010667361           89  0.001124831        63929
258.750  0.014790968           77 -0.002444902          204 -0.032185881           97  0.000051752        63940
261.250  0.033133660           77  0.003427475          223  0.079353524           75  0.000549194        64461
263.750  0.005021563           73 -0.011193823          203  0.011301799           86 -0.001208156        65594
266.250  0.021122764           67  0.019420294          250  0.067640985           68 -0.000926250        66372
268.750 -0.051223076           72 -0.019993377          202 -0.006916165           74  0.000540832        66921
271.250  0.024512220           59 -0.008010782          205 -0.036657995           57 -0.000378363        67469
273.750 -0.006559936           71 -0.012581335          212 -0.018162452           71  0.000113505        67943
276.250  0.002077860           51 -0.003174330          180 -0.055523597           71 -0.002515477        68545
278.750  0.006328925           65  0.007162036          188 -0.018157606           71 -0.001654177        68908
281.250 -0.088128024           78  0.020930937          192 -0.011451411           69  0.001693240        69817
283.750  0.003096607           68  0.000701485          188 -0.008741772           61  0.000818933        70212
286.250  0.042958440           71  0.022637803          219 -0.041071469           61 -0.000743804        70660
288.750  0.011223136           62 -0.008822134          198  0.020075018           68  0.000573679        71327
291.250  0.031591760           67  0.015982039          197  0.043824999           57  0.000179696        71689
293.750  0.073036521           76 -0.004319477          195  0.040382403           55  0.001100043        71875
296.250  0.078835398           59  0.000750960          190  0.012026003           50  0.001090713        72530
298.750 -0.029374119           67  0.053649220          202  0.002924353           65  0.001575167        72968
301.250  0.055449639           64  0.008618437          179 -0.027594998           60  0.000084753        73631
303.750  0.027249945           63 -0.021539894          190  0.004837218           43  0.000336057        74451
306.250 -0.094739500           58 -0.009904751          226  0.018042781           61 -0.000389168        75011
308.750  0.024556388           56 -0.011107529          164 -0.069173889           66  0.000642680        74529
311.250 -0.005340966           60  0.028399100          180  0.043843957           50 -0.000047763        75768
313.750 -0.004044367           55  0.024458457          184  0.022078426           53  0.000203227        76461
316.250 -0.008348810           52  0.010850959          164  0.026888688           44  0.001492219        76284
318.750  0.000069704           58  0.026010963          165 -0.029966706           53  0.000449201        77025
321.250  0.018771024           64  0.016575421          178 -0.003065121           50 -0.000323774        76955
323.750  0.018971846           53 -0.018920808          167  0.031704571           48  0.001238440        77555
326.250  0.050551905           55 -0.025880236          161 -0.008216680           51  0.000361378        78662
328.750  0.006966423           73 -0.000901659          173 -0.000039185           60  0.000635734        78227
331.250 -0.014441142           55  0.023757491          180 -0.028576733           47  0.000163939        78771
333.750  0.007345242           63  0.001408797          181 -0.055486970           48 -0.000779534        79226
336.250  0.052972141           47 -0.008676298          157  0.020072583           46  0.000858248        79611
338.750 -0.001796503           69  0.008484115          161  0.003471404           35 -0.000262820        80055
341.250 -0.058268619           64 -0.003902258          179 -0.007431252           45  0.000836911        80506
343.750 -0.025034909           63 -0.016747592          181 -0.027077867           44  0.000665109        81038
346.250 -0.027349432           64 -0.059841123          157  0.008630837           42  0.000372920        80851
348.750  0.026025938           55  0.004942635          158 -0.005518321           45  0.000117635        81120
351.250  0.016147145           47  0.013804922          163  0.024335998           48 -0.000489448        81443
353.750 -0.065131393           53  0.040574729          144  0.013075903           41 -0.000412936        81550
356.250 -0.025820590           55 -0.018011287          142 -0.009350253           45  0.000279177        82149
358.750 -0.066822760           59  0.005301449          159  0.041134947           31 -0.000012226        81833
361.250  0.039755530           56 -0.015641844          146  0.068928527           40 -0.000680078        82637
363.750  0.005222076           42  0.010541805          140  0.029288370           29 -0.000750128        82821
366.250 -0.035733499           62 -0.012933953          144  0.031010729           44 -0.000240856        83061
368.750  0.052971101           32 -0.016149516          144  0.002942424           35 -0.000291909        83317
371.250  0.012803995           50  0.007009601          157 -0.063910764           38  0.000113158        83352
373.750  0.081998890           53 -0.013175093          143 -0.000538158           41  0.000147214        83863
376.250  0.023984012           54  0.001613794          131 -0.001558233           41 -0.001132916        84095
378.750  0.008540724           42  0.005176636          146 -0.056936116           42 -0.000637847        84741
381.250  0.036268137           44 -0.009858387          142  0.005279156           33  0.000433384        84107
383.750  0.003407780           64  0.006224080          149  0.030480323           33  0.000351273        84645
386.250 -0.012679547           52  0.011714209          113 -0.086192720           36  0.000546182        85116
388.750  0.016360849           53  0.016005475          142 -0.008899847           31  0.000027545        84830
391.250  0.006349398           47  0.011919002          135 -0.031830944           35  0.000689418        85135
393.750  0.061743788           59  0.021733295          135  0.005844312           29  0.000073741        85383
396.250  0.014150525           50 -0.014890862          120  0.012781845           35  0.000897534        84873
398.750 -0.013470069           52 -0.029894611          116  0.065266472           39  0.000840555        85699
401.250  0.049505960           73 -0.029632188          128  0.036442904           32 -0.000125420        85715
403.750 -0.008168834           42 -0.005106162          115 -0.012795445           30  0.000683488        85713
406.250 -0.011406638           50 -0.001171114          112 -0.095753002           23 -0.000446226        85324
408.750  0.011927417           44  0.010868322          120 -0.058364659           19 -0.000003507        85666
411.250  0.051123886           48 -0.045812515          127 -0.027566290           23  0.000255122        85983
413.750 -0.037796421           45  0.015022001          111  0.028354756           27  0.000463013        86389
416.250 -0.016599635           53 -0.009258145          117  0.013776494           37  0.002314484        86056
418.750 -0.009186599           52  0.019962297          102  0.036894510           22  0.002570423        86537
421.250 -0.023353082           50  0.001374337          116  0.087901178           25  0.000863494        86302
423.750  0.046485014           43 -0.003648621          112  0.000776393           22 -0.000968606        85468
426.250 -0.011218641           38 -0.004730860          103  0.058154318           17 -0.000461445        86058
428.750 -0.012140661           62 -0.030269049          113  0.113486013           26 -0.000460114        86077
431.250  0.005442823           54  0.011300705          117 -0.001727477           25 -0.001440458        86575
433.750 -0.094461285           30  0.004516449           78  0.027084031           16  0.000707086        85967
436.250 -0.015676003           37  0.057296137          116 -0.065141175           18 -0.000411128        86368
438.750 -0.035732709           54 -0.036390157           96  0.033101726           24  0.000382181        86117
441.250  0.066083756           42 -0.004538003          120  0.002843139           21 -0.000213650        86227
443.750  0.034336515           43 -0.026056452          131 -0.036690432           26 -0.001093380        85729
446.250  0.099304465           54 -0.032569294          103  0.095163631           26  0.000331838        86299
448.750  0.023231672           54  0.014521975           97  0.001129688           20  0.000459701        85666
451.250 -0.021861020           44  0.002871963           95  0.009243180           26 -0.000159831        86189
453.750 -0.046964627           52 -0.000910728           84  0.046445441           25 -0.002139311        85839
456.250 -0.056445521           38 -0.013115148          107  0.034684105           15 -0.001691343        86015
458.750  0.052445249           48 -0.022783462           89 -0.032361147           19 -0.000003147        86151
461.250 -0.008211071           55 -0.023722319          109 -0.077360979           19 -0.000634131        85956
463.750 -0.011476795           49 -0.006161433           99 -0.049384164           25 -0.000398422        85348
466.250 -0.049283128           49 -0.018875144           93 -0.000641887           17 -0.000549966        85574
468.750  0.052883870           43  0.004189872           98  0.066601169           15 -0.000041786        85379
471.250  0.017983900           47 -0.023771531           91 -0.128530225           13  0.000977614        85427
473.750 -0.000102769           33 -0.020195307           76  0.020038178           15  0.000034124        85080
476.250  0.005407778           35  0.009116963           95  0.011455570           17  0.000959019        85077
478.750  0.056853815           42 -0.007220674           84  0.006140066           16 -0.000066900        84575
481.250  0.113083871           36  0.014710697           96  0.011517317           23  0.000482077        84702
483.750 -0.001069305           41  0.007938818           80  0.001087342           18  0.000792897        85006
486.250 -0.000459625           50 -0.009508020           89 -0.008213663           20 -0.001386473        84307
488.750  0.004989541           28 -0.004696350           90  0.000253527           12  0.000680587        84408
491.250  0.059630320           48 -0.006235794           78  0.074730164           18 -0.000041034        84237
493.750 -0.012948009           42  0.002715390           91  0.255052781           11  0.000008677        84331
496.250 -0.040654899           39 -0.041320898           87 -0.000310224           18  0.000359354        83980
498.750 -0.049798095           46 -0.037305674           89  0.024111993            8 -0.000830340        83642
