#   q     Cout       Nout      Cside       Nside       Clong        Nlong
  1.250  0.290658419          249  0.326255997          260  0.326318497          239  3.068352296            9
  3.750  0.233694450          228  0.137631889          240  0.192231845          233  0.691816783           26
  6.250  0.094688696          241  0.151329629          242  0.111651625          232  0.308761740           97
  8.750  0.087878546          257  0.119434346          242  0.122630785          257  0.194206303          184
 11.250  0.110144887          253  0.078405045          256  0.114305387          269  0.176972702          274
 13.750  0.078439065          258  0.063862571          246  0.032099217          256  0.098703513          449
 16.250  0.041544882          222  0.060882653          213  0.049478853          267  0.074279000          617
 18.750  0.079053683          225  0.071795869          254  0.048892361          243  0.059603268          848
 21.250  0.039971646          228  0.057294224          229  0.001074542          244  0.051027902         1026
 23.750  0.065902588          262  0.020593493          240  0.021837593          220  0.033570395         1265
 26.250  0.049480692          220  0.019791470          243  0.015527378          236  0.020348085         1544
 28.750  0.037684919          197  0.004261709          220  0.031998171          232  0.025384668         1839
 31.250  0.059745383          207  0.017787182          231 -0.016991005          228  0.005454508         2220
 33.750  0.023928875          210 -0.006520865          232  0.036131268          209  0.015747744         2520
 36.250  0.068616470          212  0.011263149          220 -0.007467326          236  0.016359968         2846
 38.750  0.002307148          202  0.007528513          241  0.008662194          223  0.001688119         3231
 41.250  0.022615557          203  0.021036060          249 -0.007150187          201  0.007021127         3691
 43.750  0.057615631          229  0.016291492          262 -0.003678034          220  0.018953296         4149
 46.250  0.005330351          203  0.006905214          242  0.019725657          225  0.011223540         4643
 48.750  0.006473016          201  0.034277715          198  0.036480926          189  0.004781428         5030
 51.250  0.060654995          219  0.013084389          219 -0.000865565          233  0.002711398         5444
 53.750 -0.003660694          226  0.005893484          240 -0.000988359          208  0.004928075         6087
 56.250  0.013550043          201  0.022569689          231  0.008885682          213  0.000539075         6592
 58.750 -0.018211164          203 -0.006940005          241  0.005364760          205  0.000424782         7125
 61.250  0.008287777          197 -0.019065864          244  0.003261643          219  0.006724560         7665
 63.750  0.022391585          202 -0.030923459          243  0.003430830          205 -0.003794749         8259
 66.250  0.017597715          205  0.018307155          253  0.040816061          211  0.002320482         8823
 68.750 -0.008526623          205 -0.001243209          236 -0.010110611          205  0.000440738         9348
 71.250  0.004859202          198  0.020930129          247 -0.014755539          175  0.006085589        10087
 73.750  0.011361629          165  0.030622023          252  0.037989273          219  0.000821089        10731
 76.250 -0.006755215          208  0.015608972          261  0.026749618          203  0.003235356        11413
 78.750  0.007749941          179  0.003655955          239  0.010595671          220  0.004917347        11922
 81.250 -0.050108723          189 -0.011347150          238 -0.018317800          191 -0.001202599        12713
 83.750  0.010903563          161  0.013184711          279 -0.035149528          192  0.003279382        13565
 86.250 -0.028533112          168 -0.012115045          243 -0.011984551          177  0.002401584        14011
 88.750  0.019970400          153 -0.001581129          242 -0.024215504          209  0.001848103        14785
 91.250 -0.003546367          180 -0.007741741          242  0.033260046          176 -0.000025944        15263
 93.750  0.023054052          177 -0.025860731          268 -0.028583942          179 -0.001516504        16452
 96.250 -0.017397956          179 -0.000003046          248  0.016974785          168 -0.001464470        16602
 98.750 -0.000329488          161  0.011276157          224  0.001215228          175 -0.000308511        17568
101.250  0.067519493          167  0.024541532          239 -0.029905390          164 -0.000775915        18283
103.750  0.010695523          173 -0.036901500          228 -0.015263369          166  0.002398533        19061
106.250  0.015362902          175  0.036736188          239  0.020518912          173 -0.001382530        19892
108.750  0.004478992          161 -0.013222358          260  0.008337700          166  0.002964667        20751
111.250 -0.030980299          173  0.006382524          268 -0.024224634          188 -0.000432817        21442
113.750 -0.012815838          139  0.003720341          263  0.003106573          173  0.003725251        22167
116.250  0.004437162          155 -0.011401929          248 -0.012590207          181 -0.000645231        23040
118.750  0.026519177          138  0.002557102          247 -0.019123662          186 -0.001792461        23341
121.250  0.017238064          161 -0.013996617          244 -0.010959848          178 -0.001105394        24670
123.750 -0.018175441          144 -0.031486541          254 -0.014126867          193 -0.001463853        25129
126.250 -0.008963521          152  0.049430497          267 -0.051566518          161  0.001653438        26166
128.750  0.005337654          146 -0.010004185          263  0.010496320          155 -0.000658555        27056
131.250  0.012899555          133  0.003056356          241  0.017032618          155  0.000176133        27324
133.750 -0.015683388          146 -0.016410478          227  0.001618161          174 -0.000311774        28504
136.250  0.002695109          144  0.019705292          240  0.015321010          155  0.002140178        29005
138.750  0.040737927          119 -0.004113741          242  0.033583506          161 -0.000306460        29624
141.250  0.000786182          123 -0.025518629          268  0.006361913          147  0.000969593        30810
143.750 -0.000179174          136 -0.005871695          255 -0.015669953          163  0.000596875        31393
146.250  0.019386733          130 -0.022824587          261 -0.023436137          151  0.000069209        31778
148.750  0.012719788          123  0.010132767          229  0.011662759          132 -0.001046593        33126
151.250  0.019314987          150  0.000809492          262 -0.000670224          164  0.000683610        33732
153.750  0.001309192          134  0.001996064          270  0.028393583          136  0.001927020        34718
156.250 -0.000212593          121 -0.006312695          258 -0.003092850          136 -0.000924505        35324
158.750 -0.015899170          136 -0.005568227          235 -0.016354136          122 -0.000667674        36389
161.250  0.012897933          120 -0.013450731          269  0.001113784          134  0.000875526        36734
163.750 -0.072698940          121 -0.012672415          266 -0.011817280          156  0.000571025        37794
166.250 -0.013399821          126 -0.004804540          261 -0.022198024          155  0.002364343        38086
168.750 -0.016008085          125 -0.000599376          242 -0.015294762          148 -0.002314845        38979
171.250 -0.030382590          126  0.004416194          240 -0.014584690          149 -0.001416679        39839
173.750  0.021241416          113  0.000153113          232  0.042338660          162 -0.000868397        40779
176.250  0.010403854          116 -0.015535420          284 -0.003921566          128 -0.001896531        41556
178.750 -0.052879028          126 -0.022318685          247  0.022119525          108  0.001897430        42354
181.250 -0.006947864           92 -0.002688302          234 -0.029189227          109  0.001925249        42683
183.750  0.085188276           82 -0.005527684          233 -0.024543047          116  0.000056378        43743
186.250 -0.015559866          113 -0.011278748          249  0.012177894          126  0.001480538        44931
188.750 -0.001871137           90 -0.019271732          236  0.006816109          120  0.000698137        45103
191.250  0.021176849           92 -0.006945604          269  0.016077967          129 -0.000078593        45886
193.750  0.021726843           93  0.022885441          245 -0.001308518          112 -0.000748369        46529
196.250  0.050856820           94  0.001101422          264  0.012111600          131  0.000575230        47210
198.750 -0.013490141          104  0.034535370          249 -0.006188558           96  0.000907224        48092
201.250  0.001160871           88  0.035738537          220 -0.031300547          106 -0.001005596        48998
203.750 -0.002116529          111  0.006754886          258  0.000624593          111  0.002946491        49390
206.250 -0.010996506          101 -0.016971269          260  0.046942748           86 -0.001889925        50278
208.750  0.027186993           87 -0.012562139          235  0.000212528          110 -0.000017526        50631
211.250 -0.041209637           92  0.025907035          247 -0.001998650           97  0.001650041        51684
213.750 -0.009760718           72  0.021242772          245  0.013687428           96  0.000696553        52680
216.250  0.006330540          105 -0.018595348          257  0.002274630          106  0.001281728        52872
218.750  0.030827532           81  0.002469934          250 -0.055400962           92  0.000180642        53866
221.250  0.018309706           71  0.005586239          227 -0.021252322          100 -0.000610516        54151
223.750 -0.004244199           82 -0.003395548          232  0.002882754           92 -0.001502607        55094
226.250 -0.026003026           76 -0.005984988          270 -0.051275886           92 -0.001636183        55687
228.750 -0.024309523           93 -0.006544351          227  0.018464334          102 -0.000516701        56756
231.250 -0.058892710           67 -0.019393237          247 -0.079143357          100 -0.002178136        57338
233.750 -0.023922975           74 -0.016271634          253 -0.005287275           75 -0.000495838        57525
236.250 -0.015085294           76  0.004970581          256  0.011915116           77 -0.000535115        58724
238.750 -0.024856531           82  0.014496643          236 -0.020884163           96 -0.000110601        59249
241.250  0.014296529           66  0.016460955          216 -0.009390106           80  0.001321579        59623
243.750  0.019776788           59 -0.004143039          240 -0.015480736           63 -0.000916136        60768
246.250  0.020478070           78 -0.001088409          248 -0.011745107           87  0.000539723        61563
248.750  0.045032961           80  0.012893205          224 -0.018086869           89 -0.000191344        61688
251.250 -0.017264735           85 -0.000480554          236 -0.049621375          102  0.001887532        62402
253.750  0.013849549           68 -0.029580320          219 -0.022078702           72 -0.000174819        62790
256.250  0.050613706           70  0.018973781          236  0.005995691           77  0.000321290        63572
258.750  0.019410877           75 -0.028034503          211 -0.030400135           72  0.000734117        64186
261.250  0.006846757           79  0.004572478          226  0.024221822           65 -0.000458060        65163
263.750  0.051428135           75  0.000403745          216 -0.002338730           88 -0.000322104        65576
266.250 -0.033571546           68  0.007760544          206  0.057825681           64 -0.000416485        66443
268.750 -0.013428279           55 -0.006046584          204 -0.005257940           56  0.000214579        67136
271.250 -0.023904920           82 -0.004931345          208 -0.010268143           79  0.000895838        67233
273.750  0.027883495           69 -0.015586267          206  0.019688345           76  0.001740772        67852
276.250 -0.039862147           65  0.009578097          231  0.001105667           81  0.000507495        67876
278.750 -0.015179967           61  0.006142108          230 -0.039806087           68  0.002038683        68774
281.250  0.042938677           62 -0.002721061          208  0.066811332           65 -0.000648761        69633
283.750  0.012421174           63  0.009294628          193 -0.058537202           84 -0.000181781        70393
286.250  0.027345711           81 -0.014556747          226 -0.001449931           67  0.001756407        70714
288.750 -0.009600544           85 -0.006903265          181 -0.008987241           68  0.001753716        71169
291.250  0.013760567           60 -0.061148735          205  0.020277431           60 -0.000788693        71528
293.750  0.009920375           48  0.022615619          218 -0.001001804           64 -0.001266615        72302
296.250  0.045422102           56  0.018873649          187  0.021720630           61 -0.000065628        72726
298.750 -0.011411534           69  0.012575010          181  0.041787258           62  0.000053021        72515
301.250  0.016372112           60 -0.009498710          182  0.020015480           47 -0.002028860        73384
303.750 -0.007615155           58  0.013557640          173  0.003049110           62 -0.000741314        74437
306.250 -0.017756781           60 -0.017286483          195  0.030428178           65  0.000360999        74725
308.750  0.034585001           59  0.009548354          187 -0.107364778           58 -0.002339691        75231
311.250  0.027839641           45  0.011822009          177 -0.054887191           50  0.000132838        75434
313.750 -0.006721915           64 -0.021260763          196 -0.012316033           57 -0.000404025        75938
316.250  0.012498857           57  0.020016539          188 -0.000490298           54  0.000435504        76252
318.750  0.068980979           58 -0.019852675          179 -0.022995284           66 -0.002138678        76783
321.250  0.076548329           59 -0.010170883          192  0.047967458           55  0.000930003        77367
323.750  0.045669487           75 -0.001612000          178  0.002175334           54  0.000028609        78153
326.250  0.065657622           64 -0.027706293          195 -0.006024175           50  0.000992511        78062
328.750 -0.023477052           48  0.001973319          193 -0.005275658           51 -0.000355506        78390
331.250  0.002357763           48  0.015901528          154 -0.034919599           60  0.000210903        78847
333.750 -0.053205685           54  0.019376541          174 -0.027207259           47  0.000630156        78824
336.250  0.027178716           55  0.045248372          174 -0.042870328           34 -0.001143975        79441
338.750  0.039146282           52 -0.012386442          155 -0.005766541           47 -0.000682685        79938
341.250 -0.022111898           58 -0.014825290          177 -0.010545262           46 -0.000783714        79886
343.750 -0.004188647           55 -0.021163632          186 -0.058068169           34  0.000229670        80824
346.250  0.005089843           60 -0.004284916          178 -0.005350626           45  0.000457300        80403
348.750 -0.049972692           58 -0.050147436          159 -0.012465845           45 -0.001375052        80884
351.250 -0.037373453           46  0.007453983          163  0.022571592           35 -0.000312107        81327
353.750 -0.007716542           53  0.020524133          171  0.004560323           44  0.000258551        81382
356.250  0.018799373           61 -0.035814023          135  0.120978560           24  0.000492865        82103
358.750  0.057589826           53  0.042229245          153  0.046211355           40  0.001319184        82322
361.250  0.043489616           63  0.007802448          133  0.023416760           49 -0.000016660        82626
363.750 -0.009894482           39  0.002476073          136  0.097360069           35 -0.000431168        82792
366.250  0.020567785           39  0.027999553          144  0.015150583           33 -0.000478589        83543
368.750  0.021547881           42 -0.022534796          152 -0.000357841           28 -0.000928361        83611
371.250  0.016138830           53 -0.013752224          139  0.042908322           43  0.000252713        83872
373.750  0.033688269           40  0.004839516          163  0.002311074           30  0.001267571        83775
376.250 -0.036958394           55 -0.019191047          126  0.012675197           47  0.000250326        84179
378.750  0.015685327           43 -0.029405905          157  0.010819173           33 -0.001009307        84646
381.250  0.032051203           52 -0.009169041          127 -0.003338587           38  0.000714528        84559
383.750 -0.007991375           70 -0.004993835          146 -0.049546433           30  0.000000032        84371
386.250  0.009681443           45 -0.007232718          152 -0.016043344           26  0.000062846        85261
388.750  0.043336189           55  0.010186249          148  0.072717547           26  0.000517582        85294
391.250 -0.016709707           53  0.000982828          130  0.003486319           26  0.002190091        84845
393.750 -0.012446723           60  0.024525034          129 -0.024764182           27 -0.001195996        85486
396.250 -0.024906293           57  0.000991738          152 -0.113351176           26 -0.001014668        85498
398.750  0.015796192           36 -0.009191289          136 -0.001755087           41  0.000049235        85048
401.250  0.025255102           48  0.024883634          121  0.113945479           29 -0.000303921        85279
403.750  0.009119979           57  0.016977065          132 -0.058961595           27  0.000242263        85227
406.250 -0.003507089           67 -0.011845942          120  0.043293278           42  0.000604501        86076
408.750 -0.000254074           51  0.008149105          129  0.042059333           22 -0.000271338        85535
411.250  0.028283406           39 -0.050848881           94  0.036255514           34 -0.000200600        86001
413.750  0.027578759           52 -0.036444430          122  0.005614338           23 -0.000975494        86186
416.250  0.019426551           52 -0.042730754          132  0.007327511           25 -0.000566144        85959
418.750  0.050010819           49 -0.000542656          113  0.033550578           27 -0.000277770        86087
421.250 -0.020792002           31  0.004234448          102  0.014178428           24 -0.000008836        86220
423.750  0.004111920           39  0.003459988          104  0.060101422           26  0.000188527        86566
426.250 -0.035617867           52  0.001557026          100 -0.044449954           27  0.000049822        86517
428.750 -0.140000471           39 -0.010851164          115  0.000176624           12 -0.001025921        86300
431.250 -0.030771482           49 -0.004388982          123  0.008875190           21  0.000901051        86198
433.750  0.005652957           56 -0.008869767          102  0.015131831           26 -0.001024549        86268
436.250 -0.037353094           43 -0.036170889          110  0.028631744           20  0.000878177        86658
438.750 -0.018423469           51  0.003416872           98  0.036054168           25 -0.000954288        86251
441.250  0.008425219           32 -0.026867667           98 -0.053942930           23  0.000004933        86173
443.750 -0.034871201           50  0.000490340          100  0.005224676           23  0.000507916        86106
446.250  0.010553723           47  0.005041425          102  0.006954487           14 -0.000381053        85940
448.750 -0.008933881           44 -0.037032885           95  0.002853724           16 -0.001463920        86340
451.250  0.056251273           42  0.003795274           78 -0.015858110           16 -0.000563349        85995
453.750 -0.058856678           41 -0.023926159          102  0.006097936           23  0.000348537        85702
456.250  0.018037684           47 -0.083445519          103 -0.065356061           15  0.000208419        85941
458.750 -0.005363697           38  0.050507962           93 -0.034036204           19 -0.000079697        86136
461.250 -0.001765559           48  0.009992673           88  0.014289596           16 -0.001170282        85403
463.750 -0.011793561           48  0.015834411           97  0.043528585           13 -0.000146317        85558
466.250  0.013261417           46 -0.060268023          103 -0.005852932           15 -0.000275136        85256
468.750  0.047581452           48 -0.004858361           87 -0.000004834           12 -0.001607412        85320
471.250 -0.094931276           49 -0.004283086           92  0.047266088           15  0.000552579        84733
473.750 -0.031473768           55  0.023468181           80 -0.020361812           25  0.000588983        85046
476.250  0.005545440           55  0.009365920           96 -0.162038165           15 -0.000228263        85372
478.750  0.149592821           44 -0.004378558           95 -0.015289822           23  0.000696047        85048
481.250  0.034712521           40  0.015351267           98  0.008538054           15  0.000522302        84534
483.750 -0.003729691           45 -0.012384218           83  0.013097749           13 -0.000820022        84607
486.250 -0.017103670           40  0.000965846           87  0.143743475           18 -0.000929187        84181
488.750 -0.009314716           42 -0.033598778           76 -0.012732426           14 -0.000339074        84326
491.250 -0.008774238           34  0.001149429           80 -0.008323783           16 -0.000655618        83840
493.750  0.024835654           35 -0.003983267           77  0.010636560           17  0.001027358        84076
496.250  0.011157102           33 -0.002247050           75 -0.003817679            7 -0.000496806        83937
498.750  0.008677576           40 -0.003425958           87  0.169226493           20  0.000115297        83621
