#   q     Cout       Nout      Cside       Nside       Clong        Nlong
  1.250 -0.159469031            4 -0.202239517            6 -0.227190121            7         -nan            0
  3.750 -0.187115525            4 -0.159301122            4 -0.000284720            4  0.000083682            1
  6.250 -0.000080830            3 -0.310841337            1 -0.329916385            4 -0.439511033            3
  8.750 -0.196815695            4 -0.000104333            5  0.000286455            2 -0.000732525            2
 11.250  0.000032324            1 -0.159146459            3 -0.053031076            2 -0.036615539            5
 13.750 -0.120383622            7 -0.094263137            4  0.000031996            4 -0.172814285           11
 16.250 -0.015835175           11 -0.025289333            3 -0.064398867            8  0.132031162           12
 18.750  0.133491432            8 -0.039409792            7 -0.100164426            4  0.025541492           25
 21.250  0.081324345           11  0.061673713           10  0.239481559            5  0.062414680           19
 23.750  0.092255529            5  0.055562118            5  0.118819064            5 -0.016101474           36
 26.250  0.643041371            9  0.271820543            4  0.041899855            1  0.083997316           39
 28.750 -0.000562229           10  1.424088412            4 -0.042440157            4  0.250443907           47
 31.250  0.004212640            5 -0.122895018            5  0.214885758            5  0.084453435           54
 33.750 -0.138394574            7 -0.261742822            5  0.087858501            7 -0.055469456           56
 36.250 -0.020243276            9  0.034336108            6 -0.021222514            5  0.032748522           78
 38.750  0.036293226            6  0.027067180            8 -0.118186693            7 -0.035326411           80
 41.250 -0.024406349            8 -0.007017294            8 -0.059013309            5  0.043671405           89
 43.750 -0.009350106            3  0.240987180            3  0.006825064            3  0.008113483          123
 46.250  0.023179623            4 -0.091237235            8 -0.048393500            3 -0.053331262          109
 48.750  0.139722048            4 -0.013129213            5  0.161050062            4  0.026912741          121
 51.250  0.000000000            1  0.086469052            8         -nan            0 -0.004754349          120
 53.750  0.020533434            6  0.136263813            8  0.033316113            5 -0.027037410          141
 56.250 -0.139842998            4  0.001220853           11  0.033698008            9 -0.042219563          165
 58.750 -0.047746420            5 -0.149056754            8 -0.154330237            5 -0.025799046          169
 61.250  0.184753339            4  0.154751033            7 -0.324663183            3  0.005329990          210
 63.750 -0.078795802            4  0.429752637            4  0.031404846            6 -0.003332770          213
 66.250 -0.245632887            3 -0.037828888            6 -0.133050890            5 -0.000332898          227
 68.750  0.328317461            5  0.333834770            6 -0.083979946            7  0.045068144          247
 71.250 -0.156461337            4 -0.032727374            6  0.023065824            4  0.032362190          253
 73.750  0.080060198            5 -0.079870472            9 -0.065378924            6 -0.022091146          260
 76.250  0.000000000            1 -0.105850643            5  0.001037044            4 -0.023654933          261
 78.750 -0.005607285            5 -0.049393100            5  0.031076252           10 -0.008646799          298
 81.250 -0.520969882            1  0.120035582            8  0.040238201            9 -0.006453365          345
 83.750  0.254632314            4  0.139770681            5  0.047572547            6 -0.033645619          371
 86.250 -0.011905963            8 -0.036052573            4  0.087790423            7 -0.018316814          365
 88.750  0.000000000            1 -0.237796034            6  0.007520441            6 -0.005564512          412
 91.250  0.010685426            5 -0.027201749            4  0.136307263           10 -0.015512743          389
 93.750  0.253848010            2 -0.077649365            7  0.036467274            4 -0.004711333          441
 96.250 -0.000634430            3 -0.000157719            2 -0.156598872            9 -0.004010823          442
 98.750 -0.011220015            6  0.039562925            5 -0.012605209            4 -0.001214454          461
101.250 -0.005485948           10  0.126833612            5 -0.290211899            6  0.000702480          508
103.750 -0.158442648            3  0.076906589            7  0.128960564           11  0.011263170          500
106.250  0.138992404            4  0.034348820            5 -0.141579314            4 -0.009187269          551
108.750 -0.182050586            5  0.151234766            3  0.000322499            1  0.018199857          553
111.250 -0.057520961            3 -0.172269494            6 -0.316740917            6 -0.013359649          545
113.750  0.104049307            3 -0.327907580            2 -0.178245797            5  0.001210797          563
116.250  0.172602871            5  0.070533145            7  0.133421399            6 -0.002544440          612
118.750  0.056581612            3 -0.030661248            7 -0.000234767            2 -0.003829995          628
121.250 -0.033497324            5  0.071596870            6  0.052231051            7 -0.008431799          687
123.750  0.140389759            4 -0.022914322            4  0.114322767            3 -0.016566283          673
126.250 -0.040112823            4 -0.270418851            5  0.193549937            4  0.003027342          733
128.750 -0.098744440            4 -0.122872357            6 -0.047766960            4 -0.000239991          732
131.250 -0.084986894            7  0.005382236            9  0.401066473            1 -0.007303530          780
133.750 -0.057484494            5  0.000000000            1  0.374626200            4 -0.000662627          790
136.250  0.060391435            4 -0.083272165            7  0.006019755            6 -0.005890652          815
138.750 -0.331765357            4 -0.228716186            3  0.014582186            9 -0.012988866          864
141.250  0.016297728            5  0.121389297            6 -0.054708011            4 -0.001632534          903
143.750  0.043426033            3 -0.110612540            6  0.172380922            2 -0.011078223          889
146.250  0.092039405            5  0.000481480            5 -0.005956270           11 -0.017692258          908
148.750 -0.080691476            7  0.078933290           11 -0.063567613            3 -0.012419679          951
151.250 -0.107270117            3 -0.052265063            4  0.069762163            6  0.002408656         1038
153.750  0.074672827            4 -0.019283736           10 -0.173813376            4  0.003321688         1008
156.250  0.146225882            6 -0.026432969            4  0.000000000            1  0.000290679         1012
158.750  0.175494756            4 -0.037545748            7 -0.095250063            2 -0.002558612         1039
161.250  0.053656253            8 -0.028589766            7  0.000007458            4 -0.007009564         1123
163.750  0.135583353            3  0.083512695            8 -0.331158314            2  0.005096363         1086
166.250  0.074655167            8  0.016295834            3 -0.021474484            5 -0.000779758         1128
168.750  0.034763477            4  0.032476700            7 -0.000333530            3  0.010250941         1121
171.250  0.165452004            3  0.073984166            5  0.110693763            5 -0.004871526         1200
173.750  0.004641683            9  0.001605794            3  0.055372300            3  0.001000354         1243
176.250 -0.104588628            3  0.026491471            4 -0.046041615            4  0.005740350         1241
178.750 -0.322483915            3 -0.136889510            4  0.021118034           11 -0.002864615         1223
181.250 -0.166449194            3 -0.008109506            4  0.110736909            3  0.005557620         1350
183.750  0.000000000            2  0.025333782            8 -0.002245912            5  0.002215126         1340
186.250  0.141534561            2  0.033539268           11  0.038750160            3  0.001623441         1317
188.750  0.013347061            3  0.044710001            7 -0.015977035            6 -0.000148475         1338
191.250         -nan            0 -0.038135179            7  0.000342722            1  0.007088568         1386
193.750  0.000107288            3  0.036323312            7  0.000300907            2  0.001521970         1529
196.250  0.344789169            2 -0.195420314            7 -0.079602457            5  0.004085663         1504
198.750  0.006418177            8 -0.028265882            8 -0.010672447            5  0.004344921         1512
201.250 -0.000117026            3 -0.160944094            2 -0.086197292            7  0.002327150         1528
203.750  0.087964968            3 -0.114368692            3 -0.047770777            5 -0.003842849         1574
206.250  0.000000000            1  0.000000000            3 -0.010679808            5  0.007172925         1594
208.750  0.000000000            2  0.023739651            3  0.043516683            6 -0.002617527         1649
211.250 -0.136121720            2  0.012976975            6  0.108300954            5 -0.001501878         1676
213.750  0.031552931            6 -0.025862452            5 -0.010365040            6 -0.004102404         1700
216.250  0.031426236            2  0.091560522            6 -0.041450772            2  0.005055387         1662
218.750         -nan            0 -0.008216789            4 -0.261410568            2  0.000926722         1745
221.250 -0.217180361            8 -0.088918342            4  0.017125141            4  0.001542518         1869
223.750  0.000087794            2 -0.057309859            7  0.139566096            2  0.006780604         1875
226.250  0.000000000            2 -0.120479959            5 -0.106806328            3  0.003610707         1880
228.750  0.013613390            3  0.060613238            6 -0.000126345            3  0.000537831         1866
231.250 -0.113443163            6  0.043928658            7 -0.237702876            2 -0.001153028         1900
233.750  0.024662464            2 -0.024335013            8 -0.033696126            5 -0.000551304         2034
236.250 -0.013654699            3 -0.028216830            8         -nan            0 -0.000273956         1961
238.750  0.000000003            4  0.090534968            4  0.159441023            2 -0.007453300         1982
241.250 -0.443395675            1 -0.045895003            8 -0.032103569            2  0.004377776         1889
243.750 -0.029734682            4  0.193230977            2  0.003555223            5  0.002526098         2043
246.250  0.158549065            4 -0.025887786            6  0.021519963            6 -0.010428742         2168
248.750 -0.116704005            4 -0.000164980            5  0.028013126            4 -0.002944945         2076
251.250 -0.094649636            6 -0.039380516           10  0.029497713            7 -0.000823424         2084
253.750  0.000000000            1  0.123107820            5  0.071596859            6  0.003127184         2047
256.250 -0.156419562            2 -0.010925156            8 -0.018516329            8  0.001894388         2147
258.750  0.000000000            2  0.000003577            4 -0.057471629            6  0.004044685         2262
261.250  0.003046144            1  0.069171644            4 -0.023488055            5  0.000719297         2167
263.750  0.037473718            7 -0.088904293            9  0.033881000            1 -0.007851163         2339
266.250 -0.052357455            3 -0.049534866            7  0.000000000            2  0.003814373         2274
268.750 -0.019915683            3  0.072611854            3 -0.155224336            2  0.000885288         2295
271.250 -0.064934251            6  0.032925648            3  0.036874670            5  0.002891934         2395
273.750         -nan            0 -0.013796087            4 -0.044256883            7  0.003107690         2396
276.250         -nan            0  0.030849614            6  0.137807517            8  0.000975027         2481
278.750  0.000000000            1 -0.141087539            4  0.000000000            1 -0.007651983         2445
281.250  0.001700841            2 -0.019758980            9  0.094336120            4  0.000371409         2445
283.750  0.073985765            4  0.019004883            8  0.019904174            6  0.000357006         2479
286.250  0.064385358            3  0.143185964            3 -0.121907394            4 -0.006225315         2472
288.750         -nan            0  0.078822827           12  0.083644068            5  0.001184827         2573
291.250 -0.045778406            2  0.090316352            6  0.000360493            1 -0.003796128         2666
293.750  0.000000000            1 -0.064272254            6  0.016230464            5  0.006640761         2663
296.250  0.000000000            1 -0.074605322            9  0.049022393            8 -0.001739359         2743
298.750 -0.113635257            4 -0.059962147            8  0.000000000            1 -0.000215661         2691
301.250 -0.031253718            1  0.058290570            7  0.022749402            7 -0.005680044         2644
303.750 -0.009397231            5 -0.139671488            5 -0.370662011            2  0.000730637         2609
306.250 -0.060281167            5  0.059435850            4  0.034230672            3  0.000977242         2686
308.750 -0.035299162            4  0.049997681            5         -nan            0 -0.002198240         2710
311.250 -0.100522250            2  0.037951125            8  0.084169778            6  0.001622111         2772
313.750  0.000000000            1  0.061891755            6  0.078518702            3 -0.001732211         2915
316.250  0.000000000            1  0.109519711            4  0.037738935            5  0.000003067         2961
318.750 -0.169935804            2 -0.019621146            5 -0.172425778            5  0.004208957         2816
321.250 -0.055815884            2         -nan            0         -nan            0  0.002232053         2943
323.750  0.014046100            3  0.045185589            5 -0.046983680            3 -0.001361459         2864
326.250  0.010238041            5  0.033477218            6 -0.021884692            3  0.001869608         2922
328.750  0.000000000            1 -0.119718315            6  0.011147089            1  0.001537852         2932
331.250 -0.137743759            4  0.010736702            6  0.079806101            2  0.000859467         3006
333.750  0.330258153            2  0.127630881            4  0.032247677            3 -0.003339312         3020
336.250  0.000479731            1 -0.029563099            7 -0.023330801            4  0.000420193         3063
338.750  0.250935032            1 -0.097941771            2 -0.001977186            2  0.000436513         3134
341.250 -0.011887346            1 -0.053520327            7         -nan            0  0.000937151         3177
343.750 -0.387674302            1  0.063788807            4  0.204527225            2 -0.001932600         3100
346.250  0.000000000            1 -0.013171881            9 -0.085667408            5  0.000168239         3156
348.750  0.001451783            4  0.046186488            6  0.000618073            3  0.001876692         3227
351.250  0.096305272            1  0.096506293            5  0.189179879            2 -0.003879039         3172
353.750  0.000000000            1 -0.047745662            9  0.000000000            1 -0.000102814         3237
356.250  0.000110359            1  0.008228484            6  0.000298744            4  0.000747531         3189
358.750  0.103363855            2 -0.037492594            4  0.019711309            2 -0.004857234         3339
361.250 -0.210270182            1  0.042926159            5  0.020836032            7 -0.002400785         3264
363.750  0.199429722            2 -0.071600152            5  0.000000000            1  0.001006846         3406
366.250  0.000000000            1  0.143637360            3 -0.069471839            3 -0.001556112         3423
368.750  0.000000000            1 -0.027819462           10  0.035243397            3  0.005340728         3398
371.250  0.215040378            2  0.017262566            8         -nan            0 -0.001198735         3452
373.750  0.064546557            2  0.045969568            3 -0.000844361            2 -0.002506196         3426
376.250  0.203655595            2  0.000860735            5         -nan            0 -0.000895440         3469
378.750  0.070494259            2  0.037298482            6  0.338778437            3 -0.002502568         3395
381.250         -nan            0 -0.219805060            2  0.094839958            4  0.001191054         3583
383.750  0.003282687            4  0.002805055            8 -0.062825383            3 -0.002337268         3660
386.250  0.107844203            2  0.051075141            5 -0.005244049            5  0.000476337         3525
388.750         -nan            0 -0.079790097            9         -nan            0  0.003167144         3560
391.250  0.202715703            2  0.000428719            5 -0.071833257            2  0.002538835         3571
393.750 -0.070094969            1 -0.047292745            7 -0.079230694            5 -0.001308593         3616
396.250  0.000000000            1  0.120957612            8  0.000000000            1  0.000026640         3682
398.750         -nan            0 -0.054844272            9 -0.009877819            2  0.000874221         3740
401.250 -0.067035327            2 -0.054496962            6 -0.000987432            2  0.002659763         3580
403.750 -0.147697226            2 -0.022725731            9  0.014526781            3 -0.002769735         3690
406.250  0.039712092            2 -0.023243770            6  0.030519260            2 -0.002938542         3756
408.750 -0.036344098            3 -0.000566152            5  0.000007229            2  0.001276543         3673
411.250 -0.367045969            2  0.032981163            6  0.012759934            7  0.004043336         3760
413.750         -nan            0 -0.106554531            7  0.083132149            1 -0.005910741         3795
416.250         -nan            0 -0.014815582            9 -0.091604347            1  0.003085423         3928
418.750  0.005956842            4  0.004705272            7  0.085254013            3  0.002361234         3850
421.250  0.111382649            1  0.004842572            7  0.093219293            2  0.001171887         3883
423.750  0.111871195            2  0.070834955            6  0.000000000            2 -0.002853906         3798
426.250         -nan            0 -0.085403222            6  0.152234925            3  0.000402498         3878
428.750  0.118450606            1  0.096600144            8 -0.072150246            2  0.002185259         4052
431.250 -0.013849625            3  0.054174598            3         -nan            0 -0.005351497         4011
433.750         -nan            0 -0.006828798            9  0.000000000            1  0.003598478         4018
436.250         -nan            0  0.037915229           11  0.038180598            3  0.001973561         4138
438.750 -0.575754913            1 -0.041653933            6 -0.077565283            3 -0.002702269         4048
441.250  0.252493580            1 -0.104346864            7  0.039250022            3  0.000118967         4064
443.750         -nan            0 -0.060026831            9  0.059827116            5  0.001979920         4088
446.250  0.136964012            2  0.283481530            3 -0.110395971            4  0.001490406         4150
448.750         -nan            0  0.010802677            7  0.030464920            6 -0.003627017         4167
451.250 -0.139111444            1 -0.082563277            3  0.020498888            3  0.000286962         4217
453.750  0.044921915            1 -0.020959424            5 -0.001213292            2  0.004955791         4260
456.250 -0.016167126            1  0.047827671            5  0.329378223            1  0.001767939         4099
458.750 -0.000059294            3  0.004025995            7  0.000151133            2  0.001669782         4266
461.250  0.295198057            1  0.008756332            2         -nan            0 -0.002627350         4190
463.750 -0.068657577            4 -0.085995001            6  0.069269150            2 -0.003200227         4203
466.250  0.003982161            2  0.016946986            4  0.081920482            1 -0.001045842         4206
468.750         -nan            0 -0.017646191            6  0.000000000            1 -0.000295482         4259
471.250         -nan            0  0.000011723            3 -0.000272687            2  0.001746677         4300
473.750         -nan            0  0.040023055            4         -nan            0 -0.001328298         4404
476.250         -nan            0 -0.019270248            9         -nan            0 -0.003501860         4325
478.750 -0.106547626            3 -0.108137768            4  0.121403102            1  0.003366487         4349
481.250  0.000000000            1 -0.041693209            2  0.144509867            2 -0.003152670         4516
483.750         -nan            0  0.091454642            3 -0.074099299            3 -0.004376909         4448
486.250  0.053295794            3  0.116380215            4         -nan            0  0.001104560         4471
488.750 -0.149084475            1  0.062150714            8 -0.002486751            4  0.000790764         4476
491.250         -nan            0  0.063217141            7 -0.000668400            2 -0.000547514         4405
493.750  0.000000000            1 -0.031754659            5         -nan            0 -0.003427420         4461
496.250         -nan            0  0.142708011            3  0.007874353            1 -0.002935397         4618
498.750 -0.000099028            1 -0.157726221            5  0.000000000            1  0.003329002         4522
