#   q     Cout       Nout      Cside       Nside       Clong        Nlong
  1.250 -0.216795336            4 -0.246470594            5 -0.266675884           10         -nan            0
  3.750 -0.507713557            6 -0.429282351            6 -0.098029707            4 -0.940039401            1
  6.250 -0.203988314            8 -0.299074564            7 -0.239706462            8 -0.740969157            1
  8.750  0.053865625            6 -0.118012011            7 -0.193432234            7 -0.183217314            7
 11.250  1.583383468            3  0.624430554            7 -0.239987006            4 -0.179923182            4
 13.750 -0.222363056           10 -0.067803276            5  1.148711855            4 -0.194745003           14
 16.250 -0.064544019            6 -0.033651826            7 -0.020459284            7 -0.034089945           13
 18.750  0.116878915            9 -0.063534343           11 -0.092021108            5  0.204716727           23
 21.250 -0.008750317            2  0.177069818            6 -0.025007061            6 -0.039870821           25
 23.750 -0.206025532            5  0.223649619            7  0.265685855            7  0.014955053           28
 26.250  0.019324262            6 -0.011694653            5 -0.090736839            4 -0.006837556           37
 28.750 -0.008365536            3 -0.063816722            5 -0.041260846           11  0.116484091           43
 31.250  0.000037163            6 -0.269163856            4 -0.260252265            5  0.013824998           41
 33.750 -0.024332855            7 -0.028356749            5 -0.000437896            9 -0.059771782           52
 36.250 -0.194027073            2 -0.055866059            8 -0.144984075            3  0.005099361           84
 38.750  0.071066495            3 -0.276077779            4 -0.229489339            4  0.084891403           64
 41.250  0.783380819            2 -0.192494198            6 -0.161014749            2 -0.046338805           93
 43.750  0.373840172            1 -0.000101226            3 -0.061019440            8  0.000421623           92
 46.250  0.064479511            5 -0.191616783            4 -0.184279624            6  0.055175092           99
 48.750  0.054964374            6  0.013209448            5  0.050404129            5 -0.038788602          144
 51.250 -0.031658297            9  0.163390210            3 -0.057755155            6 -0.007057765          123
 53.750 -0.054782333            5  0.081040844            6 -0.511674132            1 -0.029837006          151
 56.250 -0.096790281           10  0.000013882            4  0.032890580            9  0.029479356          157
 58.750  0.107034857            7 -0.079140499            8 -0.093813879            5 -0.020641249          173
 61.250  0.179531224            5  0.222915554            8 -0.120165527            3 -0.030818206          189
 63.750 -0.092041279            5  0.191072757            6  0.000000003            4 -0.030068210          205
 66.250  0.093488620            3  0.083994454            8 -0.196672969            5 -0.004500413          212
 68.750 -0.152023049            4  0.081418766            4  0.008595612            5  0.006593586          248
 71.250  0.088582911            3  0.041258946            2 -0.195575937           10 -0.022837125          261
 73.750  0.016513516            8  0.180427859            5 -0.021669036            6  0.014051417          275
 76.250  0.111536438            9  0.094450886            5 -0.074601757            9 -0.010486929          284
 78.750 -0.073022406           11 -0.205974332            5 -0.078435680           11 -0.002170561          326
 81.250 -0.051096710            8 -0.149007586            5 -0.044840080            6 -0.013072167          318
 83.750  0.000000000            1 -0.071601250            8  0.132644305            6 -0.003880703          353
 86.250  0.092507393            6  0.000000001            3  0.040848595            2 -0.023062879          372
 88.750  0.170273601            3 -0.058386030            8  0.220028197            5 -0.010186813          373
 91.250 -0.203475284            4  0.083980882           11 -0.017935901            7 -0.010723777          440
 93.750 -0.173269326            3 -0.037347904            6  0.000000000            2  0.008173438          447
 96.250  0.150507439            3  0.244801866            4 -0.107815309            8 -0.015745398          459
 98.750  0.233557977            2  0.000364216            3 -0.019560818            5 -0.027414929          471
101.250  0.512010278            8 -0.088681243            7 -0.085865001            8 -0.013098883          496
103.750 -0.298218989            2 -0.097870939           10 -0.082353689            3 -0.005386581          497
106.250 -0.132441350            7 -0.251493887            5  0.447343905            3 -0.006348035          502
108.750  0.091143078            4 -0.102027875            5 -0.103503878            2 -0.007149834          547
111.250  0.290209146            3         -nan            0 -0.078078955            6  0.014390028          527
113.750 -0.067414742            9 -0.042986012            5 -0.207295631            4 -0.022707103          612
116.250  0.265646264            6 -0.139769312            5 -0.072655860            3 -0.010025562          642
118.750  0.339838020            4 -0.009410343            5 -0.000383214            1  0.004498328          642
121.250         -nan            0 -0.069217913            5 -0.055634790            8 -0.008094744          666
123.750 -0.011755790            7 -0.154951309            4 -0.220154123            2 -0.008159723          723
126.250 -0.135898250            3  0.059686510           10  0.018454431           10  0.008577504          727
128.750 -0.182185317            3  0.122963224            4  0.000030668            4 -0.002229280          766
131.250  0.138926774            6 -0.107297196            5 -0.104696698            5  0.004226860          779
133.750 -0.101890498            2 -0.072378433            9  0.050137774            6 -0.007494455          809
136.250  0.106632905            5  0.056257949            7  0.077139723            4 -0.000408631          848
138.750  0.000149762            3 -0.032041830            7  0.000000000            1  0.015945381          867
141.250  0.022771853            6 -0.326035061            5  0.201089069            2  0.005999209          833
143.750  0.084241699            4 -0.073459633            4  0.094317214            5 -0.007330582          863
146.250 -0.077720486            6  0.211616225            6  0.000217798            2  0.002826905          946
148.750 -0.371138140            4  0.053384906            6  0.024640472            7  0.001050090          979
151.250 -0.173567634            3 -0.055525774            6  0.003918778            8 -0.007634827          911
153.750 -0.141528828            3  0.029633497            6  0.072241221            8 -0.004810471          933
156.250  0.000000003            4 -0.112158886            6  0.000000000            2  0.001255842         1046
158.750 -0.159691945            3 -0.075173130            7 -0.088057571            6  0.006156873         1037
161.250 -0.000706160            5  0.159403638            8 -0.014600789            6 -0.001108304         1077
163.750  0.328129739            3 -0.001083602            4  0.077069168            5 -0.005180618         1108
166.250         -nan            0  0.006263384            6 -0.010027483            5  0.000966532         1175
168.750  0.219028578            3  0.091434237            5 -0.031858338            7  0.002978763         1183
171.250 -0.354096492            3  0.090457087            6  0.030308219            5  0.000388072         1200
173.750 -0.017334300            6  0.131782507            3  0.133052918            4  0.002822563         1174
176.250 -0.141946964            3 -0.065710525            4  0.091796418            3 -0.001169480         1214
178.750  0.240022760            5 -0.018323425           10  0.026331646            5 -0.001666907         1320
181.250 -0.074986537            4  0.032978400            8  0.032483802            5  0.005279798         1308
183.750  0.106075950            3  0.009879140            9 -0.048260436            7 -0.002825791         1317
186.250  0.119437636            4  0.055804266            3 -0.060856741            6 -0.004059051         1352
188.750 -0.069977201            4 -0.115528867            6  0.117708335            2  0.002059407         1371
191.250  0.049225889            4  0.059687401            7 -0.000010217            6  0.006595385         1483
193.750  0.062322104            3  0.077035016            5  0.000800132            7  0.001749918         1442
196.250 -0.144403115            3  0.072764492            3  0.000000000            1 -0.008754223         1430
198.750  0.016230488            5 -0.033910744            7  0.043367672            5  0.004386330         1527
201.250 -0.074484999            6 -0.049483915           13 -0.038255562            5  0.000973299         1523
203.750  0.132125152            6 -0.052316959            9 -0.065720102            3  0.003500029         1582
206.250  0.076409415            3 -0.009996708            6 -0.010225524            3  0.000337063         1633
208.750  0.156254175            3 -0.002413883           10  0.002761757            5 -0.004896661         1698
211.250  0.000465178            4  0.053166771            7 -0.081443242            2 -0.002109158         1645
213.750  0.000139181            1 -0.055936814            8 -0.033308060            7  0.005008817         1605
216.250 -0.065012849            3  0.098917683            6  0.179295819            2  0.001823496         1753
218.750  0.076267988            6  0.024117077            4 -0.003237464            5 -0.005490153         1752
221.250         -nan            0  0.001061595            9  0.039257148            4 -0.003250586         1845
223.750  0.053291042            6 -0.131789964            1 -0.033643965            6 -0.006177704         1726
226.250 -0.242001702            5 -0.079357475            6 -0.069537444            3 -0.004002269         1855
228.750  0.026090908            3  0.000093616            8  0.133281192            2 -0.003228659         1941
231.250  0.160388662            2 -0.022468170           14  0.182713317            5 -0.003156793         1914
233.750  0.000038296            2  0.108700885            4  0.007195859            4 -0.004526675         1961
236.250  0.138732434            2 -0.032099894            4 -0.046348698            2 -0.001491515         1947
238.750 -0.148989648            2  0.118112980            5  0.061808693            2 -0.001941153         1960
241.250  0.007523680            4 -0.080241273            5  0.005133942            6 -0.000836210         2049
243.750 -0.102632688            7  0.046611194            7  0.043743801            6  0.003247892         1983
246.250  0.154957925            3 -0.091808327            4 -0.001129028            5 -0.005971921         2040
248.750  0.105524419            1 -0.057073425            7 -0.064899086            3 -0.000035762         2053
251.250  0.000000000            1 -0.106819351            4 -0.029389812            5  0.000932801         2178
253.750 -0.105050758            2 -0.097931673            5  0.194439153            1 -0.002381642         2135
256.250 -0.005446006            3 -0.011316047            8 -0.089530572            3  0.002220232         2247
258.750  0.000000000            2  0.083676950            7  0.129191946            5  0.006106289         2258
261.250  0.067845421            2  0.108750059            5  0.098872530            3 -0.001287920         2263
263.750  0.125850620            1  0.138478841            3  0.116394470            4 -0.002551229         2265
266.250  0.184881994            2 -0.032360843            7  0.002719650            2 -0.000396786         2278
268.750 -0.027350626            2 -0.211296284            5 -0.026648584            4 -0.004188627         2396
271.250  0.020386148            2  0.016947889            7  0.110148800            3  0.003648024         2387
273.750  0.026349404            2  0.137381304            6  0.036224374            4  0.006278092         2477
276.250 -0.000156871            1 -0.037512131            6 -0.069626673            4 -0.006188028         2326
278.750 -0.000024702            1  0.001229608            4  0.066282492            6  0.004264753         2433
281.250 -0.044907896            3 -0.095215744            6  0.009347087            1  0.000377379         2372
283.750         -nan            0 -0.123711265            6 -0.000285984            2  0.007580978         2458
286.250  0.157667764            6  0.057451608            5  0.169261813            2  0.003792032         2524
288.750 -0.062715496            3  0.027052806            3  0.117643043            2 -0.000630328         2515
291.250  0.005876171            5 -0.147636310            6 -0.100985024            4  0.002774934         2522
293.750         -nan            0 -0.000029717            3  0.004822809            5  0.003385635         2599
296.250 -0.054839178            4 -0.034373523            5 -0.104729258            2  0.001479297         2636
298.750 -0.000271025            2  0.087591351            7  0.044646418            4 -0.000347216         2633
301.250         -nan            0  0.077488964            8 -0.082527267            2 -0.000903153         2657
303.750 -0.103117628            2  0.054657165           10  0.134766100            2  0.002912420         2683
306.250 -0.056827361            3 -0.028368851            7  0.055794154            3  0.003375284         2672
308.750 -0.100037582            3  0.014586537            6         -nan            0  0.001767575         2667
311.250 -0.024255513            3 -0.057311405            8  0.018731368            3  0.000435105         2804
313.750  0.000185222            3  0.037197460            4  0.000000000            1  0.001014338         2872
316.250 -0.191613113            4  0.201038723            3 -0.098665978            3  0.002964356         2854
318.750 -0.106113095            3  0.230415295            2  0.000000000            1 -0.000242248         2829
321.250 -0.314094118            2  0.003432017            5  0.068640260            3  0.000641715         2963
323.750  0.002960643            3  0.008786233            7  0.120091189            4  0.000843940         2950
326.250  0.000369217            3  0.113325168            4         -nan            0 -0.002281257         2856
328.750 -0.116258210            1  0.052905451            9 -0.055179454            3 -0.000978134         3050
331.250  0.000000001            1 -0.115887220            1  0.116658961            4  0.002639832         2985
333.750  0.068867828            4 -0.037882302           10  0.051039647            4  0.002597571         3026
336.250 -0.034623321            3 -0.052778975            4 -0.208515608            4 -0.002553562         3055
338.750  0.000684756            3  0.041138521            7 -0.000128633            1  0.002270560         3077
341.250  0.102581342            2  0.011395322            3 -0.060313474            4 -0.001549213         3115
343.750 -0.087715236            2 -0.004915161            4 -0.098696582            3 -0.002546322         3182
346.250 -0.209106069            2 -0.029934300            4 -0.053222289            3  0.000682439         3311
348.750 -0.019565720            3  0.024544548            8 -0.006985149            6  0.000934394         3120
351.250  0.000359067            2 -0.012411604            9  0.086408983            7  0.003913632         3303
353.750  0.000000000            1  0.022672676            5 -0.000035140            1 -0.001149168         3217
356.250         -nan            0  0.074345419            4 -0.204970579            3 -0.000824099         3321
358.750 -0.156359261            1  0.007935174            3 -0.006829271            3  0.001305001         3273
361.250         -nan            0  0.032554061            6  0.019098333            4 -0.000689291         3353
363.750  0.156799564            2  0.009975856            5 -0.126829344            1 -0.000878072         3356
366.250  0.069508284            4  0.092183715            5  0.000000007            2  0.003380926         3341
368.750  0.000000000            3  0.056328462            4 -0.015061457            3 -0.006393709         3365
371.250 -0.000401858            1  0.141565450            2  0.358922207            1  0.000954267         3357
373.750 -0.033704836            4  0.062470793            5  0.107382428            3 -0.002147277         3340
376.250         -nan            0 -0.015139275            6  0.089427250            4  0.001074597         3404
378.750         -nan            0  0.000000000            1  0.030460587            3  0.001951659         3414
381.250 -0.243275145            3  0.069204287            7  0.000000012            1 -0.000431865         3509
383.750 -0.010970616            2  0.039477080            5  0.128023517            3  0.000378953         3628
386.250  0.000245280            1 -0.038416439            7  0.151947036            4  0.001393217         3663
388.750  0.010220241            3 -0.037628680            7 -0.032488145            2 -0.004659473         3587
391.250  0.136547227            2 -0.013827593            7         -nan            0 -0.000977026         3679
393.750 -0.193177819            2 -0.043987810            7  0.022488328            2  0.000380566         3598
396.250 -0.210003624            2  0.028685437           11 -0.061840448            5 -0.000640383         3675
398.750 -0.000142039            2 -0.138456962            5 -0.017240937            2  0.001130415         3677
401.250 -0.310018410            1  0.001128271            8  0.179536746            2 -0.003479178         3650
403.750         -nan            0 -0.040013825            6  0.000000000            2  0.000131048         3705
406.250  0.000000001            1  0.080080868           10  0.002748634            6  0.000078299         3780
408.750  0.000000000            1 -0.299053623            4  0.000000000            1 -0.001843292         3864
411.250 -0.112311408            2  0.339867031            3  0.000000000            1  0.000470812         3803
413.750  0.000010344            1  0.012771520            5  0.132740244            4  0.001694476         3715
416.250 -0.033307243            1  0.132070939            3 -0.160047939            3  0.002660024         3863
418.750  0.086168507            3 -0.003174837            7  0.206406426            2  0.002194578         3751
421.250 -0.037111833            1 -0.044200904            5         -nan            0 -0.005867665         3798
423.750  0.000000000            1 -0.004052725            6  0.000363862            1 -0.002127236         3957
426.250  0.042308576            2  0.049967636            9  0.097762178            3  0.003250641         4086
428.750 -0.000131693            3 -0.186733637            3 -0.057038284            1  0.000524811         3933
431.250  0.141455351            2  0.116851033            5         -nan            0 -0.001253910         3883
433.750 -0.134052246            3 -0.162576413            5         -nan            0  0.001683756         3970
436.250  0.000200071            3  0.065098223            5         -nan            0  0.001333586         4029
438.750  0.000141674            2  0.127575037            6 -0.067288665            3 -0.002495899         4064
441.250         -nan            0 -0.145024664            3 -0.141586547            2  0.002655873         3979
443.750  0.015532512            1 -0.096711059            8 -0.080072902            2 -0.003709848         4122
446.250  0.067658448            4 -0.075929925            3 -0.151665054            2  0.003072380         4155
448.750  0.000000000            1 -0.128468461            9  0.098987218            2 -0.002982908         4236
451.250 -0.301985995            1  0.027723128           11 -0.077637984            2  0.001982325         4153
453.750  0.011357117            1 -0.040869548            6  0.040159606            3  0.003890896         4182
456.250  0.000000000            1 -0.068512733            7 -0.077159197            1 -0.005353108         4114
458.750 -0.000251858            2  0.022970051            3  0.269361785            1 -0.002860123         4288
461.250         -nan            0 -0.018587260            5         -nan            0  0.000599718         4238
463.750         -nan            0  0.142324538            6  0.102763920            4  0.001976989         4257
466.250         -nan            0  0.041927749            7 -0.095160281            4  0.001733396         4227
468.750 -0.056288809            1  0.270552308            4 -0.011774053            5 -0.003413475         4265
471.250         -nan            0 -0.043646595            5 -0.043152599            4 -0.000354620         4334
473.750  0.000000000            1  0.180585124            5  0.000260945            1  0.002747250         4225
476.250  0.305645466            1 -0.033742033            8  0.000000000            1  0.003604540         4291
478.750         -nan            0 -0.071298096            9  0.165250572            1 -0.000334736         4439
481.250 -0.000072252            2  0.048711842            9         -nan            0  0.001569210         4436
483.750  0.000000000            1  0.156915047            4 -0.015907572            3  0.001194154         4397
486.250 -0.055548164            2  0.061927088            6  0.102684296            1 -0.002189074         4357
488.750 -0.054875659            2  0.011204541            6         -nan            0  0.000410691         4477
491.250  0.042549221            1  0.039897760            3 -0.000079357            2 -0.004497460         4415
493.750         -nan            0  0.048773941            3  0.123158246            2 -0.001436863         4544
496.250 -0.150455343            1  0.088194541            7  0.108248084            2  0.004876915         4636
498.750         -nan            0  0.015636874            7 -0.121234350            2 -0.006002284         4539
