#   q     Cout       Nout      Cside       Nside       Clong        Nlong
  1.250  0.052327953        22734  0.090463809        21498  0.088221792        22001  0.582344647          826
  3.750  0.045607520        22338  0.053634120        21485  0.054107301        21743  0.190871316         5468
  6.250  0.037104733        21644  0.033285237        21395  0.032371998        21784  0.078601074        14949
  8.750  0.032287859        21086  0.021743606        21336  0.022743946        21273  0.042861151        27836
 11.250  0.029413218        20878  0.015519360        21410  0.014752526        21006  0.025255090        44905
 13.750  0.025844491        19966  0.010081433        21522  0.009889321        20839  0.017802027        65730
 16.250  0.020820762        19779  0.005860292        21531  0.006306091        20869  0.010874966        89545
 18.750  0.020063066        19208  0.006259758        21280  0.005243814        20687  0.008297852       115827
 21.250  0.017112687        18918  0.003479556        21559  0.003146466        20313  0.006032315       145035
 23.750  0.017668336        17922  0.002443970        21444  0.004682648        20019  0.005113240       176620
 26.250  0.016377972        17695  0.003433870        21688  0.000816995        19846  0.003773117       211136
 28.750  0.014285779        17409  0.001315703        21739  0.001927648        19759  0.002559444       245678
 31.250  0.012456936        16950  0.000667873        21355  0.001870726        19444  0.002307863       282203
 33.750  0.011330663        16649  0.001806339        21666  0.002805244        19190  0.002233010       320529
 36.250  0.010866335        16039  0.000824424        21768  0.001964473        18917  0.002329655       360679
 38.750  0.011289073        15675  0.000674197        21404  0.000626927        18964  0.001461323       401122
 41.250  0.010982812        15179  0.000656207        21517  0.001046690        18610  0.001556597       440372
 43.750  0.006222119        14787 -0.000469187        21651  0.001818903        18317  0.001767101       481644
 46.250  0.007964645        14372 -0.000375292        21595  0.000112132        18166  0.000971331       523423
 48.750  0.006786934        14317 -0.000706464        21228 -0.001105102        17819  0.001323045       563738
 51.250  0.005172116        13676  0.001016622        21587  0.000871964        17680  0.000666714       607765
 53.750  0.007222813        13522  0.000507531        21535 -0.000065390        17253  0.000755649       647996
 56.250  0.007859316        13000  0.000810019        21619 -0.000573693        17298  0.000985506       688847
 58.750  0.007755777        12685  0.000474952        21429  0.001132680        16967  0.000415492       729832
 61.250  0.007502372        12608  0.002315603        21365  0.000656910        16921  0.000771501       771139
 63.750  0.006175601        12303  0.000389426        21501  0.000214394        16738  0.000519487       813024
 66.250  0.005110588        11968 -0.001198770        21511 -0.000475747        16341  0.000379354       850520
 68.750  0.006200999        11930  0.001166777        21534  0.001167306        15979  0.000671916       889195
 71.250  0.004600836        11246  0.000827380        21874  0.001129925        15923  0.000509060       927860
 73.750  0.007248638        10986  0.000981985        21868 -0.000934775        15776  0.000419795       966611
 76.250  0.006783654        10715  0.000420060        21854  0.000775124        15387  0.000653673      1002741
 78.750  0.006444586        10520  0.002177562        21662  0.000555741        15210  0.000617713      1037123
 81.250  0.004804933        10447  0.001487732        21620 -0.000618457        14795  0.000158685      1073965
 83.750  0.005668850         9982  0.002119004        21588 -0.000553695        14600  0.000248925      1109158
 86.250  0.003954396        10008  0.000256253        21800  0.001343212        14536  0.000471824      1143387
 88.750  0.003036494         9642  0.000358844        21685 -0.001360406        14368  0.000362369      1175978
 91.250  0.002116942         9375  0.000034507        21716  0.000802637        14053  0.000272615      1209917
 93.750  0.005581030         9061  0.000645271        21617 -0.000300848        13976  0.000518178      1243299
 96.250  0.004563207         8998 -0.001064626        21599  0.000529384        13616  0.000066405      1272231
 98.750  0.003393169         8642  0.000034539        21589  0.002586146        13336  0.000261318      1304356
101.250  0.004578075         8486  0.001128092        21881 -0.001599530        13058  0.000077082      1333926
103.750  0.003641572         8285 -0.000425927        21817  0.000902571        12996  0.000236481      1362728
106.250  0.005667679         8100  0.001524918        21646  0.002115082        12591  0.000180116      1393118
108.750  0.002881282         7809  0.001925553        21779 -0.000196309        12522  0.000313925      1418560
111.250  0.001564823         7698  0.000721701        21551 -0.000594164        12094  0.000393156      1446057
113.750  0.003129308         7720  0.000118370        21860  0.000220451        12076  0.000415834      1472647
116.250  0.000777556         7432 -0.000227018        21524 -0.000222056        11615  0.000222042      1500537
118.750  0.005398832         7235 -0.000318022        21542  0.001410668        11458  0.000266590      1525946
121.250  0.002392315         7188 -0.000958990        21798 -0.000386812        11229  0.000214338      1553150
123.750  0.003690836         6953  0.001067459        21837  0.001038222        11170  0.000261020      1576636
126.250  0.002685677         6723  0.000662298        21910  0.002880141        10883  0.000102419      1603701
128.750  0.004222380         6494  0.000211341        21777  0.001865330        10500  0.000194415      1627911
131.250  0.001594573         6437 -0.000406696        22099 -0.001480791        10391  0.000348188      1651156
133.750  0.000482870         6293  0.000146286        21649 -0.003722486        10220  0.000268012      1671705
136.250  0.001415927         6159 -0.000441580        21862 -0.000000684         9962  0.000153013      1697222
138.750  0.002512688         5966  0.000493804        22068  0.000414921         9739  0.000004769      1720434
141.250  0.003668150         5888 -0.000280251        21513 -0.000669900         9636  0.000016522      1742512
143.750  0.000260680         5801 -0.000680594        21943  0.000209205         9421  0.000114634      1762314
146.250  0.003001363         5686  0.000075811        21688  0.000067912         9104  0.000059663      1784479
148.750 -0.000933152         5456  0.000682569        21957  0.003199084         9037  0.000143956      1805074
151.250  0.004197117         5336  0.000163864        22236 -0.001819655         8960  0.000136559      1829166
153.750 -0.000796993         5320 -0.000359717        22180  0.000424103         8670  0.000220215      1850434
156.250  0.002606416         5102 -0.000098496        21845  0.000060438         8301  0.000125303      1870820
158.750  0.002838967         5109 -0.000988929        22159 -0.004880726         8086  0.000104757      1894226
161.250  0.002963531         4894  0.000867357        21817  0.002498705         8034  0.000235852      1911809
163.750 -0.001437255         4887 -0.000212760        22392 -0.000065458         7786  0.000178182      1935465
166.250 -0.000237489         4755  0.000618635        22102  0.001662060         7595  0.000122456      1957192
168.750  0.001693807         4640 -0.000282772        22217  0.000184619         7374  0.000214655      1976306
171.250 -0.001188791         4596  0.000365252        22321 -0.001691955         7152  0.000225587      1996222
173.750  0.003987327         4524  0.001127906        22387  0.001161225         7022  0.000169996      2016304
176.250  0.003745655         4260  0.000695662        22394 -0.002334246         6754  0.000077447      2034994
178.750  0.002687709         4295 -0.000701477        22396 -0.001147247         6586  0.000235957      2056354
181.250  0.003050409         4194 -0.000444302        22473  0.000309315         6614  0.000299471      2076367
183.750  0.003572253         4030  0.000644682        22397  0.000468583         6231  0.000074096      2097189
186.250  0.005806709         3948 -0.000283326        22721  0.000927141         6155  0.000318577      2119341
188.750  0.002677381         3885 -0.000974475        22612 -0.000853327         5834  0.000245375      2141388
191.250  0.000035038         3840 -0.000007934        22847 -0.000711310         5796  0.000027959      2161856
193.750  0.002953422         3754  0.000470989        22753  0.000324781         5534  0.000043214      2186590
196.250  0.003163334         3699 -0.000708641        22581  0.001840666         5458  0.000219920      2208472
198.750  0.000532876         3565 -0.000084891        23057  0.000137724         5218  0.000008005      2228890
201.250  0.003856786         3602 -0.000475879        22947 -0.000681628         4999  0.000136244      2257362
203.750  0.001370230         3423  0.001895680        22066 -0.000845787         4915  0.000273395      2281131
206.250  0.003515896         3325  0.001389533        21840  0.002962983         4730  0.000078604      2309521
208.750 -0.000568626         3301  0.000122345        21036 -0.001845561         4611  0.000270848      2338417
211.250 -0.000005825         3354 -0.001561084        20436  0.000488529         4364  0.000231177      2364783
213.750  0.002208933         3220 -0.000053932        20296 -0.001363887         4362  0.000060963      2391620
216.250 -0.003111706         3193  0.000832677        19490 -0.002471780         4097  0.000080212      2419832
218.750  0.001818266         3206  0.000194737        19361  0.000675687         4114  0.000115304      2442846
221.250  0.001490009         3084 -0.001026373        18481 -0.000929757         3880 -0.000035754      2469001
223.750  0.000458726         3055  0.000454209        18087  0.002615609         3702  0.000157590      2494460
226.250  0.005611996         3155  0.001000780        17617  0.000589142         3592  0.000041753      2523669
228.750  0.001974478         3157 -0.000047881        17137  0.000820060         3492  0.000043643      2545132
231.250  0.003288467         3046 -0.000089953        16723  0.003443751         3361  0.000070802      2569671
233.750  0.000271103         2993  0.000223677        16398  0.003354505         3222 -0.000005568      2591249
236.250 -0.001377486         3152  0.001599959        16010  0.001613842         3210  0.000001506      2610914
238.750  0.000617288         3070  0.001706358        15511  0.003866878         3067  0.000234054      2633580
241.250  0.000349307         3075 -0.000552988        15200  0.006234108         2934  0.000225777      2653094
243.750 -0.000833371         3067  0.001120481        14860 -0.002730626         2760  0.000174057      2667363
246.250  0.001232457         3102  0.001100828        14393 -0.000001315         2748  0.000173926      2686001
248.750 -0.002663488         2947  0.001082102        13954 -0.002103264         2625  0.000066948      2704484
251.250  0.004484070         3022 -0.001340390        13685  0.001389223         2474 -0.000015474      2719276
253.750  0.004076762         3153  0.001226513        13157  0.002031082         2471  0.000139971      2735135
256.250  0.002475258         3018 -0.000315751        12798  0.007712432         2403  0.000136854      2745314
258.750  0.000500979         2984  0.001089043        12564 -0.003300538         2289  0.000155732      2759746
261.250  0.000446674         3059 -0.000174594        12198  0.002536898         2184  0.000205263      2769927
263.750  0.000828410         2997  0.001167350        11967  0.002033907         2238  0.000200602      2780876
266.250  0.007954477         3044  0.000302140        11819 -0.001476593         2104  0.000093439      2791074
268.750  0.002396369         3046  0.000257459        11323 -0.002347511         2015 -0.000117960      2796569
271.250  0.000290575         3062 -0.000981806        10948  0.001402373         1935  0.000156573      2803867
273.750  0.001525932         3105 -0.000853994        10853  0.004585309         1914  0.000124607      2808641
276.250  0.002710006         3007  0.000652777        10461 -0.000590760         1873  0.000130184      2814706
278.750  0.000277608         2987 -0.001021120        10108 -0.003419628         1686  0.000098696      2821608
281.250 -0.002605440         3032  0.001613853        10023  0.001980788         1743  0.000168540      2825086
283.750 -0.001404295         3039  0.000943284         9665 -0.001776344         1706 -0.000080346      2825004
286.250  0.003028767         3087  0.000917685         9486 -0.000519529         1651 -0.000043186      2830040
288.750 -0.002695450         3060  0.000363852         9290 -0.001646013         1520  0.000078464      2827666
291.250 -0.000404475         3039  0.000208182         8886 -0.008575237         1495  0.000097176      2827008
293.750  0.000605143         3054  0.000782449         8714 -0.000764876         1462  0.000121075      2826441
296.250 -0.000010109         3046  0.000891046         8331  0.000040158         1417  0.000179735      2827863
298.750  0.001486170         2897 -0.000116146         8219  0.003801818         1437  0.000097958      2820611
301.250 -0.001418263         3046 -0.001313750         8158  0.000280554         1346  0.000179612      2817368
303.750 -0.000832409         3066  0.001002176         7757  0.003191981         1259  0.000019486      2813122
306.250  0.000981792         2929  0.001593819         7591  0.003099793         1237  0.000040496      2810882
308.750  0.000166802         2929 -0.001059458         7237 -0.004014655         1199  0.000077866      2799171
311.250  0.001206980         2995  0.005261842         7219  0.004200211         1125  0.000102330      2794951
313.750  0.003243212         3001 -0.000440558         7023 -0.005719821         1187  0.000128186      2789539
316.250  0.005255384         2944  0.001716473         6807 -0.000973754         1055  0.000098516      2779909
318.750  0.002003959         2939  0.000718636         6773 -0.004877489         1058  0.000032630      2772769
321.250 -0.000236720         2861  0.000461217         6466 -0.006555609         1011  0.000124842      2759501
323.750  0.002526376         2898  0.000177814         6273  0.007912491          971  0.000216679      2750543
326.250 -0.000053403         2905 -0.001411301         6102  0.007989746          974  0.000052312      2740434
328.750 -0.001653370         2906 -0.000035762         6003 -0.000591691          966 -0.000068534      2727214
331.250 -0.001624112         2888  0.000369082         5918 -0.004101917          829 -0.000009429      2718035
333.750 -0.002917090         2880  0.000817035         5706  0.002575750          894 -0.000008983      2706288
336.250 -0.002118116         2847  0.001562894         5637  0.001809846          785  0.000032030      2690179
338.750  0.000919259         2828 -0.000487334         5383  0.006881503          779  0.000036781      2675777
341.250  0.002611461         2763  0.001647894         5155  0.002742173          768  0.000118591      2664882
343.750  0.000354938         2824  0.001169162         5281 -0.001878298          769  0.000096537      2649332
346.250 -0.000641365         2886  0.002816281         5047  0.011614209          719  0.000017359      2635733
348.750  0.004340623         2740  0.002255636         4755 -0.000768782          672  0.000118744      2622435
351.250 -0.004918009         2797 -0.002328152         4882  0.003987079          610  0.000036550      2605504
353.750  0.001345438         2803 -0.001283652         4608  0.001132024          693  0.000105359      2589894
356.250  0.004005742         2733 -0.001787958         4570 -0.003147321          675  0.000060934      2574836
358.750  0.001332647         2723 -0.001921238         4309  0.004474990          620  0.000057457      2556522
361.250  0.000301556         2711 -0.001109821         4145 -0.005982049          581 -0.000108407      2539012
363.750  0.001565822         2681  0.000318332         4122  0.002193412          583  0.000179141      2521628
366.250 -0.001492542         2620  0.001139512         4123 -0.006531945          542 -0.000024716      2502151
368.750  0.005900816         2719  0.001499466         3928 -0.005569339          526  0.000201513      2484491
371.250  0.002956571         2528  0.000392058         3868 -0.008889167          510  0.000143306      2465513
373.750  0.001644304         2643  0.002450668         3783 -0.002932388          529  0.000148524      2449086
376.250 -0.001219502         2541 -0.002463751         3746 -0.006904705          535  0.000100257      2428428
378.750 -0.002339345         2670  0.004117950         3561  0.000340184          449  0.000301996      2411122
381.250 -0.002251819         2499  0.000199438         3546 -0.004940535          474  0.000019501      2394180
383.750 -0.000177549         2509 -0.001626251         3389  0.004618097          461  0.000027059      2373106
386.250  0.005211492         2441 -0.001263141         3289  0.000023749          416  0.000089314      2352529
388.750 -0.000546451         2444 -0.001658953         3375 -0.002330162          471  0.000061790      2331925
391.250  0.002005343         2419  0.001335832         3157 -0.005404718          449  0.000084115      2309718
393.750  0.006659226         2438 -0.000104072         3034 -0.003135548          393  0.000143923      2292972
396.250 -0.000426804         2339  0.000624597         2946  0.001694818          385 -0.000007267      2272635
398.750 -0.001358421         2323 -0.004965358         2940 -0.001098437          392  0.000009942      2253740
401.250 -0.002400793         2432  0.000012259         2831  0.007292367          406 -0.000069761      2231950
403.750  0.003276693         2354  0.001358691         2748  0.001507880          345  0.000108484      2211623
406.250  0.004998368         2287 -0.001200952         2651  0.000952870          334  0.000039779      2190972
408.750 -0.001149182         2375 -0.003080251         2629 -0.005989043          328  0.000117221      2171723
411.250  0.001518392         2264  0.000362048         2583 -0.001208522          313 -0.000039556      2149885
413.750 -0.006041479         2283  0.000035074         2490 -0.002251141          361 -0.000062323      2130233
416.250  0.001904474         2310 -0.002940891         2428  0.002763405          332  0.000086271      2109853
418.750 -0.004492109         2163  0.000558117         2373  0.003598101          310  0.000058992      2086751
421.250  0.001529847         2227  0.000275979         2335 -0.009060873          289  0.000022308      2063732
423.750  0.001441738         2117 -0.003385625         2252 -0.009128981          271  0.000065627      2044927
426.250  0.001663664         2207 -0.000182147         2186  0.001748237          256  0.000145807      2026627
428.750  0.000865920         2138  0.002691413         2141 -0.004449647          272 -0.000046382      2003524
431.250 -0.001444190         2032 -0.001194194         2090  0.001879290          263  0.000019798      1983493
433.750 -0.004014640         2027  0.001281275         2052  0.008137602          263 -0.000027117      1960524
436.250  0.002121932         1981  0.000366305         2030 -0.000271662          223 -0.000077787      1940081
438.750  0.002473532         2018 -0.000079947         1921  0.010313845          215  0.000059014      1920620
441.250 -0.001904784         2008 -0.000784639         1943 -0.001158539          232 -0.000036212      1897807
443.750  0.003822390         1978 -0.003344714         1839 -0.011330773          217 -0.000007677      1879392
446.250 -0.001064982         1976  0.001866623         1778 -0.012480787          211  0.000191149      1858032
448.750 -0.001086556         2015 -0.002905956         1760 -0.005697662          188  0.000058892      1837781
451.250  0.004072231         1911 -0.001467416         1682 -0.005725855          193  0.000089817      1817801
453.750  0.001154547         1901  0.001859519         1686  0.012111249          167  0.000135347      1797587
456.250 -0.002732542         1862 -0.004580514         1596 -0.008788072          197 -0.000044942      1776799
458.750 -0.003148178         1844 -0.005143556         1607  0.002791771          208  0.000027378      1756425
461.250  0.009184452         1771 -0.002157181         1555 -0.005250595          166 -0.000004797      1734368
463.750 -0.002074788         1817  0.004554156         1522 -0.002584916          175 -0.000000698      1713516
466.250  0.000412476         1815 -0.001626127         1466  0.012073867          160  0.000021924      1697142
468.750 -0.003399631         1712 -0.001360302         1411 -0.021901502          166  0.000115420      1674406
471.250  0.001438117         1797  0.000358472         1417 -0.013121209          145  0.000109386      1656371
473.750  0.000383430         1711  0.003917639         1326  0.014546735          169 -0.000114329      1633981
476.250  0.000805104         1683  0.003616050         1394  0.002932511          140  0.000047967      1617956
478.750  0.000255026         1613  0.000166977         1285  0.006049228          158 -0.000086426      1596398
481.250  0.002171770         1669 -0.002626285         1243  0.003444329          156  0.000003461      1575801
483.750 -0.003592372         1586 -0.001691960         1258 -0.014806528          145  0.000006099      1558249
486.250 -0.002935855         1610  0.005557269         1218 -0.007516473          130 -0.000015234      1538081
488.750 -0.000355758         1604  0.005776612         1200  0.002635591          137  0.000007516      1520888
491.250 -0.000198561         1538  0.002911755         1114  0.003494288          130  0.000013574      1500197
493.750 -0.004831619         1592  0.000413824         1066 -0.014322886          134  0.000053229      1483788
496.250  0.000983562         1533 -0.002447298         1130 -0.008528769          126  0.000008708      1462797
498.750 -0.000245272         1530 -0.001375063         1109  0.005054721          116 -0.000049954      1445698
