#   q     Cout       Nout      Cside       Nside       Clong        Nlong
  1.250  0.050080617        22959  0.089644002        21404  0.087825727        22141  0.607669398          768
  3.750  0.048830007        22470  0.051391878        21831  0.051679446        21736  0.188409088         5582
  6.250  0.036909052        21686  0.033487341        21390  0.033571434        21525  0.078532984        14623
  8.750  0.032250669        21108  0.022502064        21211  0.020970508        21379  0.041700165        28049
 11.250  0.027300111        20528  0.013980767        21618  0.014367818        21043  0.026242385        45053
 13.750  0.024207242        20056  0.011126638        21353  0.011101160        20983  0.015327752        65327
 16.250  0.021015447        19786  0.004283512        21257  0.008884676        20721  0.012490844        89468
 18.750  0.020109590        19199  0.005380300        21627  0.005457050        20713  0.008654846       116005
 21.250  0.017402994        18714  0.004780754        21694  0.001424132        20598  0.006072181       145627
 23.750  0.018043979        18138  0.004990570        21580  0.003959637        20323  0.005061755       177622
 26.250  0.013922919        17993  0.003228942        21609  0.002227855        19992  0.004059831       209717
 28.750  0.012810096        17184  0.001678855        21543  0.001734005        19670  0.003061343       246511
 31.250  0.011885809        16783  0.000843286        21455  0.000661303        19464  0.002777635       283104
 33.750  0.008210427        16673  0.002503103        21596  0.001194291        19539  0.002146060       321078
 36.250  0.008775231        15999  0.002613364        21425  0.000512936        19232  0.002339067       361150
 38.750  0.012530216        15506  0.002325840        21517  0.000938269        18873  0.001889695       400436
 41.250  0.010407793        15290  0.001321785        21251  0.002058827        18621  0.001336821       440948
 43.750  0.010398240        15009  0.000555707        21407 -0.002025812        18384  0.001353414       481528
 46.250  0.010201229        14480  0.000662020        21930  0.001049716        18302  0.000987651       523944
 48.750  0.007862851        14072 -0.000317387        21694 -0.000070340        18175  0.000955962       564776
 51.250  0.008475400        13846 -0.000893400        21511  0.003369905        17574  0.000856363       606884
 53.750  0.006823809        13401  0.000997121        21473 -0.001489641        17484  0.000946561       647527
 56.250  0.008420985        13233  0.001002457        21422 -0.000478805        17493  0.000784337       689678
 58.750  0.005283874        12977  0.000990992        21590  0.000542747        17148  0.000660409       731689
 61.250  0.004288971        12504 -0.000597991        21562 -0.000309588        16871  0.000812809       770537
 63.750  0.004032329        12186 -0.000596603        21929 -0.001204499        16543  0.000716014       811075
 66.250  0.004531557        11791  0.001488889        21936  0.001411271        16313  0.000624599       852188
 68.750  0.004661589        11694  0.000487388        21590  0.001161497        16047  0.000547971       891288
 71.250  0.007846501        11413  0.000712860        21573  0.001659826        16041  0.000717148       927352
 73.750  0.005764062        11043 -0.001030815        21869  0.000409025        15590  0.000369086       966730
 76.250  0.004986433        10964  0.001217175        21636  0.000384642        15520  0.000445473      1002163
 78.750  0.006951751        10447  0.001299655        21571 -0.000678577        15099  0.000512557      1039759
 81.250  0.005290684        10294 -0.000235413        21636  0.000516554        15054  0.000434449      1074722
 83.750  0.004047812        10140 -0.000235603        21349  0.000361285        14710  0.000302899      1109349
 86.250  0.004469527         9814  0.000595458        21541  0.000486290        14602  0.000604853      1144247
 88.750  0.003899944         9418  0.002272820        21483 -0.001147111        14267  0.000165800      1177340
 91.250  0.003878574         9538  0.001049632        21587 -0.000465836        14051  0.000317252      1209531
 93.750  0.005342645         9102  0.000549483        21791  0.000286097        13544  0.000455494      1241203
 96.250  0.003788717         8823  0.000047311        21590  0.000281286        13524  0.000551424      1271006
 98.750 -0.000211128         8755 -0.000110568        21775  0.001731275        13385  0.000267867      1306413
101.250  0.005137386         8545 -0.000417250        21889  0.001530832        13068  0.000374098      1335407
103.750  0.006700257         8448  0.000150969        21622  0.000978174        12894  0.000008129      1361363
106.250  0.005629888         8209  0.001552057        21538  0.001243906        12737  0.000457049      1388819
108.750  0.004055869         7955 -0.000475473        21851  0.000101163        12438  0.000146481      1419839
111.250  0.000932807         7630  0.001173214        21939  0.001324323        12059  0.000393386      1447310
113.750  0.004379490         7761 -0.000020796        21682  0.000240191        11999  0.000455614      1474440
116.250  0.003368880         7371  0.001549396        21867 -0.000046672        11838  0.000214868      1500968
118.750  0.000656136         7207 -0.000420215        21802  0.001382100        11688  0.000288768      1529209
121.250  0.003696240         7092 -0.000262039        21872 -0.000047130        11564  0.000091630      1554264
123.750  0.002220420         6942  0.001142938        21978 -0.000065249        10948  0.000436653      1576441
126.250  0.004300868         6932  0.001352872        22013  0.001087251        10966  0.000081622      1600760
128.750  0.002912435         6650 -0.001392267        21742  0.000450015        10744 -0.000027002      1627572
131.250  0.000053537         6414  0.000006851        22062  0.000135005        10377  0.000272795      1650652
133.750  0.001874772         6104 -0.000470966        21747 -0.000041455        10220  0.000147241      1674825
136.250  0.004244491         6217 -0.001359713        21933  0.001189985         9961  0.000205165      1695145
138.750 -0.001273275         5937 -0.002182685        21749 -0.000190443         9565  0.000122865      1719512
141.250  0.006000966         5997 -0.000848042        21697 -0.001442394         9433  0.000287883      1738428
143.750  0.003854737         5755  0.000408780        21783  0.000167839         9205  0.000451999      1762774
146.250  0.004258812         5613 -0.000630913        22032  0.000503796         8999  0.000104896      1785923
148.750  0.002568269         5531  0.000583680        21788 -0.001485344         8900  0.000115754      1808782
151.250  0.003479177         5443  0.000490928        22046 -0.001457700         8777 -0.000008938      1828872
153.750 -0.000015732         5239 -0.000990380        22172 -0.000752597         8672  0.000130872      1852652
156.250  0.003573750         5093 -0.000245562        22190  0.000978377         8480  0.000027120      1872297
158.750  0.006830107         4990  0.000575499        22340 -0.001205707         8216  0.000073670      1893190
161.250  0.002300013         4904  0.000053068        22326  0.000602305         7992  0.000243431      1912699
163.750  0.004194341         4799 -0.000760394        22123  0.001698217         7861  0.000205359      1933699
166.250  0.002827774         4519  0.000536563        22358  0.000412537         7568  0.000220050      1955528
168.750  0.002034696         4625 -0.002268577        22067 -0.001262061         7313  0.000068646      1974297
171.250  0.001529048         4583 -0.000018367        22436  0.002888917         7156  0.000136541      1997328
173.750  0.003264093         4404  0.000639152        22295  0.000922124         7209  0.000341876      2015712
176.250  0.002194579         4266  0.001218254        22642  0.002285308         6853  0.000226380      2035352
178.750  0.000283266         4209  0.000324023        22375 -0.000387914         6745  0.000023709      2056115
181.250 -0.000203927         4090 -0.000889447        22614  0.000491738         6412 -0.000078804      2076638
183.750  0.000318941         4116  0.000869498        22339  0.001714632         6339  0.000060407      2099683
186.250 -0.001005304         3950  0.000722609        21930 -0.000553403         6103  0.000051818      2121050
188.750  0.000608642         3883 -0.000616081        22301 -0.002601541         5979 -0.000000792      2138940
191.250  0.002330045         3803  0.000207237        22616  0.001207431         5837  0.000193838      2161760
193.750  0.001652065         3756 -0.000631241        22719  0.001255464         5606  0.000038085      2185389
196.250 -0.001828854         3625 -0.000078276        22648  0.001475811         5464  0.000135348      2209160
198.750  0.003066898         3560  0.000626569        23097  0.000430544         5250  0.000161684      2230674
201.250 -0.001564971         3467 -0.000907023        22939 -0.000247482         4998  0.000041310      2253517
203.750  0.001556483         3388 -0.000831283        22180 -0.001856831         4927  0.000018588      2284018
206.250  0.000975333         3401  0.000011022        21892 -0.000258437         4873  0.000102102      2311462
208.750  0.002357218         3311  0.000204372        21200  0.000023139         4587  0.000144806      2334632
211.250 -0.000048043         3194  0.001571692        20742 -0.001307611         4432  0.000203174      2363550
213.750 -0.000521447         3199 -0.000717005        20056  0.001351386         4274  0.000176502      2392094
216.250 -0.000549423         3265  0.001554394        19522  0.000706760         4233  0.000246270      2420114
218.750  0.006839432         3254 -0.000303196        19078  0.001813681         4070 -0.000000456      2443905
221.250  0.003929314         3209  0.001409263        18701 -0.000265554         3870  0.000292830      2472218
223.750 -0.001934037         3177 -0.000121494        18172  0.003274029         3651  0.000175583      2498967
226.250  0.006156422         3217  0.000628957        17711 -0.002243724         3555  0.000086680      2520567
228.750  0.001076537         3057  0.000122708        17233 -0.001307761         3478  0.000031140      2544632
231.250  0.000061125         3132  0.001065126        16821  0.002150354         3314  0.000051886      2564817
233.750 -0.000847345         3047 -0.000988678        16473 -0.001898984         3227  0.000077711      2588368
236.250 -0.004075808         3136 -0.000525116        16032 -0.002340042         3106  0.000353716      2614205
238.750  0.002493642         3038  0.001217708        15420  0.002329262         3093 -0.000038574      2633146
241.250 -0.001534292         3113  0.001286828        15235  0.000969519         2989  0.000256478      2652018
243.750  0.000006294         3087 -0.000065653        14638 -0.003949877         2904  0.000079827      2670817
246.250  0.001849951         3149  0.000927892        14330 -0.002829658         2723  0.000097108      2685888
248.750 -0.002340367         3059  0.001170213        14068  0.003951626         2686  0.000174228      2703172
251.250 -0.000529011         3086  0.002632908        13581 -0.000643814         2676  0.000112669      2717937
253.750  0.001063497         3015  0.003158811        13267  0.002700363         2545  0.000200028      2731341
256.250  0.003116418         3069  0.000185466        12970  0.000884848         2352  0.000158533      2744439
258.750 -0.000248487         2997  0.000845956        12428  0.003583412         2308  0.000150787      2757397
261.250  0.003124753         3046  0.001466824        12196 -0.001349669         2202  0.000063903      2768773
263.750 -0.003501804         2986  0.000567168        11935  0.001417016         2101  0.000116074      2782976
266.250 -0.002989892         3020  0.000724285        11357  0.000929990         2068  0.000219211      2791400
268.750  0.001939112         2901  0.000603084        11289 -0.000964257         2009  0.000122336      2797490
271.250  0.000548261         3071  0.001851736        11015 -0.000449386         1927  0.000157465      2808367
273.750 -0.001320247         3021 -0.001118309        10619  0.004559539         1887  0.000105755      2809680
276.250  0.000927692         3011  0.002941980        10335 -0.001693428         1811  0.000073328      2818270
278.750 -0.001498839         3058 -0.000603705        10102  0.004967395         1787  0.000199022      2820841
281.250  0.002806182         3100 -0.002067210         9918  0.001363752         1709 -0.000137053      2824169
283.750  0.000791668         3035 -0.002438807         9836  0.003229157         1697  0.000106590      2824719
286.250 -0.001267744         3071 -0.002047222         9530  0.006488646         1638  0.000132265      2826134
288.750 -0.000613627         3080 -0.000623490         9029  0.002234734         1523  0.000047704      2828137
291.250 -0.004631280         3039  0.001030582         8829  0.001888252         1474  0.000159110      2826682
293.750  0.004269728         2965 -0.000393544         8864  0.001599168         1453 -0.000086781      2827999
296.250  0.005554821         2989  0.000328308         8533  0.000618892         1420 -0.000012106      2824619
298.750 -0.001112120         2896  0.001833584         8249  0.003351662         1331  0.000046213      2820631
301.250 -0.000009968         2955  0.001682846         8155 -0.002103901         1298  0.000091571      2818442
303.750  0.004719189         3009  0.000830408         7987  0.004898344         1291  0.000069919      2813599
306.250 -0.000637038         3027  0.002284925         7706 -0.005513402         1157  0.000033637      2808904
308.750  0.000647879         2925 -0.000150067         7542 -0.003469792         1212  0.000065287      2802893
311.250  0.003871429         3005  0.000068840         7193 -0.000432433         1148  0.000089521      2792883
313.750 -0.000448066         2992  0.000508308         7121 -0.000470468         1150  0.000185270      2791762
316.250  0.000460394         3021 -0.003441814         7041  0.002659026         1036  0.000140665      2778776
318.750 -0.004139114         2834  0.001131040         6823 -0.003546899         1080 -0.000052154      2772728
321.250 -0.000326572         2882 -0.000221073         6560  0.000276499         1013  0.000187904      2763390
323.750 -0.000215492         2964 -0.001535202         6340  0.003049924          956  0.000040538      2752486
326.250  0.000449385         2943 -0.001178626         6092  0.003270322          936  0.000085713      2737157
328.750  0.005741513         2899  0.001581198         5990  0.001162282          910 -0.000029791      2729043
331.250 -0.001120717         2910  0.000101321         5952 -0.000111645          855  0.000159534      2719528
333.750 -0.001251905         2868  0.001383693         5749  0.003217703          906  0.000112951      2705700
336.250 -0.001005348         2817  0.000965119         5520 -0.004398113          808  0.000231452      2691032
338.750 -0.000962025         2890  0.000567673         5505  0.001404633          819  0.000142755      2676630
341.250  0.003704945         2737 -0.001094672         5335 -0.000698740          779  0.000110536      2665209
343.750  0.005274889         2821 -0.001867527         5094  0.001192484          726  0.000106972      2651885
346.250 -0.000286155         2890  0.000904034         4946 -0.003449837          664  0.000167409      2635631
348.750 -0.003617333         2812 -0.000151857         4959  0.004384413          724  0.000056547      2619775
351.250  0.001606533         2790  0.000761158         4744 -0.008882515          710  0.000168784      2602253
353.750 -0.001145608         2789 -0.002003566         4654  0.006573988          731  0.000173750      2587177
356.250  0.001983054         2723 -0.000160929         4495  0.005841435          664  0.000059490      2573151
358.750 -0.003018402         2612  0.000200775         4380 -0.002855054          609  0.000077880      2555645
361.250  0.003263636         2760  0.000098455         4361 -0.007795759          624  0.000115688      2535590
363.750  0.000360289         2692 -0.000177707         4161 -0.001150130          630  0.000035376      2520913
366.250  0.003231026         2569 -0.002887299         4109  0.004983740          581 -0.000042743      2505310
368.750 -0.004008867         2590  0.001102409         3921  0.001423557          591  0.000086175      2486807
371.250  0.003098243         2613  0.000211850         3875 -0.010771528          592  0.000035692      2468894
373.750 -0.001377921         2619 -0.001697733         3755  0.001888168          497  0.000102431      2449821
376.250  0.002975323         2560 -0.002260615         3719 -0.003117045          515 -0.000000147      2427635
378.750  0.006112573         2566  0.003622463         3640 -0.000076395          493  0.000058180      2410737
381.250 -0.003768943         2463  0.002782699         3497  0.004802830          445  0.000106131      2391830
383.750 -0.001237603         2462 -0.002133970         3395  0.005258383          451  0.000100728      2372288
386.250 -0.001050194         2548  0.005191930         3289 -0.001353987          461  0.000094789      2352913
388.750 -0.001436778         2479 -0.003372458         3212  0.001384490          426 -0.000020966      2336663
391.250  0.001251954         2455  0.000828550         3149  0.003812807          462  0.000025437      2313509
393.750  0.004223961         2370  0.000288150         3028  0.003991278          401  0.000020851      2295671
396.250 -0.003281470         2419  0.000780124         2962 -0.006562574          396  0.000122011      2272716
398.750 -0.000579970         2366  0.005851817         2904 -0.007388876          377  0.000135133      2252971
401.250  0.002234427         2363 -0.000957593         2829 -0.002701507          362 -0.000063369      2233470
403.750  0.002105595         2323  0.003163018         2812  0.006043411          351  0.000076336      2213150
406.250  0.001822935         2398  0.002523493         2638 -0.003552745          375  0.000098872      2189973
408.750  0.003002721         2311  0.004988781         2626 -0.001609875          349 -0.000030276      2170920
411.250 -0.001714479         2231 -0.005654262         2673  0.003154366          331  0.000069315      2148505
413.750 -0.001451833         2252  0.000033475         2456  0.001622587          318  0.000064935      2127555
416.250  0.004517428         2160  0.000088679         2405 -0.000062170          312  0.000099146      2104547
418.750 -0.001513446         2196 -0.000425719         2366 -0.004438731          288  0.000146380      2090175
421.250  0.004388899         2161 -0.002799983         2376 -0.004425029          337  0.000061383      2069600
423.750  0.002482213         2110  0.003528514         2205  0.016195103          271  0.000085852      2043197
426.250  0.000576589         2158 -0.004008631         2182 -0.012699569          302  0.000161277      2025727
428.750 -0.000182120         2079  0.000564635         2184 -0.006879433          272  0.000000980      2002382
431.250 -0.002169161         2206 -0.001960119         2056  0.007283930          265 -0.000091681      1981960
433.750 -0.002557289         2136 -0.001297429         2077  0.003043692          241  0.000072633      1961639
436.250 -0.000008292         2010 -0.005902118         2028 -0.003090033          250  0.000178141      1942657
438.750 -0.003191615         2016 -0.001944249         1958 -0.003074447          245  0.000208033      1919600
441.250  0.003330422         2043 -0.000489085         1893  0.008334843          226  0.000125879      1899877
443.750 -0.001497900         1947  0.000463427         1851 -0.012220179          216  0.000092781      1878138
446.250  0.000679371         1937  0.000862649         1787  0.003835613          219 -0.000131310      1859929
448.750 -0.002519038         2047  0.003591535         1726  0.001591189          222  0.000047723      1837108
451.250  0.003215786         1915  0.000979294         1743 -0.008491244          205  0.000100894      1816222
453.750  0.004109607         1944 -0.003944463         1754  0.003816831          195  0.000119406      1795998
456.250  0.002817134         1883  0.001350599         1609  0.004424615          202 -0.000018336      1775424
458.750  0.000695667         1923  0.002456467         1459  0.005532126          222  0.000012766      1752253
461.250  0.000309852         1827 -0.000935506         1537 -0.005147894          181  0.000072077      1733907
463.750  0.002462915         1796  0.000559142         1502  0.007524401          169  0.000133973      1716012
466.250  0.001313440         1856 -0.004404307         1456 -0.002093213          175  0.000075653      1696143
468.750 -0.008433186         1765 -0.003789220         1515 -0.005608067          189  0.000077257      1675654
471.250 -0.002447005         1793  0.007048167         1323  0.012816944          147  0.000091880      1652757
473.750  0.003839654         1740  0.000218681         1416 -0.008332175          152 -0.000084997      1636602
476.250 -0.003458269         1672  0.000480268         1341 -0.003207364          144  0.000230866      1617401
478.750  0.001922812         1744 -0.003451862         1305 -0.008091337          154 -0.000004903      1597173
481.250 -0.000990466         1634  0.001122025         1262  0.018770853          129  0.000078105      1577697
483.750 -0.004353928         1682  0.006382281         1196 -0.023633028          139  0.000128300      1557654
486.250  0.001730811         1618  0.006952469         1244 -0.013419082          143 -0.000056771      1539818
488.750 -0.006159117         1608 -0.004106653         1185 -0.002671846          123 -0.000156983      1520237
491.250  0.002074021         1606  0.005671090         1151 -0.001574761          122  0.000067382      1501583
493.750 -0.000557329         1594  0.002823293         1084 -0.007630706          130  0.000096724      1481249
496.250  0.000917007         1593  0.003103272         1084 -0.001817061          116  0.000098008      1464902
498.750  0.004176873         1493 -0.005591467         1097  0.002898304          110 -0.000032719      1446141
