#   q     Cout       Nout      Cside       Nside       Clong        Nlong
  1.250  0.052760215        22982  0.089979195        21436  0.087567912        21969  0.603985071          811
  3.750  0.046254821        21993  0.052003001        21649  0.052652605        21811  0.186699179         5492
  6.250  0.039250170        21638  0.033836828        21450  0.034474045        21568  0.078290324        14645
  8.750  0.030854906        21407  0.023041158        21469  0.023094997        21213  0.042738949        28203
 11.250  0.029013689        20644  0.016449881        21479  0.014698678        21248  0.025397605        44957
 13.750  0.025385384        20142  0.010387381        21323  0.011046404        20997  0.016479501        65794
 16.250  0.020454015        19775  0.006814249        21669  0.008719178        21026  0.012762512        89088
 18.750  0.020852616        19273  0.003831711        21587  0.005587620        20448  0.008002396       116156
 21.250  0.015846321        18541  0.004115448        21515  0.006664801        20213  0.006355264       145058
 23.750  0.017263033        18179  0.005085289        21396  0.004749058        20065  0.005280775       176880
 26.250  0.012887681        17832  0.001755986        21756  0.003360026        20173  0.004196290       210450
 28.750  0.015359288        17344  0.002215017        21530  0.001815858        19671  0.003485720       245592
 31.250  0.011906525        16910  0.000431850        21309  0.002634047        19492  0.002301858       283207
 33.750  0.012714083        16306  0.001443668        21491  0.001931607        19233  0.002255208       320854
 36.250  0.012708706        16116  0.001313390        21755  0.000657194        19158  0.001409064       359532
 38.750  0.008008586        15649  0.001384571        21507  0.001418031        18746  0.001879172       400698
 41.250  0.007789139        15508 -0.000489380        21804  0.000068949        18726  0.001580629       441932
 43.750  0.007297291        15101 -0.001343272        21475 -0.000353833        18536  0.000706103       482215
 46.250  0.010251026        14917  0.000965851        21484 -0.000477507        18125  0.001225340       524126
 48.750  0.006674639        14074 -0.000586154        21378  0.001041025        17737  0.001265641       564037
 51.250  0.008694065        13831  0.000965312        21552 -0.000839665        17669  0.000941905       605143
 53.750  0.007414425        13287  0.001778540        21725  0.000513962        17156  0.001238141       649210
 56.250  0.007242723        13198  0.000384487        21536  0.000940006        17220  0.000760556       689299
 58.750  0.006249826        12554  0.000898087        21403  0.002319396        17239  0.000502538       731237
 61.250  0.008263547        12374  0.001591470        21486 -0.000069896        16696  0.000416533       769835
 63.750  0.004409035        12182  0.002104704        21728 -0.001194559        16322  0.000494568       810781
 66.250  0.006431403        11860 -0.000633682        21849 -0.000258373        16123  0.000732136       851012
 68.750  0.003638236        11754  0.001097552        21627  0.000519119        16251  0.000333122       890537
 71.250  0.003707859        11304  0.000398481        21455  0.000891905        15759  0.000705269       926846
 73.750  0.007132595        10880 -0.000263764        21583  0.000288311        15837  0.000496257       966048
 76.250  0.003047557        10854 -0.000220792        21566  0.000485493        15282  0.000395123      1003351
 78.750  0.006576413        10613 -0.000142047        21552  0.000750011        15377  0.000446581      1038160
 81.250  0.004812620        10334  0.002442358        21756 -0.000033381        14800  0.000312917      1075603
 83.750  0.003023533         9773  0.000029557        21466  0.000682448        14746  0.000401746      1109676
 86.250  0.004406306         9875 -0.000489095        21568 -0.000010593        14279  0.000567005      1143121
 88.750  0.004451665         9758  0.001211171        21409  0.000486082        14256  0.000505264      1176091
 91.250  0.004072563         9344 -0.000335761        21679 -0.000436779        14030  0.000283051      1207436
 93.750  0.005763058         9260 -0.000108483        21364 -0.002185312        13878  0.000428466      1240451
 96.250  0.002504094         9081  0.000571917        21892  0.000592177        13642  0.000316318      1274489
 98.750  0.002627624         8591  0.000396823        21710  0.000009227        13232  0.000418381      1303701
101.250  0.004571795         8677  0.001389616        21974  0.001250922        13041  0.000287120      1334471
103.750  0.004020202         8249  0.001158320        21646  0.000647853        12936  0.000372167      1364845
106.250  0.004863838         8017 -0.001025918        21665  0.000561774        12661  0.000154399      1390744
108.750  0.004364165         7933  0.001477089        21760  0.000273463        12645  0.000275988      1420467
111.250  0.001238432         7777  0.000946921        21522 -0.001644640        12203  0.000122124      1446780
113.750  0.001712932         7602 -0.000517422        21684  0.001175553        11974  0.000326858      1473320
116.250  0.004322667         7299 -0.000892490        21605  0.000123102        11934  0.000041926      1500636
118.750  0.001554525         7229 -0.000281002        21714 -0.002736903        11468  0.000195465      1526024
121.250  0.003064768         7096  0.000736713        21649  0.002518062        11328  0.000259797      1553248
123.750  0.001051772         6914  0.000968975        21807 -0.000481916        11273  0.000233575      1577015
126.250  0.003296338         6784 -0.000567258        21864 -0.001028895        10867  0.000373217      1601232
128.750  0.002665591         6693  0.001458180        22011 -0.000400790        10772  0.000110480      1629141
131.250  0.001622980         6375 -0.000374054        21743 -0.000393587        10477  0.000113477      1651186
133.750  0.002406698         6254  0.001618304        21829  0.000014942        10215  0.000227031      1671671
136.250  0.002699253         6160 -0.000667054        21889  0.000899903         9981  0.000251045      1697733
138.750  0.001459096         6013  0.000571148        21953  0.001242053         9782 -0.000044034      1717291
141.250  0.000132393         5867  0.000249736        21999  0.000331991         9572  0.000129287      1744169
143.750  0.002948771         5689  0.000788115        21900 -0.001804695         9514  0.000140119      1762434
146.250  0.001849413         5747  0.000026922        21864  0.001374710         9053  0.000110679      1786044
148.750  0.002202254         5541 -0.000269237        22022  0.001765490         9012  0.000262783      1807155
151.250  0.001448663         5433  0.000952852        22164  0.002553201         8827  0.000251203      1829993
153.750  0.001737985         5338  0.000141576        21946 -0.001141740         8584  0.000065824      1850014
156.250  0.002610721         5155  0.000696444        22108  0.001439584         8169  0.000285964      1870405
158.750  0.003191859         5091 -0.000144045        22148 -0.000523376         8256  0.000249382      1892749
161.250  0.000807065         5022  0.000373516        22105 -0.000343298         8030  0.000216145      1913662
163.750  0.004012906         4838  0.000133407        22372 -0.000199934         7680  0.000077393      1935753
166.250  0.002580233         4914  0.000270642        22197  0.001399204         7573  0.000243802      1954352
168.750  0.001490119         4607 -0.000619529        22363 -0.000677619         7364  0.000186820      1973953
171.250  0.004070920         4551  0.001313270        22227 -0.000709727         7052  0.000163323      1993469
173.750  0.000516475         4508 -0.000431612        22080  0.000706390         7090  0.000169839      2017527
176.250  0.001635050         4257  0.000322309        22543 -0.002185083         6719 -0.000015320      2035518
178.750  0.002119572         4157 -0.001429590        22346 -0.000894688         6657 -0.000052464      2056802
181.250  0.003398717         4154 -0.000153502        22387 -0.001384855         6513  0.000189647      2078848
183.750  0.003480401         4030 -0.000000889        22631  0.000479699         6417  0.000054404      2099862
186.250  0.004807200         4023 -0.000739606        22581  0.003297812         5965  0.000149245      2118287
188.750  0.002301818         3931 -0.000377846        22814 -0.002005870         6029  0.000284062      2144549
191.250  0.002182088         3849  0.001374647        22691 -0.000279975         5696  0.000246101      2159001
193.750  0.005188085         3798 -0.000728968        22789  0.003668590         5626  0.000016640      2181540
196.250 -0.002748756         3573 -0.000620022        22928 -0.001623404         5514  0.000006200      2207362
198.750  0.005545952         3589  0.000826035        23042  0.002985925         5344  0.000294405      2231059
201.250 -0.002387125         3514 -0.000856140        22924 -0.001825410         5216  0.000019060      2258953
203.750  0.001482488         3344 -0.001411684        22282  0.000471846         5013  0.000244102      2283829
206.250  0.000052481         3400 -0.000490226        21728 -0.002966943         4683  0.000038075      2308067
208.750  0.003019135         3325  0.001560117        21224 -0.001832350         4620  0.000260740      2338860
211.250  0.001360958         3290  0.000900662        20485 -0.001393147         4393  0.000033043      2362661
213.750  0.001927008         3239 -0.000533878        20188 -0.003712254         4236 -0.000021582      2392539
216.250  0.002320310         3229  0.000630769        19745  0.002321230         4118  0.000067660      2417508
218.750 -0.000820958         3209  0.000710103        19144 -0.000233426         4126 -0.000015346      2448104
221.250 -0.000722964         3034  0.000966231        18651  0.001431793         3861  0.000170705      2472582
223.750 -0.001056424         3115  0.001085496        18151  0.002651061         3688  0.000083975      2495678
226.250 -0.000793808         3088  0.000924776        17801  0.002721049         3608  0.000211361      2522365
228.750  0.001629733         3057  0.000242024        17137  0.001343129         3472  0.000172683      2545215
231.250  0.003663262         3090  0.000194560        16671 -0.000729699         3475  0.000231836      2568560
233.750  0.005343812         3017  0.001125448        16260 -0.003230819         3317  0.000108612      2590887
236.250  0.001867511         3115  0.000196900        15828 -0.001876325         3100  0.000150670      2613122
238.750  0.000781023         2998  0.002006877        15625  0.001457401         3129  0.000044386      2630614
241.250  0.005418788         3100  0.000191054        14994 -0.001003219         2910  0.000140761      2651712
243.750  0.006176034         3054 -0.000507472        14733 -0.000030826         2843  0.000138760      2669741
246.250 -0.001182594         3002  0.000881113        14381  0.001740162         2705  0.000218332      2688784
248.750 -0.002616299         3062 -0.000764540        13931 -0.001449270         2691  0.000000163      2702564
251.250  0.002276513         2974  0.001408529        13508 -0.002826014         2521  0.000117719      2718565
253.750  0.001817408         3011 -0.001052657        13218 -0.002428070         2512  0.000071669      2734603
256.250  0.000241968         2999 -0.001118215        13059  0.004472546         2422  0.000153733      2745269
258.750  0.004435827         3086 -0.000190429        12405  0.005274369         2275 -0.000012802      2759968
261.250 -0.002132213         3007 -0.000328587        12117 -0.002295801         2246  0.000027075      2771308
263.750 -0.001243180         3115  0.000183967        12056 -0.002410196         2143  0.000140449      2781705
266.250  0.004483432         3123 -0.000286077        11818 -0.001180342         1971  0.000052635      2788367
268.750  0.004972231         3109 -0.001629615        11410  0.000753730         2024 -0.000021145      2797714
271.250  0.001036235         3082  0.001023974        11216 -0.002283060         1915  0.000084284      2803370
273.750 -0.000101111         3120  0.000044261        10757 -0.000457199         1908  0.000099648      2809797
276.250 -0.001612249         2975  0.000518525        10346 -0.001719174         1857  0.000138717      2816161
278.750  0.004096644         3079  0.001465374        10425 -0.005149572         1825  0.000051483      2819721
281.250  0.002072493         3094 -0.002923515         9950  0.000468692         1726  0.000123084      2823288
283.750 -0.002029728         3092  0.000026377         9711 -0.000997849         1608 -0.000142639      2828757
286.250  0.001572008         3009  0.000896458         9439  0.005025907         1587  0.000109868      2827198
288.750 -0.002954893         3099 -0.000362188         9142  0.006715019         1480  0.000178986      2829145
291.250 -0.001620802         2982  0.000190043         9101  0.005270372         1423  0.000163450      2828695
293.750  0.002695390         2994 -0.001870697         8879  0.003957269         1400  0.000187701      2828129
296.250 -0.001841456         2953 -0.000132532         8465 -0.003635102         1376 -0.000060752      2824641
298.750  0.006582432         3085 -0.000407688         8224  0.001703383         1352  0.000115788      2823533
301.250 -0.000162815         3045 -0.000772273         8101  0.000730868         1277 -0.000003360      2819631
303.750  0.003046913         3045  0.001534118         7665 -0.001751457         1256  0.000144620      2812894
306.250  0.001873436         3001 -0.000156468         7543  0.000085338         1162 -0.000048520      2807952
308.750  0.001238517         2903  0.000736019         7483 -0.001099580         1227  0.000093650      2801723
311.250 -0.001315751         2937 -0.000012283         7272  0.002056959         1155  0.000104919      2796980
313.750  0.003406130         2927  0.001619791         7097  0.005594748         1086  0.000187539      2786829
316.250 -0.003360460         2908  0.001747776         6837  0.003968661         1134  0.000112251      2777680
318.750  0.000100313         2928 -0.000069627         6703 -0.000393691         1014  0.000134001      2770398
321.250  0.000681890         3010  0.002436397         6407 -0.007645623         1018  0.000174784      2758984
323.750  0.001314929         2840 -0.000536787         6360  0.001478116          950  0.000015044      2749648
326.250  0.000204580         2942 -0.001413915         6221  0.004287525          948  0.000046989      2741814
328.750 -0.002232549         2871  0.000996001         6001  0.008642553          895  0.000086527      2726069
331.250 -0.001950379         2942  0.002357546         5985  0.006685893          959  0.000102472      2718572
333.750  0.001274269         2841  0.000712791         5886 -0.001491096          854  0.000020437      2707258
336.250  0.000209456         2759 -0.000361443         5648 -0.001842920          877  0.000117750      2693720
338.750  0.004171443         2888 -0.000794447         5311  0.003689753          847 -0.000133455      2679103
341.250 -0.000911007         2762  0.000295110         5237  0.002591767          799  0.000163475      2661620
343.750  0.005185616         2803 -0.000278231         5193 -0.002841737          737  0.000200291      2653584
346.250  0.000518185         2809 -0.001539153         4993 -0.001009492          715  0.000025853      2635465
348.750  0.004511234         2884 -0.004538073         4824  0.004089323          741  0.000048039      2621608
351.250 -0.001220435         2785 -0.000487429         4674 -0.004431932          723 -0.000021787      2603645
353.750  0.004055422         2784  0.000112247         4583 -0.004610011          626  0.000116878      2587901
356.250  0.000128731         2751 -0.000510658         4477 -0.003695327          642  0.000102649      2570672
358.750 -0.000607907         2675 -0.001596062         4443 -0.004936903          601  0.000058312      2555577
361.250 -0.007044351         2660  0.001437604         4345  0.003995097          561  0.000214112      2540599
363.750  0.003680872         2580 -0.000730665         4066 -0.003060870          562  0.000235927      2520548
366.250 -0.000987191         2608  0.001462537         4038 -0.001615309          570  0.000114617      2500368
368.750 -0.000304073         2624  0.003905084         3958  0.003305130          542  0.000169911      2485765
371.250  0.001826988         2672  0.004302428         3720  0.004697326          552  0.000049468      2469882
373.750  0.002972540         2636 -0.001012203         3732 -0.005195226          500  0.000013722      2450246
376.250  0.000809103         2511  0.002593369         3607 -0.005783520          512  0.000150945      2430072
378.750 -0.000864741         2609  0.002558231         3574  0.005884805          472  0.000095656      2414020
381.250 -0.000149947         2515  0.000637709         3476 -0.008305360          464 -0.000034963      2390764
383.750 -0.004941099         2406 -0.000155234         3401 -0.014124708          476  0.000079121      2374080
386.250 -0.003855206         2468  0.003113076         3280  0.000169356          433  0.000112852      2350356
388.750  0.002244826         2563 -0.004168873         3192  0.011415172          444  0.000226650      2334219
391.250 -0.000238561         2334  0.002334694         3140 -0.010500592          423  0.000173618      2313782
393.750  0.000351345         2431 -0.006181248         3009  0.004650601          414  0.000084137      2294578
396.250  0.001161706         2351  0.002542758         2974 -0.011018828          386  0.000106640      2274757
398.750 -0.000833260         2441  0.001581689         2927 -0.001294247          371 -0.000074364      2253290
401.250  0.000743525         2358 -0.002023582         2817  0.003236363          368 -0.000062367      2233249
403.750  0.003517141         2345  0.002715643         2784 -0.011395958          323 -0.000013153      2213720
406.250 -0.003898051         2299  0.000809112         2726 -0.007811982          320  0.000108926      2188957
408.750  0.003290781         2177 -0.003656111         2541  0.009876035          354  0.000008097      2171787
411.250 -0.004610363         2305 -0.003214908         2592 -0.001776828          331 -0.000042086      2150610
413.750  0.002812639         2249  0.003494169         2477  0.006741273          312  0.000063177      2129493
416.250 -0.003833810         2310  0.000002383         2405 -0.000018389          323 -0.000113081      2107098
418.750  0.002685351         2311  0.001551333         2351  0.001451828          294  0.000128502      2086454
421.250  0.003118492         2206  0.002355784         2336 -0.001215192          329  0.000058116      2067486
423.750  0.001795432         2229  0.002975376         2312 -0.000837799          274  0.000077157      2045784
426.250  0.003775061         2131 -0.000709517         2187 -0.003993087          274  0.000212168      2027928
428.750  0.000306696         2161 -0.005655810         2139  0.002368059          289  0.000002147      2003198
431.250 -0.000171223         2129 -0.000733529         2030 -0.004392241          265 -0.000008024      1983293
433.750 -0.000979058         2088 -0.000096279         2156 -0.008370645          243  0.000093773      1962511
436.250 -0.000061043         2112  0.002305752         2019 -0.008311500          217 -0.000041146      1939588
438.750 -0.000443428         2064  0.000268262         1882 -0.007098283          235  0.000002133      1920859
441.250  0.000461151         2001 -0.003732567         1895  0.011425243          205 -0.000000148      1899407
443.750  0.003955103         2001  0.003039897         1857  0.008084450          255 -0.000113528      1878284
446.250 -0.000488332         1970 -0.000947579         1731  0.001142639          208 -0.000006161      1859568
448.750  0.002086302         1934 -0.003112916         1670 -0.011674733          236  0.000003662      1835627
451.250 -0.002822585         1916 -0.000737627         1604  0.004016603          202  0.000023743      1818584
453.750 -0.000433761         1922  0.002730649         1593 -0.006209464          167 -0.000021067      1797932
456.250 -0.001045018         1886 -0.003135192         1600  0.018216991          196 -0.000008626      1776823
458.750  0.000680509         1874  0.007595297         1610  0.011066024          179  0.000008768      1754634
461.250 -0.000344824         1791 -0.000330660         1522  0.001370180          182  0.000092145      1734676
463.750 -0.003825240         1824  0.003029443         1448  0.007868108          189  0.000327499      1715672
466.250  0.004819759         1776 -0.000023745         1446 -0.003393839          156  0.000120922      1697590
468.750  0.002195707         1709 -0.006776499         1453  0.005632240          181  0.000130977      1675870
471.250  0.002040796         1732 -0.001412733         1355  0.007431603          173 -0.000009859      1656074
473.750 -0.000716616         1714 -0.000630234         1346  0.015295617          159  0.000121664      1636880
476.250  0.004669185         1695  0.001884707         1313 -0.010101092          142  0.000045780      1617896
478.750 -0.001569270         1727  0.004169287         1232 -0.003738577          176  0.000039320      1596471
481.250 -0.002082706         1688  0.003431529         1226 -0.000472708          145  0.000124213      1578963
483.750 -0.001814532         1631  0.003607042         1254 -0.000276081          138  0.000148859      1559637
486.250  0.004017950         1628 -0.009194682         1118  0.001503384          133  0.000081209      1539074
488.750  0.001141870         1585 -0.006084251         1179 -0.010703614          132 -0.000166311      1520669
491.250 -0.001211673         1548 -0.002545556         1117 -0.002423633          141 -0.000016183      1500646
493.750  0.004619702         1539  0.003569735         1105 -0.011067083          125  0.000063573      1481860
496.250  0.005347952         1560  0.000138123         1105 -0.006409262          112  0.000049365      1464521
498.750 -0.000975203         1518 -0.000488891         1112 -0.006349920          122  0.000275630      1446054
