#   q     Cout       Nout      Cside       Nside       Clong        Nlong
  1.250  0.051755005        22919  0.087060145        21652  0.089431004        21771  0.563163776          785
  3.750  0.046975337        22375  0.053921851        21895  0.052494882        21748  0.188270208         5507
  6.250  0.038305495        21674  0.034558312        21466  0.036427030        21696  0.078476572        14864
  8.750  0.033691934        21439  0.023487315        21306  0.020177781        21315  0.043822269        27774
 11.250  0.029277106        20747  0.016482199        21419  0.015318663        21368  0.026682158        44919
 13.750  0.024463263        20021  0.010545554        21437  0.011777571        21277  0.017242976        66164
 16.250  0.021053712        19696  0.005273522        21462  0.007975806        20752  0.012180656        89514
 18.750  0.021404989        19249  0.006853454        21497  0.004099979        20338  0.008027430       116408
 21.250  0.017745545        18523  0.003217543        21523  0.004863637        20408  0.006610170       145072
 23.750  0.014843179        18219  0.005044125        21426  0.003296877        20260  0.005700261       177297
 26.250  0.014495304        18009  0.003544332        21496  0.003045613        19985  0.004197662       210406
 28.750  0.015469845        17595  0.000881648        21567  0.001104148        19907  0.003418050       245777
 31.250  0.011788154        16887 -0.000007090        21526  0.003187316        19445  0.003000948       282634
 33.750  0.011332554        16556  0.001076018        21736  0.003037762        19382  0.002379352       320500
 36.250  0.011470529        16003 -0.000092102        21375  0.002358525        19013  0.001800420       359635
 38.750  0.012037738        15679  0.000177592        21525  0.002073166        18922  0.002044286       401621
 41.250  0.009417049        15298  0.002871023        21460  0.001435397        18818  0.001761800       441604
 43.750  0.010771994        15004  0.000603507        21436  0.000729079        18433  0.001274817       481866
 46.250  0.008210245        14536 -0.000856967        21631  0.002104638        18259  0.001226913       522581
 48.750  0.006994224        14139  0.001650527        21333 -0.000635308        17892  0.000636399       565075
 51.250  0.006631690        13582 -0.000394374        21652 -0.001081734        17623  0.000769544       606411
 53.750  0.006743257        13417  0.000069635        21668 -0.000917802        17441  0.000815512       647767
 56.250  0.007742630        13152 -0.000513872        21602 -0.000503857        17523  0.000820068       689826
 58.750  0.007678175        12629  0.000125554        21670  0.001788924        17073  0.000642067       731903
 61.250  0.008835735        12391  0.000360946        21626  0.001414534        17074  0.000736105       772180
 63.750  0.006173729        12337  0.001736672        21544 -0.002193707        16712  0.000769726       809791
 66.250  0.006140425        12030 -0.001328054        21627  0.002738368        16187  0.000766780       851125
 68.750  0.005579866        11570  0.001294095        21452  0.000854248        16310  0.000397996       889571
 71.250  0.004313431        11339  0.000580274        21965  0.000321872        15922  0.000599591       929338
 73.750  0.006514688        11058 -0.001083338        21813  0.000095065        15633  0.000769985       966265
 76.250  0.002779207        10805  0.001291024        21901 -0.000163891        15442  0.000418473      1002013
 78.750  0.006840836        10627 -0.000423158        21454  0.003188919        15260  0.000497489      1037998
 81.250  0.002651549        10210 -0.001143900        21573 -0.000357420        14987  0.000463436      1074196
 83.750  0.003769092         9993  0.000021402        21716 -0.000951882        14916  0.000300813      1109153
 86.250  0.001464935         9915  0.000132918        21727  0.000787988        14590  0.000664885      1142889
 88.750  0.004757510         9606  0.000736175        21781  0.001838005        14195  0.000286873      1177142
 91.250  0.003638171         9518  0.000599478        21747 -0.001021557        13984  0.000534795      1207000
 93.750  0.002564643         9070  0.001036432        21803  0.001336829        13783  0.000107407      1241459
 96.250  0.005862810         8953  0.001459592        21783  0.001355196        13408  0.000524320      1272196
 98.750  0.004620625         8662  0.000148619        21833  0.000499439        13263  0.000366987      1304002
101.250  0.004053955         8550 -0.000013291        21730  0.001098162        13144  0.000241154      1335654
103.750  0.003527005         8216  0.000474663        21636  0.000728034        12902  0.000381976      1361516
106.250  0.003964076         8114 -0.000330349        21677 -0.001557043        12460  0.000172796      1391057
108.750  0.001492159         7988  0.000133806        21698 -0.000227962        12496  0.000295422      1421145
111.250  0.002801194         7676  0.000356464        21757 -0.001433599        12248  0.000226291      1450758
113.750  0.000070619         7520  0.000009463        21749  0.001057557        11758  0.000222828      1473767
116.250  0.001801580         7417 -0.001023646        21918  0.000050096        11800  0.000268587      1501540
118.750  0.004742497         7163  0.000137803        21958  0.001495351        11369  0.000281762      1527474
121.250  0.002389029         7035 -0.000184055        21762 -0.002246188        11295  0.000231910      1554134
123.750  0.004851039         7043 -0.001093151        21659  0.000670458        10980  0.000319557      1577012
126.250  0.005916588         6717 -0.000150237        21711 -0.000395936        10691  0.000315698      1602522
128.750  0.002256593         6711  0.000212002        21634 -0.001234284        10450  0.000237813      1627682
131.250  0.005460545         6424  0.000265639        21986 -0.001025760        10389  0.000329051      1651310
133.750  0.001474858         6362  0.001259650        21974  0.002116128        10171  0.000017335      1674313
136.250  0.000911311         6171  0.000474103        22010  0.000270715        10050  0.000257408      1696819
138.750  0.000970771         6066 -0.001215920        21636  0.001657282         9648  0.000277350      1719959
141.250  0.000546040         5902  0.000459039        21813  0.000833578         9578  0.000176238      1742138
143.750  0.000130725         5669 -0.000349195        21929  0.000506177         9333  0.000106982      1763374
146.250 -0.000120296         5738  0.000302358        22002 -0.001251765         9060  0.000156375      1785095
148.750  0.002262466         5407 -0.001211688        22224 -0.001632113         8901  0.000260840      1807130
151.250  0.001057581         5283 -0.000772893        21782 -0.000689186         8847  0.000033658      1827883
153.750  0.003996289         5287  0.000284021        22206 -0.002521494         8590  0.000194264      1852743
156.250  0.003751309         5135 -0.000369639        22433  0.001173602         8356 -0.000008496      1871486
158.750  0.000761297         5177  0.000811597        22196  0.001116220         8107  0.000123180      1891445
161.250  0.000792918         4926 -0.000240682        21920 -0.000266198         7922  0.000135581      1911355
163.750  0.000017519         4842  0.002114529        22170  0.001341114         7657  0.000232322      1934009
166.250  0.004504182         4776  0.001115627        22295  0.000895299         7621  0.000162982      1956428
168.750  0.006284583         4737  0.001703054        22324  0.000401786         7438  0.000134359      1976235
171.250  0.004176704         4555  0.000885914        21951 -0.002195085         7279  0.000262531      1995298
173.750  0.003022238         4444 -0.000560601        22164 -0.000782757         6831  0.000118081      2012864
176.250  0.001748139         4423 -0.000934707        22250  0.000962482         6843  0.000162170      2034785
178.750  0.000780127         4144 -0.000237972        22479  0.000332714         6733  0.000226325      2055705
181.250 -0.001366516         4082  0.000874887        22207 -0.001065016         6409  0.000187296      2080215
183.750  0.002684038         4146 -0.000366663        22283  0.000712810         6258  0.000361595      2098331
186.250  0.001381403         4077 -0.000316845        22412 -0.000522422         6298  0.000095537      2118988
188.750 -0.000151533         3993 -0.000234615        22864 -0.000086972         5918  0.000174795      2140381
191.250  0.004670885         3859 -0.000312773        22522 -0.000160011         5807  0.000242372      2161000
193.750  0.001817015         3891  0.000214961        22449 -0.003331313         5674  0.000000250      2184627
196.250 -0.001395296         3616 -0.000852308        22840  0.001614880         5436  0.000224924      2207640
198.750  0.002854901         3599 -0.000138982        22958  0.000811060         5168  0.000202589      2230817
201.250  0.001149263         3519  0.000959264        23147 -0.000867732         5040  0.000210029      2255589
203.750  0.001531110         3410  0.000528264        22057 -0.001334046         4945  0.000266279      2283417
206.250  0.000651946         3476  0.001345955        21562  0.000771567         4748  0.000152099      2310607
208.750  0.001156178         3287 -0.000916125        21104 -0.001777154         4603  0.000204260      2339349
211.250 -0.001054307         3233 -0.000056971        20395  0.002452751         4483  0.000191373      2367094
213.750  0.001906794         3222  0.000650529        20332 -0.001779942         4359  0.000124794      2390969
216.250  0.001777257         3204 -0.000572996        19667 -0.002499871         4185  0.000193423      2419055
218.750  0.006897065         3170 -0.001094761        18966 -0.000623558         4062  0.000046983      2443913
221.250  0.003039954         3168  0.000870611        18601 -0.000338353         3863  0.000032602      2471853
223.750  0.000818297         3130 -0.000711933        18356 -0.002022149         3797  0.000109157      2497595
226.250 -0.000442280         3072  0.000304468        17731 -0.002421631         3652 -0.000099588      2520863
228.750  0.006250957         3043 -0.000028540        17352 -0.003946978         3464  0.000028886      2545394
231.250 -0.001682203         3078 -0.000326898        16612  0.000373594         3382  0.000189495      2567751
233.750 -0.002024360         3074 -0.001292671        16508 -0.002228848         3243  0.000205692      2592942
236.250  0.003736225         3043 -0.001680196        16196 -0.001169831         3163  0.000210012      2612318
238.750  0.002122316         3089 -0.000444327        15315 -0.000938231         3036  0.000101793      2633780
241.250  0.003135982         3015 -0.000113382        14921 -0.001260309         2861  0.000009321      2650122
243.750  0.002471086         3035  0.000787776        14791  0.001407464         2842  0.000011602      2668721
246.250  0.001814322         3103  0.000607231        14390  0.005386255         2717  0.000048773      2685453
248.750 -0.003638858         3075 -0.001978517        14180  0.002602987         2604  0.000157469      2703805
251.250  0.002555686         2986  0.000115918        13644  0.007095218         2741  0.000106207      2721759
253.750  0.003484371         3044 -0.000343487        13182  0.001563541         2507  0.000065947      2733038
256.250  0.001295805         3055  0.000788055        12824 -0.002174744         2437  0.000022852      2744163
258.750 -0.000600802         2922  0.001180945        12534 -0.002641053         2399  0.000163621      2759371
261.250  0.000606403         3018  0.002604879        12252 -0.003618619         2295  0.000039644      2770068
263.750  0.001229833         3052  0.000054859        11891 -0.001438212         2184  0.000117862      2779886
266.250  0.001404933         3086  0.000432494        11581  0.000081604         2054  0.000107203      2790131
268.750 -0.000094380         3041 -0.001138860        11253 -0.006575771         1979 -0.000027787      2796364
271.250 -0.003547385         3125  0.000045916        11021 -0.003458554         1970  0.000008269      2808064
273.750  0.000441887         2983 -0.002612704        10655  0.000782396         1851 -0.000018747      2814349
276.250  0.003222691         3056  0.000102052        10372 -0.002974462         1850 -0.000047314      2815489
278.750 -0.000663465         3056 -0.001362237        10003  0.000301069         1790  0.000082171      2819162
281.250 -0.002087793         2984 -0.002059786         9933 -0.002215961         1670 -0.000047267      2821579
283.750  0.006869252         3037 -0.000824218         9575 -0.000415156         1677  0.000048670      2827756
286.250 -0.001901767         3074  0.000408697         9438  0.000850147         1590  0.000093446      2827686
288.750  0.003700055         2983 -0.000338288         9323 -0.001587447         1523  0.000079679      2824602
291.250 -0.001145214         3080  0.001561328         8924  0.000225907         1605  0.000124621      2828178
293.750  0.001294857         3036 -0.002474604         8757 -0.001275070         1437  0.000072606      2826645
296.250  0.002811212         3038  0.001097889         8619  0.001102599         1354  0.000170853      2822148
298.750  0.004236448         3026 -0.001798585         8101 -0.000214489         1326  0.000014022      2818241
301.250  0.000980193         3048  0.000353082         8030  0.001303098         1342  0.000114177      2820693
303.750  0.002691035         3058 -0.001232212         7902  0.006031584         1239  0.000091848      2813047
306.250  0.000509598         3002  0.000306165         7581 -0.003929072         1278  0.000143006      2807065
308.750 -0.001906211         2947  0.000199386         7443 -0.007827572         1247  0.000158336      2803374
311.250  0.000796544         3044  0.001464671         7416  0.005175635         1131  0.000090491      2794454
313.750  0.000800204         2937 -0.000205540         7004  0.000042037         1162  0.000136587      2785450
316.250 -0.001867509         2924 -0.001322166         6838 -0.002676710         1105 -0.000012659      2779432
318.750 -0.003503425         2877  0.001339051         6522  0.001930640         1031  0.000120195      2772347
321.250 -0.003093684         2892 -0.001199762         6514  0.006269871         1018 -0.000008289      2761054
323.750 -0.003521426         2872 -0.000045209         6142  0.003208939          991  0.000095123      2750336
326.250 -0.002062545         3005  0.001506751         6253  0.000315025          952  0.000170997      2739683
328.750 -0.002233763         2843 -0.001839222         5905  0.003439509          915  0.000057166      2731728
331.250 -0.000705184         2838  0.001502329         5804  0.003150693          870  0.000105830      2718762
333.750  0.002841183         2951  0.001219096         5669  0.003552387          845  0.000135452      2704168
336.250 -0.000287119         2914  0.000898148         5459  0.000242473          806  0.000086707      2693036
338.750 -0.001324731         2973  0.002299970         5435 -0.002479571          838  0.000079968      2678112
341.250 -0.003471925         2806 -0.000849183         5189  0.003352464          790  0.000061338      2663409
343.750 -0.001569334         2830  0.000775920         5137  0.007160241          721  0.000161206      2650601
346.250 -0.003525963         2709 -0.000350865         5016  0.001509069          700 -0.000036136      2633825
348.750  0.002168208         2706 -0.000334400         4831 -0.000825967          723  0.000063196      2620955
351.250  0.002768528         2797  0.002717180         4660  0.000492756          664  0.000090948      2601746
353.750 -0.002849165         2782  0.000539463         4613 -0.003081601          672 -0.000014785      2588316
356.250 -0.000025876         2746 -0.000513841         4559  0.005828801          658  0.000126217      2574255
358.750  0.001554354         2711  0.002992459         4393  0.004407660          613  0.000156292      2551888
361.250  0.001484288         2722 -0.001341097         4244  0.003722916          600  0.000015097      2539717
363.750  0.001495772         2670 -0.000849590         4245 -0.000535375          590  0.000208794      2523201
366.250  0.001440949         2653  0.002714550         4052  0.001418058          587  0.000104497      2505086
368.750 -0.003330599         2717 -0.000634432         4051  0.004490550          525  0.000047872      2484308
371.250 -0.004595423         2612  0.003037413         3857 -0.001621431          552  0.000016269      2468665
373.750 -0.000766177         2530 -0.002093476         3719  0.003410760          498  0.000077706      2448097
376.250  0.000831204         2561 -0.000435384         3623  0.001429331          493  0.000046809      2432908
378.750 -0.001704525         2592 -0.001145452         3633  0.003332969          485 -0.000054523      2411129
381.250  0.000310381         2505  0.004509124         3457 -0.003472062          438  0.000048088      2392117
383.750  0.001643909         2518  0.000178928         3444 -0.012198611          439  0.000196821      2368967
386.250  0.005409836         2449 -0.001625719         3276 -0.014450359          464  0.000042541      2354860
388.750  0.002335842         2489 -0.002055899         3162  0.004357505          461  0.000134437      2332515
391.250 -0.002804555         2325  0.002779943         3167  0.002954629          398 -0.000091594      2316916
393.750  0.003828350         2451  0.000426403         3004 -0.001907741          409  0.000094195      2295113
396.250 -0.002125142         2324  0.000151017         2904  0.005299585          399  0.000044587      2272283
398.750 -0.000109330         2407  0.003225446         2942 -0.004628302          398  0.000086044      2252202
401.250  0.000004176         2250 -0.003497110         2796 -0.004770220          362 -0.000053784      2231382
403.750  0.002128560         2359 -0.002856266         2792 -0.000939344          398  0.000084237      2210843
406.250  0.002459900         2329 -0.001312222         2664  0.006319901          359  0.000195935      2190383
408.750  0.001108694         2337  0.000138945         2564  0.001579493          321  0.000120799      2171434
411.250 -0.002624663         2308 -0.000331698         2588  0.007492307          346  0.000120261      2151166
413.750 -0.006810259         2216 -0.002039367         2468 -0.007334941          335  0.000036362      2126189
416.250  0.003214271         2218 -0.002474619         2409  0.009139147          331  0.000177479      2108265
418.750  0.001224709         2315  0.002757449         2451 -0.008595522          295  0.000019883      2086217
421.250  0.002321769         2144 -0.001466636         2242  0.006256647          299  0.000145497      2067410
423.750 -0.003499132         2106 -0.001634918         2258 -0.003747936          313  0.000062349      2044973
426.250 -0.000055731         2192  0.001405448         2254  0.007604320          265  0.000050746      2025473
428.750  0.004649958         2078 -0.003707130         2135  0.000934475          278  0.000058096      2003985
431.250  0.000928019         2073  0.004171126         2095 -0.010762544          249  0.000042515      1983273
433.750  0.000359791         2081  0.001008399         2060  0.002374559          273  0.000006394      1961667
436.250  0.004901949         1997 -0.000763443         2022 -0.008854015          239  0.000041251      1940217
438.750 -0.004904172         1985 -0.006101870         1937 -0.003568949          251  0.000054382      1918569
441.250  0.002211045         2043  0.005491476         1885 -0.007149490          208  0.000148280      1900120
443.750  0.003012928         1985  0.002836188         1813 -0.003802333          205  0.000210459      1877806
446.250  0.001865554         1995  0.004450737         1834  0.001704094          208  0.000054805      1857910
448.750  0.002478783         1938 -0.000041451         1704 -0.019390403          237  0.000073829      1838580
451.250 -0.003725097         1932  0.002724922         1739 -0.008992358          210 -0.000035178      1816895
453.750  0.004261769         1933 -0.001379739         1643 -0.004651213          196  0.000068072      1796474
456.250 -0.002091990         1830 -0.001604690         1606  0.001199398          189  0.000121683      1777193
458.750  0.001067935         1863  0.005356830         1513 -0.009572510          193 -0.000062854      1754380
461.250  0.001838946         1717  0.002587241         1594 -0.006290883          180  0.000126862      1735882
463.750  0.000967949         1807  0.003431104         1495 -0.004629387          188 -0.000012336      1716191
466.250 -0.001724856         1840  0.001062372         1458  0.001382341          198  0.000105327      1696117
468.750 -0.001248151         1733  0.001208350         1381 -0.009943254          186  0.000092336      1672106
471.250  0.000100424         1706 -0.004657583         1398 -0.002055847          155  0.000191748      1654344
473.750  0.002213389         1770 -0.000974932         1344  0.000280824          161  0.000112790      1636194
476.250  0.001212258         1709  0.001828305         1280 -0.016820234          152  0.000023155      1615711
478.750 -0.001558793         1696  0.006625161         1245  0.005398682          152 -0.000098206      1596554
481.250  0.003758430         1709  0.000579023         1298 -0.004546517          154 -0.000106452      1579605
483.750 -0.001479844         1651  0.001803320         1244 -0.010222579          144 -0.000065979      1557787
486.250  0.001188741         1641 -0.002420004         1167  0.002198091          132  0.000110650      1537094
488.750  0.002525597         1635  0.000451868         1099 -0.002613818          139  0.000087063      1519231
491.250  0.000359445         1519  0.002616987         1130  0.019712925          126  0.000068381      1499312
493.750  0.008577921         1499 -0.000368830         1137  0.002027029          121  0.000063942      1484584
496.250  0.002849880         1564 -0.001006085         1084  0.004946743          130  0.000092172      1464818
498.750  0.003875380         1477  0.006436469          981 -0.006692687          122  0.000026625      1443805
