#   q     Cout       Nout      Cside       Nside       Clong        Nlong
  1.250  0.053187648        22904  0.085643009        21332  0.085591448        21874  0.550743276          810
  3.750  0.043981431        22655  0.054823402        21530  0.052066010        21784  0.187962080         5393
  6.250  0.037636246        21496  0.034028962        21470  0.031054031        21730  0.076547750        14700
  8.750  0.032481828        21220  0.022114699        21581  0.023810920        21451  0.042133060        27785
 11.250  0.027427170        20502  0.014734765        21449  0.014633987        21135  0.025522617        44965
 13.750  0.023169105        20146  0.009776418        21561  0.011489056        20949  0.017332154        65809
 16.250  0.023362613        19529  0.005969316        21554  0.007908407        21071  0.011976194        89405
 18.750  0.020866344        19104  0.004075439        21267  0.007434828        20587  0.009098743       116036
 21.250  0.016604085        18658  0.002424189        21543  0.005576875        20349  0.006574749       145485
 23.750  0.015667234        18057  0.002008846        21329  0.006174234        20079  0.004837553       176904
 26.250  0.015304763        17922  0.002323338        21936  0.003796282        19761  0.004010499       210332
 28.750  0.013946972        17322  0.002844024        21529  0.001930310        19717  0.003369557       246169
 31.250  0.012859285        16616  0.004064269        21497  0.000119426        19466  0.002700378       282374
 33.750  0.011214992        16525  0.000505066        21258  0.000297375        19710  0.002376129       320692
 36.250  0.011472913        16030 -0.000053812        21333  0.001015941        19088  0.001512417       361030
 38.750  0.009644614        15802  0.003310285        21600  0.002196702        18903  0.001706872       400526
 41.250  0.008554344        15347  0.000621858        21513  0.001188228        18635  0.001786921       440823
 43.750  0.009027635        15078  0.001250015        21580  0.003060045        18405  0.001379407       482015
 46.250  0.007187138        14612  0.001646300        21362  0.001160951        18276  0.001271606       521341
 48.750  0.008752772        14368  0.000674907        21410 -0.001087822        17815  0.000827613       563310
 51.250  0.009150405        13929  0.001516388        21493 -0.000031403        17822  0.001199636       607398
 53.750  0.006608963        13508  0.000736926        21396 -0.001307689        17439  0.000795361       648209
 56.250  0.009515628        13079  0.001774457        21572 -0.000030501        17232  0.000638911       689095
 58.750  0.007551078        12706  0.002352647        21670  0.001590346        16947  0.000872434       730482
 61.250  0.005381547        12448 -0.000001704        21355  0.001324475        16530  0.000716837       771087
 63.750  0.007973637        12325  0.000131194        21503 -0.000544059        16767  0.000571326       810734
 66.250  0.005249717        11962  0.001808613        21742 -0.001308585        16439  0.000629556       849834
 68.750  0.002924849        11698  0.000577218        21648  0.001267276        16112  0.000490487       889355
 71.250  0.005992210        11376 -0.000693526        21650  0.002311048        15693  0.000485959       927275
 73.750  0.003648273        10866 -0.000651239        21664  0.002169207        15675  0.000757199       966698
 76.250  0.004549497        10777 -0.000086564        21581  0.000452658        15430  0.000414329      1004479
 78.750  0.004319072        10710 -0.000318679        21733 -0.001482555        15183  0.000546045      1039585
 81.250  0.004308241        10373  0.001405865        21477 -0.001251390        14965  0.000145921      1073171
 83.750  0.005902110        10021  0.000369658        21562 -0.001772620        14563  0.000492118      1111275
 86.250  0.001035408         9794  0.000082266        21446  0.003035344        14371  0.000364186      1142773
 88.750  0.004181963         9672 -0.000547198        21625  0.002792943        14419  0.000305400      1177778
 91.250  0.002062847         9306 -0.001429015        21617  0.002863590        14101  0.000303813      1209312
 93.750  0.003820423         9119  0.000149239        21739  0.000658344        13775  0.000540594      1241331
 96.250  0.000649345         8922  0.001159727        21677  0.000311166        13490  0.000562362      1274362
 98.750  0.004602952         8628  0.001184122        21614 -0.000476972        13345  0.000431022      1303982
101.250  0.004135870         8563 -0.000547538        21550  0.000088734        13191  0.000166091      1333072
103.750  0.005255539         8308  0.000891366        21699  0.002505901        12665  0.000251814      1362431
106.250  0.005689431         8022  0.001774676        21804  0.001185013        12533  0.000363947      1390388
108.750  0.000893109         7958  0.002142706        21634 -0.000865311        12161  0.000296385      1419552
111.250  0.001601776         7886 -0.000324395        21780 -0.000070300        12176  0.000111770      1446074
113.750  0.001884890         7624 -0.001031855        22050  0.000764170        12021  0.000222736      1475572
116.250  0.002825652         7491  0.000051518        21787 -0.001357628        11686  0.000083541      1501048
118.750  0.003554376         7218  0.001042071        21889  0.000823153        11692  0.000435270      1528203
121.250  0.005721891         7028  0.001925561        21908 -0.002304205        11264  0.000099762      1553309
123.750  0.005001769         6906 -0.001267461        21819  0.003476660        11117  0.000132993      1578776
126.250  0.002204895         6709 -0.000680308        21843 -0.000530628        10919  0.000162298      1603694
128.750  0.001294832         6627  0.000448145        21723  0.000685293        10589  0.000253046      1625808
131.250  0.000914171         6376 -0.001081136        22083 -0.000719190        10214 -0.000090472      1648442
133.750  0.000256592         6335 -0.001062472        22004  0.001114042        10499  0.000312398      1672050
136.250  0.001696224         6191 -0.000427861        21800  0.000940161        10071  0.000110432      1696630
138.750  0.004703384         6050  0.001586782        21942  0.000418974         9738  0.000234033      1718628
141.250  0.002437824         5993  0.000334549        21825  0.000387742         9608  0.000250489      1742070
143.750  0.003708802         5726  0.000450941        22120 -0.000583999         9390  0.000156369      1762775
146.250  0.000342709         5604  0.001318864        22175  0.001246271         9151  0.000210886      1785755
148.750  0.002657203         5660  0.001142179        21783  0.000014168         8859  0.000168837      1806862
151.250  0.003406350         5301 -0.000346339        21818  0.000839254         8756  0.000230449      1829886
153.750  0.002868565         5243 -0.000621377        22236  0.001443803         8706  0.000243703      1848700
156.250  0.003026574         5202  0.000249373        22219  0.002238058         8264  0.000157963      1872530
158.750  0.003623512         4967  0.001055103        22116 -0.001231767         8263  0.000106673      1893950
161.250  0.001834989         4958 -0.000022726        22076 -0.000389319         8012  0.000243390      1913633
163.750  0.007431496         4799  0.000043999        22090  0.000736689         7868  0.000271498      1935264
166.250  0.001648479         4699  0.001062800        22450  0.000130588         7644  0.000202559      1954740
168.750  0.002859312         4477  0.001448329        21967  0.003950482         7410  0.000049714      1974243
171.250 -0.001568146         4519  0.001108628        22039  0.001066698         7201  0.000130824      1996433
173.750 -0.000735442         4290 -0.000254043        22374  0.003728011         7046  0.000127051      2014954
176.250  0.004688024         4324 -0.001121693        22200 -0.002957958         6782  0.000138513      2036715
178.750 -0.000531496         4284  0.001521636        22268 -0.002835922         6771  0.000190949      2055181
181.250  0.005112819         4055  0.000576510        22373 -0.001854179         6461  0.000200021      2077330
183.750  0.003431304         4035 -0.000800301        22751 -0.000303800         6245 -0.000197910      2099869
186.250 -0.000599466         3984 -0.000686497        22623  0.002701453         6192  0.000106953      2119638
188.750  0.002117251         3815 -0.000450092        22528  0.002558282         5954  0.000238898      2140118
191.250  0.003972356         3829 -0.000387811        22722 -0.000400204         5754  0.000189513      2161158
193.750 -0.001620107         3667  0.001160942        22419 -0.002428177         5614  0.000102602      2186141
196.250  0.003718653         3664 -0.000524708        22746 -0.001509897         5370  0.000097286      2207834
198.750  0.003455267         3532 -0.000170398        23147  0.000190325         5284  0.000116546      2231754
201.250  0.005387774         3419  0.000245152        22666  0.000690368         5146  0.000122211      2253389
203.750 -0.000435329         3391 -0.000006140        22656  0.003575057         4866  0.000164028      2283095
206.250  0.005583640         3332  0.000221758        21727 -0.000419893         4729  0.000014943      2310508
208.750  0.005572924         3329  0.000397461        21269 -0.001260556         4615  0.000089657      2338566
211.250 -0.000957260         3322  0.002062488        20713 -0.001433596         4462  0.000126557      2361214
213.750  0.005918277         3173  0.001611181        20066 -0.001742342         4408  0.000148011      2393643
216.250 -0.000761954         3113 -0.001315889        19627 -0.002963301         4285  0.000269875      2421657
218.750  0.001229596         3215  0.000091073        19400 -0.001596122         4019  0.000027341      2443765
221.250  0.001803435         3188 -0.001006117        18582  0.000360678         3960  0.000062806      2470830
223.750  0.002082726         3125 -0.000012267        17930 -0.000524069         3754  0.000085346      2499039
226.250  0.001192493         3150  0.000975855        17671 -0.002156377         3613  0.000064918      2520825
228.750  0.002028911         3090  0.000022609        17283  0.000374983         3537  0.000129103      2549242
231.250  0.002096234         3003 -0.000887183        17033 -0.000014933         3409  0.000115106      2568834
233.750  0.003450718         3043  0.000797748        16377  0.001604310         3277  0.000255076      2595560
236.250  0.001023813         3243 -0.000441953        16053 -0.001794348         3088 -0.000002315      2613864
238.750  0.007886491         3174 -0.000488897        15506  0.001566711         3016  0.000022526      2631815
241.250  0.002852652         3159 -0.000134016        15119  0.001358153         3004  0.000189362      2650396
243.750 -0.000113201         2984  0.000949376        14650 -0.001841754         2792 -0.000011858      2669232
246.250 -0.001072896         3123 -0.000396146        14352  0.000928237         2772  0.000155795      2685322
248.750 -0.000141143         3091  0.000748456        14198  0.000465344         2671  0.000119169      2703819
251.250  0.001213245         3081 -0.000356886        13729  0.002260096         2454  0.000211616      2717985
253.750 -0.003087953         3008  0.001324959        13129 -0.000067128         2479  0.000079591      2731816
256.250 -0.000508489         2997 -0.000261465        13107  0.000894445         2383  0.000060698      2749645
258.750 -0.002234944         2997  0.002465405        12375 -0.000365435         2359  0.000153578      2758446
261.250 -0.002138906         3184  0.000263895        12179 -0.000590566         2306  0.000189045      2770058
263.750  0.001859458         3043 -0.002941721        11967  0.004449432         2152  0.000164763      2780896
266.250  0.001112690         3056  0.000506470        11451 -0.000791528         2144  0.000078997      2792589
268.750  0.001958832         3094 -0.000462819        11275 -0.000319419         1988  0.000046209      2797790
271.250  0.006939341         3036 -0.000922641        10803  0.003217395         1983  0.000117096      2804350
273.750  0.001601453         3063  0.001686687        10668 -0.001141963         1837  0.000075778      2810038
276.250 -0.003792456         3030  0.001410034        10416 -0.002649796         1899  0.000275541      2814994
278.750 -0.001162768         2927  0.001715615        10255 -0.007143657         1667  0.000100084      2820210
281.250  0.001587522         2998 -0.000800035         9880 -0.004468114         1742  0.000098040      2822854
283.750  0.002040142         2933 -0.000202587         9577 -0.002279073         1610  0.000143740      2825973
286.250  0.002096312         3079  0.001288511         9339  0.007477745         1593  0.000149561      2827165
288.750  0.000507376         3024  0.002362596         9228  0.004512685         1587  0.000079901      2829468
291.250  0.000767399         3102  0.002415799         8966 -0.001274442         1499  0.000070673      2827246
293.750  0.003639727         3003 -0.000409427         8616  0.003367292         1489  0.000089231      2824943
296.250  0.000982237         3046  0.000172059         8364  0.003555894         1419 -0.000150684      2826952
298.750 -0.001203949         3027 -0.001194808         8305  0.003789026         1318  0.000110283      2824022
301.250  0.001876534         2952 -0.000587666         8179 -0.001353548         1353  0.000040043      2814751
303.750 -0.004357958         2895 -0.000015911         7892 -0.003173870         1211  0.000094330      2812365
306.250 -0.001072007         2954 -0.000209461         7604  0.003811552         1190  0.000168760      2805374
308.750 -0.000427183         2986  0.000002232         7381 -0.005077455         1187  0.000184161      2801532
311.250  0.000170577         3036  0.000170622         7232  0.000248402         1174  0.000196762      2794595
313.750 -0.002381274         2953  0.001843397         7032 -0.003566406         1147  0.000005246      2790072
316.250 -0.000657206         2923  0.000460648         6766 -0.007863171         1101  0.000111438      2780622
318.750  0.000980785         2959  0.002060615         6766  0.002482562         1104 -0.000016621      2771203
321.250  0.001812317         2960 -0.000504402         6565  0.002364038         1061  0.000238336      2762938
323.750  0.002862060         2916 -0.000084873         6230 -0.000834147          964  0.000215243      2750012
326.250  0.004639941         2930  0.001256389         6158  0.001021866          933  0.000205975      2739346
328.750  0.001076659         2983  0.000636125         5959  0.000458905          854  0.000005745      2728834
331.250  0.001956358         2880  0.000125784         5876 -0.004023544          884  0.000054654      2717987
333.750 -0.001112793         2778 -0.000854021         5720 -0.001432708          866  0.000131229      2703751
336.250 -0.002421372         2818  0.001047402         5568  0.005523374          840  0.000100243      2690022
338.750  0.003482929         2836  0.000897683         5512 -0.004913353          812  0.000112518      2677328
341.250  0.000734759         2758  0.000491079         5307  0.002877295          773  0.000168864      2662227
343.750 -0.001005953         2751  0.002190628         5210 -0.005245628          787 -0.000081206      2652361
346.250 -0.000614774         2696  0.003835529         5099  0.004602742          729  0.000002326      2640663
348.750 -0.001089437         2749 -0.001003799         4835 -0.000389005          741  0.000060470      2619732
351.250 -0.004397910         2726  0.000515046         4792 -0.001610613          678  0.000096120      2607310
353.750  0.002667633         2785 -0.002091122         4689  0.001824451          661  0.000036286      2586811
356.250 -0.001597746         2714 -0.001027486         4480 -0.000936523          650  0.000323593      2575251
358.750  0.004038359         2683 -0.000238384         4256  0.002376111          669  0.000010567      2557011
361.250 -0.000740185         2646  0.001997390         4294 -0.007024384          577  0.000164910      2537989
363.750 -0.000557755         2616  0.001875964         4169  0.006763835          589 -0.000018224      2521057
366.250  0.000255480         2689 -0.001224837         4112  0.004095236          550  0.000033964      2503373
368.750 -0.000728488         2656 -0.000630297         3907  0.006519122          527  0.000053682      2483914
371.250 -0.000670141         2640  0.000834601         3761 -0.002982674          510  0.000089152      2469894
373.750 -0.000238715         2543 -0.000230159         3822  0.004342402          496  0.000080243      2448298
376.250 -0.001601137         2613  0.003479406         3691 -0.006758911          488  0.000095735      2431379
378.750  0.001653505         2676  0.000130688         3546  0.005542433          484 -0.000040631      2413987
381.250  0.002566618         2599  0.001823382         3513  0.002559223          498  0.000113195      2390540
383.750 -0.000168708         2491  0.000144774         3476  0.008012445          428  0.000074854      2372254
386.250  0.000582501         2481 -0.003087582         3354  0.001388472          441  0.000022103      2352952
388.750  0.001441296         2443  0.002192489         3326 -0.002578339          429  0.000108423      2331985
391.250  0.001205745         2392  0.001353906         3218  0.006091337          421  0.000042473      2312397
393.750  0.005898985         2449 -0.001010979         3029 -0.004878481          444  0.000035448      2292539
396.250  0.003214934         2336 -0.002022725         2938  0.006907482          396  0.000111100      2273803
398.750 -0.004372819         2376  0.003549432         2990  0.009424274          377 -0.000027603      2253700
401.250 -0.002654410         2402 -0.002365659         2834  0.001677647          353  0.000080959      2233418
403.750  0.005850084         2318 -0.001263746         2855  0.003613790          352  0.000246477      2209828
406.250 -0.002234452         2302  0.005198302         2603  0.014401545          342 -0.000029202      2190936
408.750 -0.002938072         2290 -0.001578209         2694 -0.000195729          347  0.000095081      2169901
411.250  0.001160588         2213  0.000591396         2580  0.007489326          320  0.000110129      2148370
413.750 -0.000520741         2230  0.005421607         2500  0.006501621          306  0.000143534      2127119
416.250  0.001912424         2267 -0.001101076         2410  0.000050119          274  0.000052214      2108965
418.750  0.001597418         2214  0.001142661         2355 -0.001334850          331  0.000037852      2088778
421.250  0.003746546         2193 -0.000518370         2341  0.002791229          320  0.000112126      2065826
423.750  0.002770416         2155 -0.002009352         2146 -0.006499863          286  0.000037298      2047180
426.250 -0.001989405         2068  0.001113723         2215  0.024760301          289  0.000123516      2024039
428.750 -0.002939711         2018 -0.002015268         2086  0.001116609          261  0.000098468      2005946
431.250  0.004756624         2041 -0.001751305         2031  0.010138758          229  0.000065222      1982603
433.750  0.002301034         2036  0.002790627         2003  0.011918985          271  0.000026992      1963703
436.250 -0.001799847         2087  0.000877009         1957  0.006720169          232  0.000071643      1940514
438.750  0.003797609         1986 -0.004087965         1903  0.005491798          223  0.000051364      1920541
441.250 -0.002405026         1898  0.001131327         1863  0.004249924          226  0.000007447      1899785
443.750 -0.001946614         2028 -0.000421853         1834 -0.002490935          247  0.000007077      1878307
446.250 -0.004853376         1911  0.003463196         1786 -0.005161423          217  0.000097961      1858479
448.750  0.001012704         1974 -0.000416937         1733  0.014265125          221  0.000099038      1837484
451.250  0.001697809         1884 -0.000524369         1718 -0.004125990          234  0.000118330      1818319
453.750  0.000050122         1986  0.001070568         1674 -0.000310429          187 -0.000120943      1796058
456.250  0.003005077         1920  0.007252547         1638  0.000853535          222 -0.000070163      1775877
458.750 -0.002146245         1861  0.002620681         1561 -0.000366426          173 -0.000003844      1755710
461.250 -0.003930425         1852 -0.007460567         1542  0.018367960          207 -0.000009292      1735235
463.750 -0.001578171         1842  0.002579804         1529 -0.000132747          161 -0.000035500      1717582
466.250  0.000639112         1794 -0.003390484         1503 -0.007222454          193 -0.000035078      1696143
468.750 -0.002588496         1745 -0.005984752         1400  0.005064395          169  0.000029068      1674945
471.250 -0.003367393         1741 -0.001920860         1396  0.011293173          149  0.000109304      1654365
473.750  0.000793492         1712 -0.002410956         1323 -0.014362268          169 -0.000012835      1635204
476.250  0.004120948         1708 -0.001509966         1337 -0.007559140          146  0.000121890      1618731
478.750  0.002067621         1663  0.001557635         1297  0.011805037          140  0.000039547      1597029
481.250  0.002579873         1612  0.005852442         1247 -0.011406511          130  0.000207056      1578255
483.750 -0.003329433         1650 -0.002686133         1238 -0.017786284          161  0.000063892      1556916
486.250  0.001493292         1701 -0.003268900         1187  0.002023650          134  0.000057638      1538166
488.750 -0.000842075         1561 -0.001776177         1143  0.004853287          141  0.000005862      1520021
491.250 -0.001217140         1584 -0.009892283         1080  0.013480752          119  0.000077716      1500493
493.750 -0.004327845         1522  0.001516884         1146  0.016292005          141  0.000146559      1484004
496.250  0.001858667         1542  0.002649812         1084 -0.015794413          106  0.000157370      1464856
498.750 -0.005163782         1581  0.001746471         1049  0.007203084           78 -0.000058065      1446212
