#   q     Cout       Nout      Cside       Nside       Clong        Nlong
  1.250  0.055122286        22875  0.093708634        21626  0.091035277        21995  0.627839403          814
  3.750  0.047939519        22333  0.056334621        21547  0.053999708        22071  0.195576075         5554
  6.250  0.037751549        21668  0.031808098        21245  0.032764819        21472  0.079813870        14757
  8.750  0.033006344        21233  0.021957110        21671  0.023235911        21354  0.043392817        28100
 11.250  0.027932485        20783  0.015449856        21559  0.015033007        21261  0.025261015        45168
 13.750  0.025635755        20283  0.010489464        21527  0.011292913        21022  0.018165835        65434
 16.250  0.022803496        19375  0.007158610        21439  0.008422333        20445  0.012195807        89280
 18.750  0.020507643        19084  0.004254689        21392  0.007673052        20424  0.008860341       115713
 21.250  0.017646651        18937  0.004383634        21365  0.004223976        20543  0.006990564       144920
 23.750  0.015018888        18117  0.002495030        21321  0.004673900        20354  0.004886718       176644
 26.250  0.016189257        17852  0.003963803        21026  0.001887807        20041  0.004015827       210093
 28.750  0.013801086        17252  0.002821736        21689  0.001188195        19866  0.003047279       245953
 31.250  0.012422478        16824  0.001997349        21473  0.000995763        19557  0.002554731       283117
 33.750  0.011692233        16506  0.002817321        21439  0.000681415        19086  0.002360507       322068
 36.250  0.012145367        15953  0.000562525        21455  0.001750049        19012  0.001758255       359086
 38.750  0.014042317        15590  0.000218373        21684  0.002012773        18750  0.001583167       400283
 41.250  0.008884392        15231  0.001891833        21281  0.003519796        18603  0.001080647       440755
 43.750  0.009649283        14871  0.000860094        21491  0.000556508        18425  0.001393178       481405
 46.250  0.008244266        14513  0.000845842        21671  0.004131984        17919  0.001176416       524480
 48.750  0.008471291        13998  0.001184097        21531  0.000567463        18065  0.001155543       563331
 51.250  0.008324325        13971  0.000825973        21787  0.000874866        17798  0.001216990       606193
 53.750  0.008954504        13417  0.000103366        21602  0.003071523        17446  0.000830133       649555
 56.250  0.006830139        13147  0.000633744        21703 -0.000532033        17463  0.000594550       689917
 58.750  0.005618754        12991 -0.000406225        21675  0.000565262        16973  0.000885853       730417
 61.250  0.006067121        12681 -0.000218377        21601  0.000467606        16910  0.000658343       771147
 63.750  0.007383918        12425  0.001678277        21663  0.001878745        16696  0.000308710       810907
 66.250  0.007927313        11785  0.000420106        21720  0.001033393        16408  0.000791179       850831
 68.750  0.006387571        11834  0.001045124        21616  0.001303259        16133  0.000589790       890410
 71.250  0.003067612        11386 -0.000350089        21891  0.000963311        15579  0.000447452       928204
 73.750  0.004404183        10967  0.001283740        21557 -0.000804194        15668  0.000401804       964987
 76.250  0.006780489        10805  0.000410821        21641  0.001965962        15587  0.000574787      1005881
 78.750  0.005204784        10427  0.001568204        21670  0.000928415        15300  0.000405764      1038915
 81.250  0.004922084        10330  0.000094976        21849 -0.000037103        15165  0.000592431      1075539
 83.750  0.003290865        10027  0.000144252        21624  0.001360597        14686  0.000380467      1110348
 86.250  0.002680459         9850  0.001019021        21487 -0.002696123        14494  0.000372667      1142165
 88.750  0.005008976         9645  0.000164086        21490  0.000288217        14379  0.000332770      1177144
 91.250  0.003254180         9403 -0.000664610        21664 -0.000236021        14039  0.000370616      1209747
 93.750  0.003725669         9297  0.001173152        21735  0.000229655        13679  0.000403606      1241859
 96.250  0.004566630         9047 -0.001909400        21806 -0.000324370        13474  0.000044542      1272736
 98.750  0.001126097         8816 -0.000198934        21599  0.002041486        13402  0.000297112      1303587
101.250  0.003423987         8578  0.000591146        22052  0.001631155        13126  0.000366926      1333673
103.750  0.004200417         8293  0.000009302        21633 -0.000804408        13053  0.000403899      1362473
106.250  0.005370446         8026 -0.000083519        21744  0.001324709        12649  0.000322291      1390001
108.750  0.000562516         8020  0.000140365        21679  0.001615633        12565  0.000096978      1421665
111.250  0.002682216         7726  0.001088830        21799  0.001078420        12329  0.000286754      1447176
113.750  0.000969301         7542  0.000143202        21897  0.000429825        12029  0.000223313      1471356
116.250  0.002986440         7411 -0.000063189        21846 -0.002117851        11879  0.000270161      1499715
118.750  0.004051550         7263 -0.000410094        21768  0.003213023        11683  0.000221340      1527379
121.250  0.002330811         7036 -0.000365082        21652  0.002268600        11457  0.000346958      1552353
123.750  0.001662823         6782 -0.000059066        22129 -0.001781422        11156  0.000262322      1577231
126.250  0.002985916         6794 -0.001747322        21836  0.000343074        10799  0.000119548      1600322
128.750  0.002378436         6659  0.001415499        21845  0.000075246        10535  0.000361288      1626689
131.250  0.000861036         6533  0.000272322        22052  0.000718691        10215  0.000288766      1648990
133.750 -0.000820199         6265 -0.000254139        22018  0.001354737        10185  0.000073483      1674729
136.250  0.004629465         6107 -0.000908834        22099  0.002072100         9927  0.000333518      1697350
138.750  0.004841398         6201  0.000611857        21993  0.001006870         9749  0.000221416      1720538
141.250  0.004064384         5862  0.000264765        22015 -0.001512698         9808  0.000217698      1741395
143.750  0.002468970         5758  0.000443010        21877  0.000433533         9283  0.000170642      1763794
146.250  0.001023467         5645 -0.000211075        22050 -0.000973678         9236  0.000234517      1786887
148.750  0.001913607         5545  0.000331171        22241 -0.001592268         8995  0.000193672      1808193
151.250  0.002493214         5458 -0.000702504        22324  0.000828916         8769  0.000361483      1830233
153.750  0.002775356         5338  0.001761327        22084  0.000152023         8648  0.000236532      1850040
156.250 -0.001208715         5149  0.000579224        21985  0.000776065         8254  0.000156719      1872725
158.750 -0.002129373         5105  0.000341487        22181  0.002161127         8054  0.000161056      1892332
161.250  0.004150441         4850 -0.000134826        22128  0.000937987         7844  0.000222697      1913933
163.750  0.003066307         4913 -0.000268123        22380 -0.000927150         7762  0.000052013      1935949
166.250 -0.000642680         4652  0.001598741        22082 -0.001987143         7572  0.000163646      1953371
168.750  0.002408149         4608  0.000392980        22453  0.001096103         7323  0.000066438      1974035
171.250  0.003875295         4628 -0.000888645        22139 -0.002002790         7212  0.000309449      1994647
173.750 -0.001489651         4380 -0.002529571        22410 -0.000775536         6933  0.000247032      2014230
176.250  0.000714998         4389  0.000743547        22475 -0.003520263         6872  0.000264766      2037124
178.750  0.001877369         4260 -0.000708627        22275 -0.000432037         6722  0.000175831      2057583
181.250  0.001429416         4090 -0.000506195        22541  0.002331284         6452  0.000110114      2078296
183.750  0.001037061         4104 -0.000127386        22649 -0.000096272         6209  0.000309444      2099005
186.250 -0.000787944         3875 -0.001180101        22612 -0.001346042         6149  0.000027170      2120148
188.750  0.002054942         3933 -0.000114631        22507 -0.002567255         5914  0.000189801      2142228
191.250  0.002872564         3705 -0.000155886        22636  0.000740814         5809  0.000323927      2162441
193.750  0.004749745         3775  0.000292024        22713  0.002509227         5570  0.000287424      2185675
196.250  0.001665302         3593 -0.001489898        22933 -0.000660564         5440  0.000054439      2206376
198.750  0.004236391         3526 -0.001013368        22787 -0.000159681         5308  0.000141521      2231168
201.250  0.003545462         3438 -0.000224442        22989  0.002679728         5128  0.000081115      2256322
203.750  0.003213050         3375 -0.000973673        22230  0.001454271         4955  0.000170565      2282953
206.250  0.004798613         3369 -0.001647349        21660  0.001435103         4725  0.000041527      2308196
208.750  0.005224452         3283 -0.002652504        21061  0.001971112         4629  0.000068412      2335079
211.250  0.001598937         3246  0.001381430        20555  0.003408942         4529  0.000145515      2365408
213.750  0.000030576         3254  0.000042983        20156 -0.000350344         4304  0.000136409      2391979
216.250 -0.000163821         3133 -0.000936226        19532  0.001923759         4201  0.000000302      2419296
218.750 -0.002046927         3193  0.000532927        19061  0.000598019         3978  0.000109968      2446982
221.250 -0.001448373         3166  0.000326900        18705  0.000082697         3913  0.000174205      2471913
223.750  0.000204358         3048 -0.000433063        18224  0.003792227         3705  0.000240960      2497313
226.250  0.004638241         3046 -0.000183933        17679 -0.000411476         3533  0.000061724      2521906
228.750  0.004134772         3123  0.000115827        17267  0.001972311         3525 -0.000093467      2541584
231.250  0.002290809         2946  0.001149337        16681  0.002078734         3379  0.000144414      2569240
233.750 -0.000188118         3096  0.000843776        16308  0.000922735         3266  0.000030895      2589475
236.250  0.002088015         3063  0.001410007        16075  0.000491519         3179  0.000188570      2612382
238.750 -0.003574394         3070  0.003180497        15541 -0.004763595         2990  0.000113950      2630076
241.250  0.002804291         2993 -0.002128182        15274 -0.004108474         2957  0.000096710      2649897
243.750  0.000343614         3023  0.000220189        14680 -0.001644647         2827  0.000031963      2671862
246.250  0.002316487         3024 -0.000323154        14217  0.000608758         2734  0.000151618      2689688
248.750 -0.000948095         2964  0.001304884        13896 -0.000210460         2685  0.000178619      2700979
251.250 -0.000031116         3024  0.001488014        13847 -0.002423338         2544  0.000047521      2717696
253.750  0.003562040         3068 -0.000123589        13198  0.001584549         2501  0.000205749      2732531
256.250  0.003328315         3046 -0.001528985        12838 -0.001785300         2360  0.000139990      2744525
258.750  0.000106360         2986  0.002376549        12492  0.002674160         2357  0.000188771      2760007
261.250  0.000717297         3027 -0.000744296        12259  0.001853167         2192  0.000066424      2769957
263.750  0.000903959         3154 -0.000951492        12012  0.003583186         2146 -0.000016162      2779481
266.250 -0.003175906         3083  0.001950448        11601  0.000486584         2113  0.000133660      2787869
268.750  0.000493863         3037  0.001531110        11380  0.003468939         2004  0.000223185      2795583
271.250  0.000699374         3005  0.001791361        10932 -0.000143034         1959  0.000015012      2801892
273.750  0.000045987         2996 -0.001364443        10672 -0.001615238         1909  0.000277818      2812008
276.250  0.002930968         3019 -0.000582675        10436 -0.001432397         1872  0.000196188      2816852
278.750 -0.000220465         2988 -0.000180803        10096 -0.000093127         1763  0.000078533      2818076
281.250 -0.002464923         3128  0.001618235         9939  0.003581220         1794  0.000133697      2824658
283.750 -0.003575632         3035 -0.001371857         9725  0.004726337         1643  0.000042136      2826734
286.250  0.002186720         3071 -0.000340161         9581  0.001793532         1555  0.000201473      2826397
288.750  0.003923507         3116  0.001544402         9342 -0.001194524         1571  0.000083807      2828011
291.250  0.005088409         2916 -0.000045221         8981  0.003409047         1499  0.000071863      2827993
293.750 -0.002529459         3114 -0.000859478         8544 -0.007132166         1471  0.000048252      2824869
296.250 -0.003406468         3020 -0.000550889         8489 -0.001069523         1436 -0.000025955      2825056
298.750  0.002365878         2954  0.002595760         8276 -0.006446098         1344  0.000158381      2820916
301.250 -0.000005576         3015 -0.000362929         7864  0.002125052         1351  0.000020403      2816531
303.750 -0.003496172         3018  0.000082337         8011  0.003205741         1234 -0.000060589      2814064
306.250  0.000941215         2945 -0.001062631         7631  0.003243469         1177  0.000111942      2808031
308.750  0.000888037         2969  0.001730423         7507  0.001654210         1225  0.000086419      2803903
311.250 -0.001378702         2993  0.001775437         7228  0.006612342         1177  0.000125404      2795533
313.750 -0.002821436         2882 -0.001859586         7138 -0.000050620         1105  0.000166153      2786758
316.250 -0.006235611         2863 -0.001798015         6703  0.003235328         1026  0.000059502      2779078
318.750  0.003941464         3003 -0.000558793         6848 -0.001356419         1031 -0.000016161      2774139
321.250  0.001080955         2924 -0.001608056         6592 -0.000325876         1018  0.000156432      2761255
323.750 -0.000974915         2910  0.000735229         6232 -0.004689282          937  0.000077481      2749556
326.250  0.004071705         2961 -0.000480608         6139  0.007750051          935 -0.000005728      2740802
328.750  0.003989822         2910 -0.001172427         5901  0.000252787          889  0.000070457      2726281
331.250 -0.000640390         2863 -0.002629274         6033 -0.005024273          865  0.000080360      2715402
333.750  0.001879065         2915  0.001726400         5633  0.000426745          935  0.000025303      2703070
336.250 -0.004086424         2888  0.000902202         5603  0.000935219          864  0.000228903      2694364
338.750  0.001138009         2782 -0.000130949         5383  0.000720400          841  0.000156801      2680576
341.250  0.006767727         2912 -0.002491073         5176 -0.000327811          751  0.000102918      2666283
343.750 -0.000098526         2819  0.000380592         5242  0.014857704          737  0.000109969      2652974
346.250  0.003326838         2693  0.002097995         5111  0.000028471          737  0.000142732      2635572
348.750 -0.002362737         2769  0.000389958         4891 -0.002267471          722  0.000027636      2618846
351.250 -0.002307391         2799  0.001420404         4741 -0.004057180          691  0.000102935      2605943
353.750 -0.002334836         2689  0.002915103         4632  0.000236282          670  0.000062420      2585921
356.250  0.000386519         2675  0.002220620         4472 -0.000756107          670  0.000211360      2574880
358.750  0.003324888         2724 -0.000085600         4433  0.002234001          604  0.000083434      2558916
361.250 -0.001655335         2619  0.001616758         4375  0.000541176          599  0.000149957      2538143
363.750  0.002940069         2658  0.001152642         4258 -0.000799567          605  0.000032781      2521276
366.250  0.000808792         2636 -0.001057197         4175 -0.001723916          520  0.000033481      2501571
368.750  0.000498290         2692 -0.000356070         3993 -0.001693433          586  0.000057574      2488436
371.250  0.002385083         2521 -0.000402357         3863  0.002684836          538  0.000036201      2464730
373.750  0.000447618         2613  0.002945903         3689 -0.000923301          568  0.000080752      2447268
376.250  0.001021701         2532 -0.000898546         3542  0.009029976          516  0.000097285      2430015
378.750  0.008482343         2563 -0.000436859         3646 -0.003045423          490  0.000093398      2410739
381.250 -0.000124369         2575  0.001825490         3512 -0.001150733          488  0.000082921      2388578
383.750  0.004490374         2489  0.003339622         3406 -0.006479957          446  0.000067725      2372757
386.250 -0.003139058         2464 -0.001643710         3356 -0.003263239          436  0.000010656      2354115
388.750 -0.001383008         2362 -0.000338090         3296 -0.002305005          448 -0.000021264      2334265
391.250  0.009684658         2486 -0.001234950         3095  0.007716489          424  0.000000936      2314112
393.750  0.001585114         2422  0.000892430         3087  0.003980674          406  0.000134249      2292599
396.250 -0.001478545         2434  0.000971429         2899  0.000215459          364  0.000030557      2274007
398.750  0.001397960         2294  0.001015386         2931  0.007176348          377  0.000132561      2251261
401.250  0.003578652         2413  0.000723310         2856 -0.009224594          377  0.000066966      2233646
403.750 -0.001884837         2264 -0.002097673         2693 -0.003643108          351  0.000117580      2212920
406.250  0.000738071         2387  0.000354649         2703  0.000445506          322  0.000094980      2191421
408.750  0.001250430         2266  0.001067233         2728  0.001188444          339  0.000045490      2168945
411.250 -0.003730155         2227 -0.002082405         2579  0.006056338          311 -0.000038049      2148197
413.750  0.000744027         2323  0.001513836         2451 -0.017198157          293 -0.000022077      2129319
416.250  0.000086487         2235  0.000017831         2491 -0.001541745          312  0.000119023      2108637
418.750  0.002672101         2182  0.002132554         2317 -0.016196721          279  0.000187100      2087077
421.250  0.003327850         2186  0.000133783         2276 -0.004471033          290 -0.000001501      2065639
423.750  0.000711506         2236  0.001200545         2189  0.002546422          289 -0.000037576      2045856
426.250  0.002596296         2113 -0.001344467         2186  0.005488430          285  0.000066584      2022749
428.750  0.004301885         2099  0.000129838         2206 -0.003321892          291 -0.000038412      2004603
431.250 -0.000269185         2158  0.006331091         2086  0.006089854          267  0.000059049      1984533
433.750 -0.001071770         2070 -0.000494355         2113 -0.002735393          257  0.000041174      1961652
436.250 -0.000226284         2082  0.003564397         1950 -0.006920295          222 -0.000092764      1941015
438.750  0.000708612         2006  0.007882963         1890  0.002927318          259  0.000151538      1920097
441.250  0.005423483         2037 -0.000552080         1895 -0.005250537          222 -0.000051953      1899626
443.750  0.000265776         1967  0.007454794         1820  0.002892016          227  0.000048863      1877504
446.250  0.001517002         1913  0.007667522         1760  0.007010813          232  0.000186648      1858879
448.750  0.002580187         1951 -0.000452103         1771  0.009530575          219  0.000115593      1835238
451.250  0.000271932         1931 -0.002382266         1730  0.016204021          198  0.000158432      1816310
453.750  0.003743659         1854  0.005762744         1642  0.009261468          209  0.000215618      1795218
456.250 -0.001791228         1862 -0.002558701         1579 -0.009446043          183 -0.000005858      1776991
458.750 -0.002842532         1868 -0.003675352         1542  0.002526643          170 -0.000051029      1757902
461.250 -0.003612697         1769 -0.002328104         1581 -0.010751657          193  0.000248256      1737019
463.750 -0.001915978         1830 -0.001598505         1486 -0.003961420          193  0.000138858      1716824
466.250  0.004112825         1846  0.000588285         1471 -0.003988878          175  0.000124014      1695187
468.750 -0.002184262         1776 -0.000128805         1431 -0.018314071          188  0.000183504      1674536
471.250  0.001127089         1714 -0.002594574         1394 -0.007798476          180 -0.000002402      1657693
473.750 -0.004262941         1713 -0.005043546         1395 -0.008406592          176 -0.000028408      1635382
476.250  0.003396389         1738 -0.003394449         1359  0.002008835          180  0.000164445      1615412
478.750 -0.008981575         1668  0.000439626         1216  0.004012312          177  0.000116764      1597020
481.250 -0.004907079         1681 -0.003027696         1206 -0.001445651          136  0.000197356      1577859
483.750  0.001187299         1653 -0.001040849         1246 -0.000061497          140  0.000048379      1557533
486.250  0.005181374         1652 -0.004015903         1217 -0.015236242          155  0.000044287      1541472
488.750 -0.002189190         1592 -0.002828063         1214  0.019576292          136  0.000149001      1519556
491.250 -0.004416660         1592 -0.002916870         1132 -0.000771163          123  0.000021843      1502730
493.750 -0.002420294         1578  0.006769793         1058 -0.009904686          129  0.000046825      1483557
496.250 -0.006724890         1530 -0.001863667         1050  0.007331678          118  0.000106920      1462349
498.750  0.005015769         1519  0.004588196         1098  0.004210304          117  0.000092204      1447214
