#   q     Cout       Nout      Cside       Nside       Clong        Nlong
  1.250  0.052918066        23046  0.090144431        21410  0.087126628        21972  0.555903888          767
  3.750  0.045809393        22504  0.053383915        21406  0.054640090        21751  0.198218704         5620
  6.250  0.040492578        21671  0.033186823        21838  0.032979851        21522  0.078449155        14565
  8.750  0.032363825        21122  0.023930200        21551  0.021384531        21566  0.042310181        28142
 11.250  0.026629086        20717  0.014481504        21640  0.016782580        21306  0.026537324        44783
 13.750  0.024326640        20248  0.010680082        21463  0.010590563        21191  0.017072020        65510
 16.250  0.021468915        19604  0.008317594        21618  0.007738000        20803  0.012513439        89736
 18.750  0.020556326        19027  0.006092296        21480  0.004606862        20748  0.009426523       116004
 21.250  0.019722283        18609  0.003759939        21546  0.004784206        20281  0.006426826       145502
 23.750  0.015307293        18298  0.002097110        21428  0.002022862        20220  0.004669020       176698
 26.250  0.015699533        17780  0.002440119        21437  0.003287172        19892  0.003851190       210613
 28.750  0.013201000        17323  0.003725403        21823  0.003174347        19659  0.003106295       245810
 31.250  0.014604275        16660  0.002521577        21168  0.002162719        19658  0.002407178       282498
 33.750  0.015014613        16262  0.002230376        21549  0.003327867        19134  0.002500670       320453
 36.250  0.011478744        16015  0.001690494        21471  0.002365409        19358  0.002132832       359974
 38.750  0.010130392        15838  0.000213390        21610  0.002646362        18812  0.001650833       400041
 41.250  0.011335451        15349  0.000794158        21729  0.000040241        18539  0.001306599       441371
 43.750  0.008031373        14980  0.000417317        21414  0.001964396        18275  0.001303386       481473
 46.250  0.008844000        14724  0.002180280        21586  0.001649811        18417  0.001147592       523683
 48.750  0.008213326        13873  0.001734160        21777 -0.000279612        17818  0.001284573       564129
 51.250  0.007611461        13860 -0.000076719        21676 -0.000559278        17786  0.000605552       608682
 53.750  0.008294928        13243  0.000774878        21334  0.001768154        17528  0.000797438       648809
 56.250  0.005595625        13070  0.001628601        21642 -0.000480638        17318  0.000530755       689140
 58.750  0.004682841        12958  0.001654346        21620 -0.000756995        16828  0.000549159       729968
 61.250  0.007468517        12522  0.000413492        21463  0.000802899        16668  0.000739670       771315
 63.750  0.007860872        12105  0.000763065        21894 -0.000171298        16467  0.000895265       812210
 66.250  0.006480693        11762 -0.000067394        21776  0.002305661        16310  0.000318037       850558
 68.750  0.006541907        11817 -0.000439511        21251 -0.000779728        16189  0.000467567       891073
 71.250  0.008934959        11238  0.000082905        21466  0.001249358        15773  0.000419391       927843
 73.750  0.005608837        11171 -0.000899810        21766  0.000926248        15633  0.000419636       965553
 76.250  0.007363946        10803  0.000885731        21467  0.000389259        15568  0.000469758      1003729
 78.750  0.004025468        10629 -0.002123403        21517 -0.000115024        15156  0.000404606      1038490
 81.250  0.005558502        10342  0.001340922        21967  0.000174029        15158  0.000175669      1072869
 83.750  0.003170476        10183  0.000588003        21716 -0.000888606        14664  0.000313497      1110032
 86.250  0.004038888         9976 -0.000127312        21584  0.001369077        14437  0.000400375      1143522
 88.750  0.003367800         9642  0.000482923        21668  0.001215140        14173  0.000427271      1177077
 91.250  0.004353128         9443 -0.000300721        21641  0.001932017        14298  0.000295777      1210714
 93.750  0.004447737         9011  0.001904599        21834 -0.000383438        13805  0.000443514      1243420
 96.250  0.004868864         8962 -0.000692813        21547 -0.000685921        13555  0.000096411      1273515
 98.750  0.003498891         8726  0.001985346        21500  0.001065876        13412  0.000169859      1303873
101.250  0.003419082         8509  0.000193256        21529 -0.000979368        12886  0.000298554      1333946
103.750  0.007324192         8473 -0.000270421        21685  0.002868708        12841  0.000494203      1361245
106.250  0.004527813         8250 -0.000008991        22048  0.000772290        12427  0.000391388      1391458
108.750  0.003454613         7933 -0.000625673        21622  0.001517037        12409  0.000283679      1419046
111.250  0.005176984         7788 -0.001172014        21960 -0.000219905        12358  0.000171144      1447109
113.750  0.005305363         7539 -0.001471471        21773 -0.001311868        11946  0.000131975      1472569
116.250  0.001699736         7462 -0.000117969        21908 -0.001768866        11742  0.000296951      1502271
118.750  0.002172272         7260  0.000799906        21811 -0.000209231        11464  0.000345676      1527397
121.250  0.002056442         7036 -0.000822938        21876  0.002821174        11338  0.000124072      1552775
123.750  0.000514155         6947  0.001258627        22061 -0.000781542        11040  0.000112527      1578396
126.250  0.002368120         6840  0.000319007        21735  0.000191948        10911  0.000207145      1601115
128.750  0.002757087         6617 -0.001229222        21959 -0.000743532        10527  0.000125239      1626992
131.250  0.004406951         6425  0.001137103        21983  0.000385524        10422  0.000108716      1649212
133.750 -0.000187776         6385  0.000428334        22046 -0.000128161        10086  0.000217689      1674093
136.250  0.006627054         6371  0.001060674        21818 -0.000283909         9856  0.000278957      1696431
138.750  0.001950520         5875 -0.000329935        21993 -0.000195202         9712  0.000156008      1719186
141.250  0.001842507         6043 -0.000418484        22227  0.000696291         9699  0.000215965      1743105
143.750  0.003241879         5676  0.000740364        22008  0.001114080         9314  0.000395241      1762815
146.250  0.004408799         5637  0.001064605        21962 -0.000567051         8944  0.000241896      1785245
148.750  0.003641817         5645 -0.001567873        21904 -0.002189039         8932  0.000070194      1808377
151.250  0.002659476         5459 -0.001380444        22119 -0.001194722         8757  0.000373131      1828662
153.750  0.001575085         5384  0.000172630        22249  0.000719843         8787  0.000230427      1853346
156.250 -0.000537244         5120 -0.000530052        21930  0.001777248         8330  0.000288592      1874082
158.750  0.002055748         5033 -0.000763318        21979 -0.002424192         8177  0.000237736      1892543
161.250  0.002482854         4904  0.002280224        22141  0.000119691         8003  0.000020087      1913110
163.750  0.002801598         4833  0.000545593        22107  0.001114559         7815  0.000139501      1936024
166.250  0.004148856         4813  0.000151768        22072  0.001293679         7608  0.000068846      1952117
168.750  0.004671319         4553  0.001905433        22174  0.001666579         7627  0.000193053      1973751
171.250  0.001650289         4477 -0.000546447        22297  0.000193337         7240  0.000175199      1997386
173.750  0.001228715         4471 -0.001423865        22440 -0.001594737         7024 -0.000000050      2017284
176.250  0.001243369         4280 -0.001128752        22384  0.000616855         6817  0.000352071      2039066
178.750  0.004561627         4251 -0.000680454        22605 -0.000076507         6414  0.000152212      2054996
181.250  0.002321476         4131 -0.000861151        22507 -0.000509651         6565  0.000193556      2080685
183.750  0.001089240         3957 -0.000486751        22543  0.001890209         6353  0.000237417      2102530
186.250 -0.003452743         3932 -0.000421915        22576  0.004451385         6113  0.000157208      2120355
188.750 -0.001905803         3794  0.000474103        22422 -0.000627343         5843  0.000237299      2139732
191.250  0.002226970         3726 -0.000249396        22597  0.001772576         5838  0.000106007      2160501
193.750 -0.002608023         3742  0.001670200        22739 -0.001172092         5580  0.000250547      2182729
196.250  0.002998379         3610  0.000985805        22999  0.001598728         5401  0.000142302      2207037
198.750  0.002420793         3663  0.001473322        22975 -0.003034825         5248  0.000165686      2228684
201.250 -0.001155535         3524  0.000955620        22888 -0.000379360         5071  0.000175987      2256389
203.750  0.002065046         3438  0.000314722        22400  0.000695312         4803  0.000043022      2281694
206.250  0.001504375         3329  0.000144040        21876 -0.003797690         4872  0.000076248      2311909
208.750  0.006712980         3349  0.001494495        21015  0.001901695         4561  0.000275567      2337031
211.250 -0.000968899         3276  0.000618798        20635 -0.001869953         4352  0.000328228      2364907
213.750 -0.000841977         3198 -0.001246498        19911  0.002558902         4361 -0.000015326      2392311
216.250 -0.000847728         3173 -0.001065895        19573  0.000515125         4167  0.000083215      2419685
218.750  0.000007127         3121 -0.002032953        18973  0.000917654         4053  0.000117511      2446261
221.250 -0.000707383         3075 -0.000576660        18605  0.001855230         3863  0.000114440      2470119
223.750  0.003672446         3131 -0.000222979        18009  0.000782677         3783  0.000077763      2497766
226.250  0.005139539         3045 -0.002063098        17408 -0.003093036         3674  0.000135832      2522322
228.750  0.000019080         3120 -0.000242830        17059  0.001374636         3491  0.000099560      2544845
231.250 -0.000360550         3081 -0.000173504        16779  0.000813599         3375  0.000051022      2570262
233.750  0.001061089         3108 -0.000547076        16463  0.000626656         3269  0.000230525      2589701
236.250  0.005321218         3021  0.001357192        15971 -0.000064644         3194  0.000150384      2611699
238.750  0.001102455         3087  0.000146283        15389 -0.004519816         3057  0.000230856      2632618
241.250  0.000264204         3006  0.003192646        15347  0.001496909         2847  0.000242249      2654120
243.750  0.006314143         3016 -0.000985328        14908 -0.002685174         2839  0.000067001      2670366
246.250  0.000586851         2990  0.000387326        14288 -0.002276207         2680  0.000015007      2687338
248.750  0.001418684         3095  0.000481561        14044  0.001381047         2582  0.000115017      2700082
251.250  0.002642346         2996  0.000487348        13766  0.001085329         2520  0.000037797      2719691
253.750  0.002545424         3049  0.000037676        13225 -0.004964263         2503  0.000142802      2733035
256.250  0.001655484         3109 -0.000121729        12932  0.001889972         2419  0.000055637      2744992
258.750  0.001388100         3112 -0.000566441        12788  0.000966460         2340  0.000092587      2757047
261.250 -0.001533644         3026  0.000886162        12136  0.001638670         2171  0.000096018      2767566
263.750  0.000255672         3091  0.000501725        12024  0.002737980         2216  0.000140533      2781353
266.250  0.000014967         3071 -0.000529922        11428 -0.001029139         2057  0.000028880      2788784
268.750 -0.000480811         3060  0.001002126        11475  0.006172007         2033  0.000118607      2798432
271.250 -0.001205081         3068  0.000209053        11009 -0.007896101         2021  0.000147536      2805614
273.750  0.002205355         3063 -0.000249639        10695  0.001431041         1895  0.000150907      2810247
276.250  0.002118437         3075 -0.000829866        10620 -0.003410961         1828  0.000170121      2817430
278.750 -0.000873693         2999  0.001655150        10096 -0.000340861         1705 -0.000050421      2819282
281.250 -0.000544203         3003  0.000189420         9938 -0.002376696         1697  0.000176595      2819331
283.750 -0.000089609         3011 -0.000589776         9770  0.005845575         1595  0.000023011      2826981
286.250 -0.002370399         3054  0.001477294         9429  0.001378754         1584  0.000098461      2828909
288.750 -0.000882470         3022  0.000252572         9216 -0.000462460         1608  0.000164146      2829177
291.250  0.002836792         2981 -0.001062518         8989 -0.001523641         1439  0.000249275      2827114
293.750  0.004874126         2992 -0.001544316         8647 -0.000604650         1514 -0.000028109      2823771
296.250  0.004404446         3003 -0.002421569         8449 -0.001450873         1446 -0.000022317      2826699
298.750  0.001216082         3133  0.002141155         8301 -0.001824887         1383  0.000199808      2823322
301.250 -0.001704453         3039 -0.000441245         7988 -0.004764217         1255  0.000069278      2816731
303.750 -0.000436760         2858  0.001787725         7789 -0.000287753         1278  0.000132761      2812248
306.250  0.001941569         3034  0.000557917         7698 -0.005290449         1159  0.000185993      2807799
308.750 -0.005714848         3016 -0.001626250         7358 -0.009246617         1121  0.000043094      2803900
311.250 -0.002234665         2900 -0.003022954         7110 -0.002907160         1151  0.000054914      2795446
313.750  0.003471444         2867  0.000121852         6999  0.001495730         1117  0.000066801      2785825
316.250  0.001605994         2906  0.000976942         6985 -0.003482322         1012  0.000094111      2777125
318.750 -0.005178738         2910  0.000713051         6760  0.001369016         1054  0.000191190      2770003
321.250 -0.001161135         3026  0.000399351         6386  0.005838065         1030  0.000093395      2761877
323.750 -0.002591484         2914 -0.000499449         6494 -0.004301470          950  0.000051641      2751858
326.250  0.001390650         2873  0.002547764         6101 -0.003101899          951 -0.000087655      2740387
328.750  0.005534658         2881 -0.000551187         6070 -0.000259032          890  0.000125206      2730738
331.250  0.003641105         2771  0.000565860         5796  0.001461467          893  0.000068921      2718871
333.750  0.006518023         2919 -0.000939279         5736  0.000801863          868  0.000128850      2703620
336.250 -0.000218956         2869  0.000670850         5791  0.003515499          789  0.000034159      2692326
338.750 -0.000163354         2843 -0.000096261         5399  0.002399748          815  0.000013920      2676761
341.250  0.005546358         2808 -0.001438445         5195 -0.000712487          792  0.000100493      2663597
343.750  0.000260919         2860  0.000992811         5112  0.001611802          747  0.000224965      2651120
346.250 -0.001169071         2775  0.000733899         5021 -0.003607998          739  0.000044493      2634388
348.750  0.001001539         2764 -0.000727069         4946 -0.007473438          693  0.000096151      2620672
351.250  0.004806133         2780  0.001232395         4600  0.001360762          704  0.000091540      2604762
353.750 -0.001737321         2764 -0.001709071         4615 -0.006682332          634  0.000007175      2587061
356.250 -0.000351306         2700  0.002894760         4526  0.001273395          618  0.000042872      2574588
358.750  0.005233800         2703  0.000415383         4402 -0.000234644          655  0.000003211      2553396
361.250 -0.000930563         2663 -0.001505293         4364  0.004608321          589  0.000055618      2539112
363.750 -0.000892876         2706 -0.001785114         4151  0.001236255          547  0.000032093      2520996
366.250 -0.002222721         2660  0.000827612         4068  0.002761119          540  0.000104852      2503185
368.750 -0.001931593         2651 -0.000637850         4000  0.006090988          532  0.000164243      2485739
371.250  0.004212343         2562 -0.000982219         3836  0.004247971          542  0.000092696      2468581
373.750  0.001378942         2634 -0.004320597         3861 -0.003316322          499 -0.000037946      2448862
376.250  0.001022099         2662 -0.001379603         3619  0.005314993          458  0.000012776      2427817
378.750  0.001247118         2504 -0.000901159         3491  0.008358252          499  0.000001340      2409630
381.250  0.002226211         2483 -0.003020058         3435  0.000825569          477  0.000057513      2392369
383.750  0.001921425         2448  0.001036648         3476  0.004605558          466  0.000139283      2372294
386.250 -0.000157032         2508  0.000035349         3274 -0.000136783          461  0.000040414      2352937
388.750 -0.000017072         2452 -0.000571428         3223  0.005980221          448  0.000041197      2332654
391.250 -0.001379584         2493  0.001665238         3208 -0.002184259          438  0.000051354      2311519
393.750 -0.000520971         2386 -0.000260183         2990  0.005710118          408 -0.000071276      2294451
396.250 -0.004140067         2378 -0.002697286         3029  0.001772111          406  0.000213614      2275356
398.750  0.003031233         2305  0.001292461         2923  0.000657088          350  0.000029788      2250278
401.250 -0.003783575         2363  0.002616820         2815 -0.003137534          342 -0.000002124      2234884
403.750  0.003180874         2347  0.000629288         2815 -0.000510276          390 -0.000138451      2208819
406.250  0.001860071         2244  0.000637726         2715  0.010206091          349  0.000067083      2192818
408.750 -0.000533342         2242 -0.000619256         2594 -0.005431800          378  0.000103958      2170856
411.250 -0.002998468         2284 -0.000124168         2623  0.010757379          353  0.000031365      2151254
413.750 -0.000989750         2302 -0.001345537         2487  0.002780763          321  0.000023009      2128866
416.250 -0.007548424         2186  0.001125885         2397 -0.007173053          294  0.000043923      2105835
418.750 -0.004185123         2225  0.000421904         2385  0.001895018          328  0.000059995      2088269
421.250  0.001173583         2200  0.000171930         2308  0.012795545          289 -0.000075817      2067770
423.750  0.001133324         2099  0.001250360         2191  0.004350293          234  0.000105171      2043413
426.250 -0.004011224         2057 -0.000706435         2230  0.005996761          263  0.000000798      2024148
428.750 -0.004331165         2111  0.001261629         2126 -0.001449082          292  0.000148017      2004201
431.250 -0.001195056         2067 -0.001432432         2003 -0.004311911          266  0.000026944      1982774
433.750  0.006450106         2063 -0.000683670         2068 -0.005545256          259 -0.000116257      1964156
436.250  0.003984143         2065  0.008629067         1942  0.012661443          220  0.000111527      1941661
438.750 -0.000873648         2094  0.000991978         1921  0.004921037          239  0.000054581      1922845
441.250  0.002842547         2007  0.002431578         1880 -0.011952669          238  0.000020826      1898934
443.750  0.002434517         2063 -0.002918456         1791  0.002440381          217  0.000071659      1878334
446.250  0.005481275         1976 -0.004348348         1851  0.006211321          222  0.000021406      1858029
448.750 -0.001500410         1953 -0.003064624         1763  0.004451429          212 -0.000191466      1838612
451.250 -0.004935319         1898  0.000456348         1792 -0.001597527          178 -0.000030247      1816798
453.750  0.001766391         1874  0.001589632         1704  0.007323500          203 -0.000024821      1796387
456.250  0.001008958         1887  0.000047257         1586 -0.004406500          198  0.000042581      1778188
458.750 -0.001476799         1824  0.001582937         1605  0.011337631          187  0.000121100      1754711
461.250 -0.002212398         1845  0.001028135         1530  0.001298493          190  0.000060017      1735332
463.750  0.000206147         1736  0.006398675         1553  0.003934867          174  0.000027578      1714940
466.250  0.000689888         1826 -0.002001346         1443 -0.014025080          151  0.000032472      1695488
468.750  0.004359388         1733  0.001778942         1414  0.007587772          169 -0.000013008      1676125
471.250  0.002635232         1684  0.003367409         1371 -0.002150246          167  0.000019283      1658038
473.750  0.000202944         1724  0.001273426         1343  0.010438331          146  0.000050223      1636913
476.250  0.002442633         1633  0.005338243         1351 -0.002059107          155 -0.000017035      1615422
478.750  0.003035153         1653 -0.002372726         1281  0.005218545          157  0.000206809      1598786
481.250 -0.001679465         1593 -0.000883764         1259  0.003600842          147  0.000000219      1575164
483.750 -0.000673044         1602 -0.008544691         1229  0.014342068          143  0.000054808      1559291
486.250  0.001497384         1629  0.000045705         1170 -0.012190739          146  0.000106845      1539753
488.750 -0.005030954         1575 -0.000756579         1167 -0.002825689          142  0.000129280      1518461
491.250  0.000809022         1545 -0.004630112         1140  0.004153477          114  0.000017664      1498905
493.750 -0.000118428         1661  0.003058425         1045 -0.000019654          120 -0.000093839      1482138
496.250  0.000571698         1546 -0.002460033         1073  0.008142383          103  0.000064838      1464796
498.750  0.001123619         1510  0.004751448         1080 -0.007217001          115 -0.000276403      1448264
