#   q     Cout       Nout      Cside       Nside       Clong        Nlong
  1.250  0.053008256        22843  0.090827774        21502  0.088333069        22161  0.600339635          779
  3.750  0.044929843        22411  0.053664362        21346  0.051385702        21696  0.190764058         5559
  6.250  0.038964706        21671  0.034606744        21513  0.033361480        21458  0.078571242        14723
  8.750  0.033244688        21312  0.022336799        21448  0.021980244        21453  0.042720725        27776
 11.250  0.026900642        20717  0.012714910        21389  0.016569522        21288  0.026177166        45036
 13.750  0.024333681        20087  0.010198439        21843  0.009732590        20985  0.017640088        65459
 16.250  0.022350108        19566  0.007313140        21697  0.008889246        21070  0.011656683        90104
 18.750  0.019016343        19210  0.003995290        21678  0.005899410        20524  0.007919359       116473
 21.250  0.019541521        18934  0.002866253        21560  0.003227224        20285  0.005716200       145291
 23.750  0.015484388        18087  0.002824168        21295  0.002841178        20076  0.004905327       177301
 26.250  0.014186395        18025  0.003597500        21554  0.002146796        20218  0.003334241       210865
 28.750  0.013760350        17213  0.000082138        21747  0.001536599        19779  0.002918652       246005
 31.250  0.011071054        16854  0.002922628        21375  0.002957916        19493  0.002581735       282916
 33.750  0.013590705        16338  0.001917752        21458  0.001442004        19254  0.002708868       320891
 36.250  0.010845374        16052  0.003102855        21334  0.001925343        19036  0.002267169       359195
 38.750  0.010520915        15738  0.001067870        21516  0.000326607        18831  0.001354998       399420
 41.250  0.008543313        15253  0.000628211        21581  0.003642106        18564  0.001545937       441675
 43.750  0.008730011        14621  0.001616699        21501  0.001455757        18430  0.001325464       481896
 46.250  0.007629450        14577  0.000086902        21777  0.000339104        18122  0.000816210       524872
 48.750  0.005398686        14167  0.001325367        21343  0.000120589        17883  0.001064558       565121
 51.250  0.006462093        13795  0.001636588        21776  0.000325036        17585  0.001025165       606141
 53.750  0.008256247        13540  0.000135452        21456  0.000718927        17527  0.000861030       648146
 56.250  0.009838525        13245  0.000603801        21641 -0.000355960        17309  0.000633833       689619
 58.750  0.007756720        12924  0.000099278        21560  0.000937234        17121  0.000624785       730928
 61.250  0.006014540        12520  0.000380666        21464 -0.001060432        16801  0.000722033       770762
 63.750  0.004566496        12087  0.000924078        21584  0.001927026        16468  0.000389091       811356
 66.250  0.003880589        11991  0.000104534        21676  0.000917589        16390  0.000424428       851342
 68.750  0.004046139        11559 -0.000125403        21787  0.001046136        16073  0.000497415       890506
 71.250  0.006061481        11190 -0.000149487        21528  0.000672699        15801  0.000540886       927331
 73.750  0.002641651        11087 -0.000090855        21537  0.000035211        15641  0.000440041       965375
 76.250  0.004145222        10925  0.001449158        21648  0.001856076        15495  0.000476723      1001744
 78.750  0.004831306        10382 -0.001044938        21620  0.001444703        15052  0.000528289      1039544
 81.250  0.003547935        10295 -0.001472365        21518  0.001404625        15046  0.000251942      1072410
 83.750  0.005369335        10016 -0.000436310        21699  0.000738597        14602  0.000365497      1111033
 86.250  0.002188538         9911 -0.000494194        21695  0.000396021        14602  0.000338983      1142321
 88.750  0.004134708         9596 -0.000035831        21728 -0.001206556        14293  0.000393729      1177200
 91.250  0.005019784         9440  0.000630096        21724  0.000307688        13974  0.000343194      1209471
 93.750  0.004129943         9023 -0.000685317        21656  0.000886271        13722  0.000177310      1241314
 96.250  0.003408640         8946  0.002610236        21547 -0.000356545        13800  0.000434147      1272347
 98.750  0.002905515         8753  0.000196238        21804 -0.001744061        13267  0.000235970      1303741
101.250  0.003234287         8500  0.000383164        21653  0.000276999        13055  0.000011756      1333949
103.750  0.001112131         8221  0.001645316        21615  0.000340872        12840  0.000162367      1361746
106.250  0.002983360         8062  0.001334427        21699 -0.000981078        12683  0.000266386      1393558
108.750  0.002688689         7854  0.000783579        21822 -0.000119774        12433  0.000242909      1419185
111.250  0.004757144         7884  0.000291194        21602  0.000393465        12256  0.000350397      1447242
113.750  0.003067112         7469 -0.000039684        21650  0.000977808        11983  0.000042835      1475240
116.250  0.002045888         7434  0.000332289        21614  0.000715283        11801  0.000383274      1499447
118.750  0.005365625         7079  0.000717672        21935  0.001539612        11786  0.000280149      1526704
121.250  0.002460637         7051  0.000470169        22055  0.000056143        11496  0.000153378      1554038
123.750  0.003887921         6976  0.000677291        21889  0.001842497        11031  0.000291877      1577763
126.250  0.003473138         6675 -0.000467651        21954 -0.002057187        11003  0.000181717      1603037
128.750  0.003186107         6560  0.000356968        22002 -0.000300840        10734  0.000303664      1627238
131.250  0.003928495         6538  0.000300153        22020 -0.001659633        10277  0.000180171      1648461
133.750  0.001338755         6319 -0.000672929        22054 -0.001647144        10237  0.000196259      1674292
136.250  0.002901828         6229 -0.001235593        22002  0.001113790         9923  0.000092492      1697170
138.750  0.000629731         6067  0.000420997        21822  0.001312968         9883  0.000078062      1719465
141.250  0.002321716         5901  0.000803345        21699  0.000020818         9804  0.000211745      1743587
143.750  0.004304919         5933  0.000426627        22031  0.001281242         9404  0.000391969      1763008
146.250  0.002818002         5629  0.000821124        21979 -0.001237009         9314  0.000214304      1786983
148.750  0.003116912         5640  0.001075838        21959  0.000566454         8884  0.000248496      1807591
151.250  0.005734733         5369 -0.000535029        21900 -0.000830209         8623  0.000313715      1830926
153.750  0.003512716         5346  0.000360537        21856  0.000690804         8347  0.000179872      1851300
156.250  0.003400568         5127 -0.000188347        22185  0.000929323         8415  0.000268741      1869179
158.750  0.000021944         5068  0.001245183        22233  0.000476699         8125  0.000098971      1892736
161.250  0.000968251         4952  0.001401220        22131  0.001291915         7929  0.000064630      1915778
163.750  0.002186838         4935  0.000111767        22024  0.001104566         7688  0.000275692      1933114
166.250  0.000082309         4822 -0.001331856        22274  0.000569375         7582  0.000052807      1954929
168.750  0.004058341         4475  0.001477712        22139  0.001879471         7389  0.000302488      1974314
171.250 -0.000930780         4449  0.000722301        22383  0.001210224         7197  0.000188010      1996031
173.750  0.001337872         4379  0.001166879        22165 -0.000947873         7050  0.000225732      2016951
176.250  0.002992030         4308 -0.000281639        22376  0.002296860         6904  0.000248253      2038811
178.750  0.003283354         4310 -0.000427971        22330 -0.002097450         6619  0.000167243      2058221
181.250  0.002954383         4013  0.000932113        22237 -0.003566872         6466  0.000049209      2078175
183.750  0.004741537         4095 -0.000139426        22287  0.002316799         6223  0.000259767      2098334
186.250  0.001415457         3955  0.000334757        22581  0.000276908         6061  0.000025443      2120354
188.750  0.004863794         3849 -0.000646363        22338 -0.001041239         5786  0.000203284      2139795
191.250  0.005080597         3735  0.000488652        22332 -0.000078869         5830  0.000129504      2160322
193.750  0.001554203         3712 -0.000775585        22615 -0.002165655         5670  0.000156190      2185971
196.250  0.000463638         3769 -0.000421302        22835  0.000020146         5475  0.000152158      2206835
198.750  0.002669569         3582  0.000736593        22959  0.001232772         5322  0.000141474      2231129
201.250  0.005534154         3431  0.000220678        22888 -0.001836163         5231  0.000015820      2259970
203.750 -0.000368595         3380  0.000146686        22281  0.003184710         4987  0.000170331      2283342
206.250 -0.000315582         3349 -0.000315640        21385  0.002318466         4648 -0.000050375      2308042
208.750  0.002327201         3294  0.001255118        21179 -0.001403924         4643  0.000140774      2337966
211.250  0.001302441         3276  0.000655034        20479  0.000120659         4387  0.000081092      2364044
213.750  0.001702516         3282 -0.001088901        20196 -0.000347869         4226  0.000067141      2391371
216.250  0.001029065         3180 -0.000263492        19461 -0.002677997         4211  0.000150392      2419967
218.750  0.000785257         3125  0.000481668        19034 -0.001589424         4007  0.000155799      2446595
221.250 -0.000960734         3099 -0.000976206        18482 -0.003661100         3824  0.000096649      2471516
223.750  0.003398427         3098  0.000989839        18232  0.001844233         3709  0.000146060      2497348
226.250  0.000626402         3119  0.001052011        17526 -0.002084331         3571  0.000071741      2520275
228.750  0.002054790         3119  0.000378014        17202 -0.001120439         3445  0.000241139      2543787
231.250 -0.002872778         3063  0.000093076        16760 -0.000113323         3404  0.000207691      2567323
233.750  0.000603855         3077  0.001668304        16348  0.002411030         3175  0.000145273      2589710
236.250  0.002219285         3011 -0.001543150        15890  0.000642808         3157  0.000091777      2613605
238.750 -0.003608662         3025  0.001207477        15513  0.005296703         2956  0.000179061      2633248
241.250 -0.000245914         3045 -0.000006559        15129 -0.001158336         2857  0.000141559      2652231
243.750 -0.004022204         2981  0.000981763        14699 -0.002234161         2793  0.000062127      2670761
246.250  0.000425466         2980 -0.001534967        14280  0.001266224         2743  0.000048835      2686855
248.750 -0.003227658         2999 -0.000849631        14149 -0.000911337         2625  0.000050989      2702832
251.250 -0.004567247         2982 -0.000674009        13578 -0.001802606         2585  0.000163569      2719486
253.750  0.000797809         2998  0.001246999        13148 -0.003357348         2540  0.000015458      2732091
256.250 -0.001266282         3051  0.000497644        13001 -0.003464075         2351  0.000116324      2743613
258.750  0.002955718         2975 -0.000230508        12778 -0.000875527         2256  0.000036412      2758575
261.250 -0.000181296         2955  0.001327195        12131  0.000406355         2304  0.000092264      2766545
263.750  0.004125765         3076 -0.001848730        12081  0.000479479         2144  0.000136716      2780309
266.250  0.001829659         3008 -0.000726822        11668  0.000807252         2118  0.000177572      2790541
268.750  0.000253135         3032  0.000140891        11238  0.005217641         2033 -0.000027290      2797502
271.250 -0.002796198         3030 -0.002805066        11079  0.004031461         1900 -0.000031951      2803162
273.750 -0.000887974         3015  0.001150472        10603 -0.000475620         1912 -0.000075106      2810166
276.250 -0.003212161         2999 -0.000243980        10429  0.006845752         1881  0.000104219      2815153
278.750  0.004019466         2925 -0.000854341        10074  0.000348873         1667  0.000118500      2819654
281.250  0.003452152         2983  0.001323807         9889 -0.001712737         1726  0.000133847      2823087
283.750  0.000484988         3060 -0.000055826         9546  0.000623457         1668  0.000138729      2823852
286.250  0.000432843         2995 -0.000937940         9478  0.002085998         1596  0.000035187      2828002
288.750  0.002412700         3045 -0.001803748         9143  0.001009734         1494  0.000201997      2823497
291.250  0.003361377         3035  0.000715832         9040 -0.001790817         1472 -0.000031288      2829263
293.750  0.000252313         2954  0.002352497         8673  0.001284791         1441  0.000069300      2824678
296.250 -0.005910479         3141  0.000719613         8627  0.008566871         1337  0.000030123      2822122
298.750  0.001279992         3058  0.002100960         8246  0.000241011         1412  0.000071938      2821230
301.250  0.004599350         2999 -0.000929370         8106  0.003923770         1246  0.000053947      2817030
303.750 -0.001828214         3070 -0.000472173         7866 -0.005668660         1209 -0.000013622      2816993
306.250 -0.002289769         3108  0.000918313         7625 -0.000409139         1249  0.000114059      2808210
308.750 -0.000901630         2984  0.000918903         7423  0.001205559         1205  0.000044956      2801025
311.250 -0.000803234         2978  0.000941480         7124  0.008843820         1132  0.000032537      2793948
313.750  0.000369668         2876 -0.000904422         7053 -0.001729045         1070  0.000077254      2789025
316.250  0.001909244         2905  0.000704926         6884  0.001430504         1062  0.000178741      2780485
318.750 -0.000037887         2904 -0.002117167         6527  0.001301816         1046 -0.000012803      2770963
321.250  0.001181293         2985 -0.000009502         6452  0.003394889          972  0.000168228      2758866
323.750  0.007060489         2852 -0.001919162         6332 -0.004654277          964  0.000131875      2750273
326.250 -0.001374744         2887  0.000626186         6154  0.001267612          962  0.000023174      2740453
328.750 -0.001915040         2977 -0.001935190         5846 -0.003940399          960  0.000078441      2729414
331.250  0.003926527         2832  0.001279023         5766 -0.003139535          897  0.000038924      2717859
333.750  0.004471978         2793  0.001087563         5746  0.002442694          870  0.000119900      2705463
336.250 -0.000237638         2867 -0.000678269         5659 -0.001777068          854  0.000086137      2691143
338.750  0.003289649         2899  0.001507717         5553  0.006569183          837  0.000098233      2679504
341.250  0.003270530         2921 -0.002635666         5257  0.001705045          759  0.000025120      2665110
343.750 -0.001863827         2758  0.000718604         5136  0.000629158          787  0.000096277      2648310
346.250  0.003697730         2751  0.001751031         5008  0.006115194          739 -0.000098000      2634326
348.750 -0.003118804         2729  0.000725080         4834  0.003141471          754  0.000148611      2620673
351.250 -0.002364434         2772  0.001948702         4662 -0.000509828          725  0.000058841      2604992
353.750  0.001455368         2768 -0.000402745         4724  0.002931999          694  0.000050036      2587255
356.250  0.002283477         2679 -0.000065089         4490  0.002254162          613  0.000115541      2572372
358.750  0.001518993         2635 -0.001265892         4347 -0.000160456          627  0.000009572      2555505
361.250 -0.003454748         2635  0.000322155         4276  0.006888661          572  0.000179174      2537776
363.750 -0.002883301         2592 -0.000920379         4231  0.006449095          559  0.000031947      2525426
366.250  0.005421774         2640  0.002651206         4073 -0.003493018          597  0.000199386      2505744
368.750  0.001239829         2594  0.001052183         3917 -0.003888822          527  0.000025218      2485924
371.250  0.000866362         2629  0.001428707         3863  0.003008779          571  0.000014191      2468118
373.750 -0.001207453         2584  0.004052925         3839  0.006516365          538  0.000007396      2450467
376.250 -0.002052792         2507  0.001626002         3738  0.000013593          486  0.000074224      2434782
378.750 -0.003814493         2497 -0.003428920         3596 -0.006596854          477  0.000081926      2409573
381.250 -0.002261002         2527 -0.005090838         3477  0.012584070          520  0.000096990      2392148
383.750 -0.002535590         2522  0.002328594         3444  0.002696325          478  0.000067296      2370601
386.250 -0.002789372         2495  0.000995594         3274 -0.004473770          459  0.000058084      2353209
388.750  0.001248352         2486  0.003196031         3202  0.001620774          444 -0.000070304      2333812
391.250 -0.000766136         2474  0.000819354         3173 -0.000079753          415  0.000139256      2310569
393.750 -0.000546607         2401 -0.000292470         3058 -0.001589461          425 -0.000014781      2292049
396.250 -0.000562946         2368  0.001103172         2973  0.004035116          394  0.000064738      2272658
398.750 -0.003091561         2335  0.002388438         2926 -0.000484633          388  0.000220339      2252912
401.250 -0.001671020         2248  0.005715782         2882 -0.008553934          345  0.000003573      2235227
403.750 -0.001181519         2289 -0.001677830         2810  0.008535164          391  0.000059139      2212386
406.250 -0.001033478         2354  0.004208995         2646  0.006430946          363  0.000022478      2191947
408.750  0.002112126         2338 -0.000645136         2556  0.003374985          335  0.000137052      2168625
411.250  0.006561170         2290 -0.000308797         2564 -0.001937594          333  0.000114262      2149878
413.750 -0.001467924         2246  0.000146898         2622 -0.001563867          350  0.000168109      2128955
416.250  0.000747886         2167  0.003721108         2485  0.005395304          332 -0.000124537      2109874
418.750  0.003818097         2148 -0.004245942         2413 -0.004116713          309 -0.000005617      2087047
421.250 -0.001408728         2131 -0.000340906         2280 -0.000024661          293 -0.000041326      2065300
423.750  0.000647085         2057  0.003027547         2257 -0.015306009          255  0.000167785      2048247
426.250 -0.003054247         2150 -0.003010225         2205 -0.000515592          261 -0.000190129      2022405
428.750  0.000439549         2124 -0.001159515         2116  0.002484888          284  0.000113615      2002928
431.250  0.006546967         2105  0.001423548         2001 -0.000466455          255 -0.000036847      1981597
433.750  0.000424922         2112  0.001106341         2066  0.002689126          227  0.000025395      1962186
436.250  0.001257935         2067  0.000886653         2063 -0.008762446          245  0.000043608      1939687
438.750  0.000077794         2111 -0.002566629         1970 -0.004901905          244  0.000013128      1920645
441.250 -0.000075311         2017 -0.000115231         1856 -0.006846932          229  0.000128399      1901749
443.750 -0.004134745         2040 -0.001159767         1835 -0.006810419          224 -0.000100179      1876622
446.250 -0.004369134         1986  0.003747499         1753  0.006203922          214  0.000117220      1858288
448.750  0.001662639         1885 -0.005980948         1737  0.013253498          196 -0.000166149      1837000
451.250 -0.003284967         1884  0.001011393         1647 -0.004212028          215  0.000001007      1817364
453.750 -0.007047628         1865 -0.002688369         1612 -0.015586445          198  0.000060738      1797603
456.250  0.001366473         1987 -0.002894884         1573  0.003128002          201  0.000044833      1773856
458.750  0.006564930         1847  0.000617389         1571  0.002914362          168  0.000060311      1755509
461.250 -0.001006528         1875  0.003255651         1614  0.002730369          191  0.000023783      1735511
463.750  0.002173549         1845  0.002015353         1448 -0.007852019          158 -0.000015163      1717441
466.250  0.004097888         1825  0.001946970         1441 -0.004377733          184  0.000051907      1698248
468.750 -0.001425449         1812 -0.000858263         1413  0.021303293          175  0.000158142      1674048
471.250  0.004116653         1705  0.001781989         1317 -0.015518959          179  0.000171792      1655975
473.750  0.003018010         1718  0.003780719         1414 -0.007961173          148  0.000095391      1635803
476.250 -0.002443592         1714  0.006934258         1288  0.012511425          158 -0.000221373      1614647
478.750  0.002958613         1718 -0.002193603         1196 -0.000371052          142 -0.000065643      1596421
481.250  0.002455689         1626  0.002526378         1264  0.011523947          145  0.000204979      1576101
483.750 -0.001136162         1696 -0.000694412         1245  0.014202768          122 -0.000008245      1558589
486.250  0.001787732         1622  0.005296536         1174 -0.004165013          136  0.000162891      1540306
488.750  0.000397638         1633 -0.002178051         1131 -0.006461509          146  0.000195913      1521658
491.250  0.002282673         1546 -0.004854677         1174  0.000584887          119 -0.000075360      1501566
493.750  0.001934559         1622  0.000350812         1085  0.013833901          129 -0.000046263      1482767
496.250  0.000264032         1570 -0.006062580         1080  0.009149781          134  0.000057448      1466376
498.750 -0.001844602         1509 -0.000626671         1033 -0.001998557          114  0.000055777      1444989
